Date,Open,High,Low,Close,Volume,Dividends,Stock Splits
1986-03-13,0.056237501864629044,0.06450779732945493,0.056237501864629044,0.061750609427690506,1031788800,0.0,0.0
1986-03-14,0.061750636702284686,0.06505913682168428,0.061750636702284686,0.0639558807015419,308160000,0.0,0.0
1986-03-17,0.06395585484810652,0.06561042129922333,0.06395585484810652,0.0650591105222702,133171200,0.0,0.0
1986-03-18,0.0650591193132166,0.06561043016466418,0.06285324178708315,0.06340455263853073,67766400,0.0,0.0
1986-03-19,0.06340453277106434,0.0639558434497617,0.06175060073497222,0.062301911413669586,47894400,0.0,0.0
1986-03-20,0.062301930549236745,0.062301930549236745,0.060096687157123414,0.06064799800515175,58435200,0.0,0.0
1986-03-21,0.06064799852854077,0.061750620234113,0.05789144426461019,0.05899406597018242,59990400,0.0,0.0
1986-03-24,0.05899408183964206,0.05899408183964206,0.05678883783528503,0.05734014883637428,65289600,0.0,0.0
1986-03-25,0.05734012749131824,0.058442749083042145,0.05678881669545628,0.058442749083042145,32083200,0.0,0.0
1986-03-26,0.058442730626300725,0.060647973113313075,0.05789142000454764,0.06009666249155998,22752000,0.0,0.0
1986-03-27,0.06009669674560142,0.06119931861758232,0.06009669674560142,0.06119931861758232,16848000,0.0,0.0
1986-03-31,0.06119930885318008,0.06119930885318008,0.05954537630909508,0.06064799800515175,12873600,0.0,0.0
1986-04-01,0.060647973113313075,0.060647973113313075,0.06009666249155998,0.06009666249155998,11088000,0.0,0.0
1986-04-02,0.060096687157123414,0.06175061970120841,0.060096687157123414,0.06064799800515175,27014400,0.0,0.0
1986-04-03,0.06119931861758232,0.06285325142555367,0.06119931861758232,0.06119931861758232,23040000,0.0,0.0
1986-04-04,0.06119931861758232,0.06175062955357277,0.06119931861758232,0.06119931861758232,26582400,0.0,0.0
1986-04-07,0.06119928373506616,0.06175059435681925,0.05899404124805381,0.06009666249155998,16560000,0.0,0.0
1986-04-08,0.060096687157123414,0.06175061970120841,0.060096687157123414,0.06064799800515175,10252800,0.0,0.0
1986-04-09,0.060647987915078215,0.062301920183996655,0.060647987915078215,0.061750609427690506,12153600,0.0,0.0
1986-04-10,0.06175060073497222,0.06285322209236696,0.060647979377577474,0.062301911413669586,13881600,0.0,0.0
1986-04-11,0.06285324178708315,0.06450780846176903,0.06285324178708315,0.06340455263853073,17222400,0.0,0.0
1986-04-14,0.0634045697017276,0.06450782582186998,0.0634045697017276,0.0639558807015419,12153600,0.0,0.0
1986-04-15,0.0639558807015419,0.0639558807015419,0.061750636702284686,0.0639558807015419,9302400,0.0,0.0
1986-04-16,0.06395586666104523,0.06671305517533349,0.06340455578226249,0.06616174429655075,31910400,0.0,0.0
1986-04-17,0.06616173178273163,0.06671304255723953,0.06616173178273163,0.06671304255723953,22003200,0.0,0.0
1986-04-18,0.06671306350255471,0.06671306350255471,0.06395587464411014,0.06450781971216202,21628800,0.0,0.0
1986-04-21,0.06450781971216202,0.06505913065976018,0.06285325274891379,0.06450781971216202,22924800,0.0,0.0
1986-04-22,0.06450780846176903,0.06450780846176903,0.06340455263853073,0.06340455263853073,15552000,0.0,0.0
1986-04-23,0.06340454872628062,0.06395585954371069,0.06285323790885057,0.06368020176887512,15609600,0.0,0.0
1986-04-24,0.06368020983801559,0.07112354330291654,0.06340455676049214,0.07002092152833939,62352000,0.0,0.0
1986-04-25,0.07057222769739814,0.07746424981423229,0.07057222769739814,0.07443203777074814,85795200,0.0,0.0
1986-04-28,0.07443205485677505,0.07553467681074356,0.07388010975930327,0.07498336583375931,28886400,0.0,0.0
1986-04-29,0.07498333464620884,0.07498333464620884,0.07222614678758732,0.07277745753526688,30326400,0.0,0.0
1986-04-30,0.07277744250049652,0.07332875313428323,0.06946957869777619,0.07112351059913635,30902400,0.0,0.0
1986-05-01,0.07112354330291654,0.07112354330291654,0.06891829975376224,0.07002092152833939,54345600,0.0,0.0
1986-05-02,0.07002092152833939,0.07112354330291654,0.06946961064105081,0.07002092152833939,20246400,0.0,0.0
1986-05-05,0.07002091172601865,0.07002091172601865,0.06946960091590881,0.06946960091590881,3254400,0.0,0.0
1986-05-06,0.07002092152833939,0.07112354330291654,0.07002092152833939,0.07002092152833939,9734400,0.0,0.0
1986-05-07,0.07002092152833939,0.07057223241562796,0.06891829975376224,0.07002092152833939,5155200,0.0,0.0
1986-05-08,0.07002092378513189,0.07057223469018936,0.06946961288007443,0.07057223469018936,3542400,0.0,0.0
1986-05-09,0.07057223241562796,0.07057223241562796,0.07002092152833939,0.07002092152833939,6076800,0.0,0.0
1986-05-12,0.07002092378513189,0.07222616740536177,0.07002092378513189,0.07057223469018936,10483200,0.0,0.0
1986-05-13,0.07057219996534964,0.07167482123292308,0.07057219996534964,0.07112351059913635,3830400,0.0,0.0
1986-05-14,0.07112354559524683,0.07112354559524683,0.07057223469018936,0.07057223469018936,9302400,0.0,0.0
1986-05-15,0.07057223469018936,0.0716748565003043,0.07057223469018936,0.07057223469018936,3801600,0.0,0.0
1986-05-16,0.07057219996534964,0.07277744250049652,0.07057219996534964,0.07112351059913635,11952000,0.0,0.0
1986-05-19,0.07112354330291654,0.07112354330291654,0.06946961064105081,0.07002092152833939,11001600,0.0,0.0
1986-05-20,0.07002091172601865,0.07002091172601865,0.06891829010579897,0.06946960091590881,61977600,0.0,0.0
1986-05-21,0.06946959613657087,0.07002090690875189,0.06836697459220886,0.06836697459220886,8092800,0.0,0.0
1986-05-22,0.06836697459220886,0.06891828536438988,0.06836697459220886,0.06836697459220886,4406400,0.0,0.0
1986-05-23,0.06836697459220886,0.06946959613657087,0.06836697459220886,0.06836697459220886,4089600,0.0,0.0
1986-05-27,0.06836699106995948,0.07057223469018936,0.06836699106995948,0.07057223469018936,13881600,0.0,0.0
1986-05-28,0.07057221454454868,0.07277745753526688,0.07057221454454868,0.07277745753526688,15523200,0.0,0.0
1986-05-29,0.07277747109911703,0.07553465947160759,0.0722261602486873,0.07443203777074814,45676800,0.0,0.0
1986-05-30,0.07498333813493537,0.07829120277491666,0.07498333813493537,0.07718858122825623,27072000,0.0,0.0
1986-06-02,0.07718860974169633,0.07718860974169633,0.07498336583375931,0.07498336583375931,19728000,0.0,0.0
1986-06-03,0.07498336583375931,0.07498336583375931,0.07388010975930327,0.07498336583375931,5011200,0.0,0.0
1986-06-04,0.07498334862117786,0.07553465947160759,0.07388009279997647,0.07443203777074814,4723200,0.0,0.0
1986-06-05,0.07443205700974706,0.07553467899560928,0.0738801118963101,0.07553467899560928,13708800,0.0,0.0
1986-06-06,0.07553467899560928,0.07553467899560928,0.07443205700974706,0.07553467899560928,3427200,0.0,0.0
1986-06-09,0.07553465066100387,0.07553465066100387,0.0722261518239975,0.0722261518239975,12672000,0.0,0.0
1986-06-10,0.0722261518239975,0.0722261518239975,0.07112353025175136,0.0722261518239975,3427200,0.0,0.0
1986-06-11,0.0722261518239975,0.0722261518239975,0.07112353025175136,0.0722261518239975,2304000,0.0,0.0
1986-06-12,0.07222615496645801,0.07222615496645801,0.06891829010579897,0.06946960091590881,13708800,0.0,0.0
1986-06-13,0.06946960091590881,0.07002091172601865,0.06891829010579897,0.06946960091590881,7891200,0.0,0.0
1986-06-16,0.06946962858608158,0.07002093961578193,0.06836700652668087,0.06891831755638123,9590400,0.0,0.0
1986-06-17,0.06946961064105081,0.07112354330291654,0.06946961064105081,0.07002092152833939,13075200,0.0,0.0
1986-06-18,0.07002091172601865,0.07002091172601865,0.06836697929568913,0.06946960091590881,4348800,0.0,0.0
1986-06-19,0.06946962858608158,0.07002093961578193,0.06836700652668087,0.06891831755638123,8467200,0.0,0.0
1986-06-20,0.0689183088406151,0.06946961980059382,0.0689183088406151,0.06919396668672562,3801600,0.0,0.0
1986-06-23,0.06919395756352736,0.07002092152833939,0.06781567797918509,0.07002092152833939,46195200,0.0,0.0
1986-06-24,0.07002091172601865,0.07057222253612849,0.06891829010579897,0.06946960091590881,14572800,0.0,0.0
1986-06-25,0.06946959613657087,0.07002090690875189,0.06836697459220886,0.06836697459220886,15235200,0.0,0.0
1986-06-26,0.06836698781168171,0.06891829869046445,0.06616174429655075,0.06616174429655075,19152000,0.0,0.0
1986-06-27,0.06616174199429938,0.06671305285389798,0.06505912027510218,0.06561043113470078,10396800,0.0,0.0
1986-06-30,0.06561043283594488,0.06946960895320148,0.06505912196205108,0.06781567633152008,62352000,0.0,0.0
1986-07-01,0.06781567633152008,0.06781567633152008,0.06726436545762628,0.06781567633152008,47577600,0.0,0.0
1986-07-02,0.06781567633152008,0.06781567633152008,0.06726436545762628,0.06781567633152008,52617600,0.0,0.0
1986-07-03,0.06836700652668087,0.06946962858608158,0.06836700652668087,0.06891831755638123,14140800,0.0,0.0
1986-07-07,0.06891829869046445,0.06891829869046445,0.06616174429655075,0.06616174429655075,14054400,0.0,0.0
1986-07-08,0.06616175255495653,0.06616175255495653,0.06395587464411014,0.06450781971216202,14256000,0.0,0.0
1986-07-09,0.06450779732945493,0.06450779732945493,0.061199298671384364,0.061750609427690506,46137600,0.0,0.0
1986-07-10,0.06175059435681925,0.06230190497857233,0.05734010938279455,0.06009666249155998,46886400,0.0,0.0
1986-07-11,0.06009667715877207,0.0628532309403028,0.06009667715877207,0.061750609427690506,17395200,0.0,0.0
1986-07-14,0.06009670533123026,0.06230194939024107,0.06009670533123026,0.06092366948723793,28598400,0.0,0.0
1986-07-15,0.060923640927111014,0.0628532309403028,0.06009667715877207,0.061750609427690506,13190400,0.0,0.0
1986-07-16,0.06230194770209899,0.0639558807015419,0.06230194770209899,0.0639558807015419,9360000,0.0,0.0
1986-07-17,0.06395585484810652,0.0650591105222702,0.06340454407115341,0.0650591105222702,6940800,0.0,0.0
1986-07-18,0.06505912027510218,0.06616174199429938,0.06340455357595388,0.06561043113470078,12326400,0.0,0.0
1986-07-21,0.06561043113470078,0.06671305285389798,0.06561043113470078,0.06561043113470078,3513600,0.0,0.0
1986-07-22,0.06561043283594488,0.06781567633152008,0.06561043283594488,0.06781567633152008,10512000,0.0,0.0
1986-07-23,0.06781567693289897,0.06891829869046445,0.06616174429655075,0.06616174429655075,20793600,0.0,0.0
1986-07-24,0.06726435304784684,0.06946959613657087,0.06726435304784684,0.06836697459220886,14140800,0.0,0.0
1986-07-25,0.06836700652668087,0.06946962858608158,0.06836700652668087,0.06891831755638123,20448000,0.0,0.0
1986-07-28,0.06891831100265301,0.06891831100265301,0.0672643780708313,0.0672643780708313,11808000,0.0,0.0
1986-07-29,0.06726436371349657,0.06781567457309517,0.06450780941550358,0.06561043113470078,14054400,0.0,0.0
1986-07-30,0.06561043016466418,0.06561043016466418,0.061199309232740404,0.06340455263853073,26409600,0.0,0.0
1986-07-31,0.06340458788752593,0.06395589904546813,0.06285327672958374,0.06285327672958374,15638400,0.0,0.0
1986-08-01,0.06285322209236696,0.06340453277106434,0.06175060073497222,0.062301911413669586,12902400,0.0,0.0
1986-08-04,0.062301911413669586,0.062301911413669586,0.060647979377577474,0.062301911413669586,12441600,0.0,0.0
1986-08-05,0.062301920183996655,0.0628532309403028,0.061750609427690506,0.061750609427690506,2822400,0.0,0.0
1986-08-06,0.06175062955357277,0.06230194048956322,0.06009669674560142,0.06119931861758232,18316800,0.0,0.0
1986-08-07,0.06119930885318008,0.06175061970120841,0.060096687157123414,0.06064799800515175,3657600,0.0,0.0
1986-08-08,0.06064800768159187,0.06230194048956322,0.06064800768159187,0.06119931861758232,4147200,0.0,0.0
1986-08-11,0.06230193093563557,0.06395586348997832,0.06230193093563557,0.06340455263853073,7948800,0.0,0.0
1986-08-12,0.06340454407115341,0.0650591105222702,0.06340454407115341,0.0650591105222702,9993600,0.0,0.0
1986-08-13,0.06505912027510218,0.06561043113470078,0.06450780941550358,0.06561043113470078,6883200,0.0,0.0
1986-08-14,0.06561044513900958,0.06781568904810521,0.06561044513900958,0.0672643780708313,20131200,0.0,0.0
1986-08-15,0.06726436938202533,0.06781568028808421,0.06671305847596644,0.06754002720117569,6105600,0.0,0.0
1986-08-18,0.06754001108512175,0.06781566410625536,0.06671304255723953,0.06671304255723953,12787200,0.0,0.0
1986-08-19,0.06671304255723953,0.06698870031061384,0.06561042100822372,0.06671304255723953,20390400,0.0,0.0
1986-08-20,0.06671305517533349,0.06671305517533349,0.06616174429655075,0.06616174429655075,20764800,0.0,0.0
1986-08-21,0.06616174429655075,0.06726436605411623,0.06616174429655075,0.06616174429655075,49536000,0.0,0.0
1986-08-22,0.06616173207617644,0.06671304285312957,0.06395585484810652,0.0650591105222702,5760000,0.0,0.0
1986-08-25,0.0650591105222702,0.0650591105222702,0.06395585484810652,0.0650591105222702,2419200,0.0,0.0
1986-08-26,0.06505913065976018,0.06505913065976018,0.06450781971216202,0.06450781971216202,10857600,0.0,0.0
1986-08-27,0.06450781971216202,0.06505913065976018,0.06395587464411014,0.06450781971216202,9532800,0.0,0.0
1986-08-28,0.06450781971216202,0.06505913065976018,0.06450781971216202,0.06450781971216202,3427200,0.0,0.0
1986-08-29,0.06450784432410597,0.06505915548204816,0.061750654413699355,0.06285327672958374,25430400,0.0,0.0
1986-09-02,0.06285325142555367,0.06285325142555367,0.0603723498474756,0.06119931861758232,5212800,0.0,0.0
1986-09-03,0.06064800088036234,0.06064800088036234,0.05789144650953748,0.059545379132032394,18316800,0.0,0.0
1986-09-04,0.060648008958521106,0.06450781971216202,0.060648008958521106,0.06450781971216202,39427200,0.0,0.0
1986-09-05,0.06450782318446178,0.0672643780708313,0.06395587808670003,0.0672643780708313,26352000,0.0,0.0
1986-09-08,0.06726435333174745,0.06781566410625536,0.06671304255723953,0.06671304255723953,9619200,0.0,0.0
1986-09-09,0.06671305458373247,0.06946960895320148,0.06671305458373247,0.06781567633152008,37526400,0.0,0.0
1986-09-10,0.06781566410625536,0.06836697488076326,0.06671304255723953,0.06671304255723953,10886400,0.0,0.0
1986-09-11,0.0667130698211272,0.06726438082094151,0.0639558807015419,0.0639558807015419,35654400,0.0,0.0
1986-09-12,0.0639558434497617,0.0645077882486035,0.062301911413669586,0.062301911413669586,24451200,0.0,0.0
1986-09-15,0.06230193093563557,0.06340455263853073,0.061199309232740404,0.06340455263853073,22492800,0.0,0.0
1986-09-16,0.06340455263853073,0.06395586348997832,0.06230193093563557,0.06340455263853073,5184000,0.0,0.0
1986-09-17,0.06340454407115341,0.06616173207617644,0.06285323329420028,0.0650591105222702,8035200,0.0,0.0
1986-09-18,0.06505912027510218,0.06671305285389798,0.06505912027510218,0.06561043113470078,5356800,0.0,0.0
1986-09-19,0.06561043113470078,0.06616174199429938,0.06505912027510218,0.06561043113470078,2505600,0.0,0.0
1986-09-22,0.06561042129922333,0.06561042129922333,0.0650591105222702,0.0650591105222702,4492800,0.0,0.0
1986-09-23,0.06505912253898527,0.06671305517533349,0.06505912253898527,0.06616174429655075,5961600,0.0,0.0
1986-09-24,0.0661617610671892,0.0661617610671892,0.06505913903013183,0.06533479690551758,4780800,0.0,0.0
1986-09-25,0.06533479468771276,0.0656104478214986,0.0639558807015419,0.0639558807015419,5155200,0.0,0.0
1986-09-26,0.0639558807015419,0.06450782582186998,0.0634045697017276,0.0639558807015419,2332800,0.0,0.0
1986-09-29,0.0639558434497617,0.0639558434497617,0.062301911413669586,0.062301911413669586,6192000,0.0,0.0
1986-09-30,0.062301911413669586,0.06340453277106434,0.062301911413669586,0.062301911413669586,5184000,0.0,0.0
1986-10-01,0.062301920183996655,0.06340454169660895,0.060647987915078215,0.061750609427690506,32428800,0.0,0.0
1986-10-02,0.061750609427690506,0.0628532309403028,0.061199298671384364,0.061750609427690506,22723200,0.0,0.0
1986-10-03,0.06175060073497222,0.06285322209236696,0.06175060073497222,0.062301911413669586,14716800,0.0,0.0
1986-10-06,0.06395587808670003,0.06836700002537911,0.06395587808670003,0.0672643780708313,85334400,0.0,0.0
1986-10-07,0.06726437380301921,0.07002092851448993,0.06726437380301921,0.06864265352487564,59788800,0.0,0.0
1986-10-08,0.06864264888860913,0.07139919868165465,0.06781568016490203,0.07057223469018936,119606400,0.0,0.0
1986-10-09,0.07057221454454868,0.07443202389852929,0.07057221454454868,0.07277745753526688,92563200,0.0,0.0
1986-10-10,0.07277747060524867,0.07773990234578304,0.07167484891187162,0.07608596980571747,76752000,0.0,0.0
1986-10-13,0.07608595614156793,0.07608595614156793,0.07277745753526688,0.07277745753526688,27129600,0.0,0.0
1986-10-14,0.07332875828529187,0.0744320137504567,0.07332875828529187,0.07388006895780563,12873600,0.0,0.0
1986-10-15,0.07388008246802168,0.07773989200158644,0.07388008246802168,0.07718858122825623,63532800,0.0,0.0
1986-10-16,0.07718858122825623,0.07773989200158644,0.07663727045492602,0.07718858122825623,21859200,0.0,0.0
1986-10-17,0.0771885832733279,0.07994513248077162,0.0771885832733279,0.07939382642507553,124444800,0.0,0.0
1986-10-20,0.07939379648622008,0.08104772349410548,0.07773986474609566,0.07994510233402252,43545600,0.0,0.0
1986-10-21,0.08049645423590827,0.08325300365686417,0.08049645423590827,0.08325300365686417,112377600,0.0,0.0
1986-10-22,0.08325300365686417,0.08407997226894388,0.08270169755846594,0.08325300365686417,54576000,0.0,0.0
1986-10-23,0.08325300365686417,0.08380431921974478,0.08242604450926683,0.08325300365686417,70444800,0.0,0.0
1986-10-24,0.08325303404756434,0.08325303404756434,0.08049648362035686,0.08270172774791718,101376000,0.0,0.0
1986-10-27,0.08325300272105106,0.08545888960361481,0.08325300272105106,0.08545888960361481,125654400,0.0,0.0
1986-10-28,0.08545887540125659,0.08876673979817877,0.08545887540125659,0.08738845586776733,142646400,0.0,0.0
1986-10-29,0.08738845751905394,0.08766411998903355,0.08380430593390918,0.08490756154060364,53222400,0.0,0.0
1986-10-30,0.08490759324886812,0.08766415272671971,0.08435628703198844,0.08656153082847595,44380800,0.0,0.0
1986-10-31,0.08656151125249952,0.08766413290138422,0.08490757404693132,0.08545888960361481,63734400,0.0,0.0
1986-11-03,0.08601019993535003,0.08766413722244255,0.08601019993535003,0.08711282163858414,42192000,0.0,0.0
1986-11-04,0.08711279192479587,0.09042065590620041,0.08711279192479587,0.09042065590620041,54403200,0.0,0.0
1986-11-05,0.09042069974665431,0.09648575883890514,0.08986938408354188,0.0959344431757927,45100800,0.0,0.0
1986-11-06,0.09593441548337332,0.10034490165720591,0.09538310944388492,0.09813965857028961,72576000,0.0,0.0
1986-11-07,0.09813959895899345,0.09869091412808705,0.09593435721157029,0.09758829325437546,44323200,0.0,0.0
1986-11-10,0.09758835674932763,0.09758835674932763,0.09317722680007896,0.09372854232788086,28684800,0.0,0.0
1986-11-11,0.09428048133850098,0.09538310280521661,0.09428048133850098,0.09428048133850098,11894400,0.0,0.0
1986-11-12,0.09428048133850098,0.09648572427193226,0.09317721628709733,0.09428048133850098,34156800,0.0,0.0
1986-11-13,0.09428049833625289,0.09483180443676488,0.0926259269854305,0.09290158003568649,30211200,0.0,0.0
1986-11-14,0.0929015737684189,0.09372854232788086,0.09097198361783493,0.09372854232788086,18720000,0.0,0.0
1986-11-17,0.09372853175269551,0.09538310280521661,0.09262591028597986,0.09428048133850098,24307200,0.0,0.0
1986-11-18,0.09428049558748341,0.09483180167192194,0.08931805938482285,0.08931805938482285,59673600,0.0,0.0
1986-11-19,0.08931805139982509,0.0931772220393329,0.08931805139982509,0.09262591600418091,48729600,0.0,0.0
1986-11-20,0.0926259208650039,0.09979359060525894,0.0926259208650039,0.09979359060525894,98179200,0.0,0.0
1986-11-21,0.10034485468508776,0.1042046671328786,0.10034485468508776,0.10310140252113342,91065600,0.0,0.0
1986-11-24,0.10310144794839414,0.11192305417372286,0.0997935834089836,0.11137174814939499,173836800,0.0,0.0
1986-11-25,0.11137180455558018,0.11302573293070564,0.11082048878754776,0.11247442662715912,95788800,0.0,0.0
1986-11-26,0.11247436966253184,0.11302567568685971,0.11137174814939499,0.11137174814939499,38793600,0.0,0.0
1986-11-28,0.11137179100571644,0.1119230972421892,0.10861524089438311,0.10971785336732864,41328000,0.0,0.0
1986-12-01,0.10971784996304253,0.11026916564689401,0.10696129993723844,0.10751261562108994,40291200,0.0,0.0
1986-12-02,0.10806390643119813,0.1102691499231808,0.10806390643119813,0.10806390643119812,28771200,0.0,0.0
1986-12-03,0.10806388283169838,0.10916650433689404,0.10696126132650272,0.10723691433668137,35164800,0.0,0.0
1986-12-04,0.10723692798716654,0.10971782432353668,0.10640996885136467,0.1086152121424675,42508800,0.0,0.0
1986-12-05,0.10861522203643535,0.10916652817718947,0.10806390643119813,0.10806390643119812,107510400,0.0,0.0
1986-12-08,0.10806390933368541,0.10916653110929204,0.10530735962691047,0.10696128755807877,22665600,0.0,0.0
1986-12-09,0.10696125804794578,0.1075125735158853,0.10585863657654747,0.106409952044487,16099200,0.0,0.0
1986-12-10,0.1064099553061454,0.10751257681134106,0.10530733380094974,0.10723691433668137,27590400,0.0,0.0
1986-12-11,0.10723693775558385,0.10861522203643535,0.10696128468520678,0.10806390643119812,11635200,0.0,0.0
1986-12-12,0.10806384627580796,0.10806384627580796,0.1042046770453453,0.1042046770453453,25286400,0.0,0.0
1986-12-15,0.10420473829536281,0.1047560444532738,0.09979360758927032,0.10144754499197006,50774400,0.0,0.0
1986-12-16,0.10199885566885009,0.10420474291206173,0.10199885566885009,0.10255017131567001,77299200,0.0,0.0
1986-12-17,0.10255016101975464,0.10420473245002933,0.10255016101975464,0.10365278273820877,23356800,0.0,0.0
1986-12-18,0.10365278300290764,0.10475603884453123,0.10310146741003125,0.10448038578033447,12672000,0.0,0.0
1986-12-19,0.10475604400686547,0.10806390933368541,0.10475604400686547,0.10696128755807877,56592000,0.0,0.0
1986-12-22,0.10696128468520678,0.10916652817718947,0.10696128468520678,0.10806390643119812,18316800,0.0,0.0
1986-12-23,0.10806388883668916,0.10916651040315628,0.10806388883668916,0.10916651040315628,23788800,0.0,0.0
1986-12-24,0.10916652924705161,0.10916652924705161,0.10861522310089454,0.10889087617397308,7027200,0.0,0.0
1986-12-26,0.10889086518773479,0.10971782432353668,0.1086152121424675,0.1086152121424675,3715200,0.0,0.0
1986-12-29,0.1086151615741471,0.10971777324186971,0.1042046770453453,0.1042046770453453,41702400,0.0,0.0
1986-12-30,0.10420477065331778,0.10585869910511658,0.10310150494555223,0.10530739277601242,25401600,0.0,0.0
1986-12-31,0.10530733057308869,0.10806387951934408,0.10530733057308869,0.106409952044487,23356800,0.0,0.0
1987-01-02,0.10641001489870708,0.10751263702140172,0.10475607698242193,0.10530739277601242,12643200,0.0,0.0
1987-01-05,0.10530733455938292,0.11247436966253184,0.10475601907057394,0.11137174814939499,48499200,0.0,0.0
1987-01-06,0.11137175258108671,0.11357699569511118,0.11082043707033987,0.11302568018436432,40032000,0.0,0.0
1987-01-07,0.1130256997956393,0.11909075826406479,0.1130256997956393,0.11909075826406479,60998400,0.0,0.0
1987-01-08,0.11964207734374105,0.12405320839892033,0.11964207734374105,0.12294994294643402,61488000,0.0,0.0
1987-01-09,0.12294994972167603,0.12846370294825882,0.12239864348975583,0.12791238725185394,63705600,0.0,0.0
1987-01-12,0.1279123500160913,0.13728527253107675,0.1268097284087435,0.13618265092372894,128793600,0.0,0.0
1987-01-13,0.13508001052825155,0.13508001052825155,0.13011757513287697,0.13232281804084778,76320000,0.0,0.0
1987-01-14,0.13232281804084778,0.13287412403560017,0.12956625967364396,0.13232281804084778,69465600,0.0,0.0
1987-01-15,0.13232283057470692,0.14279836476778957,0.13232283057470692,0.1394905000925064,117014400,0.0,0.0
1987-01-16,0.13949050628129045,0.13949050628129045,0.13342545805283032,0.13618265092372894,65433600,0.0,0.0
1987-01-19,0.13618267596710334,0.14114446938037872,0.1334254825891694,0.14114446938037872,88243200,0.0,0.0
1987-01-20,0.1411444489248243,0.14665819129671703,0.14059313336742518,0.14334969222545624,95760000,0.0,0.0
1987-01-21,0.1433497277863648,0.1532739592214353,0.1405931682445113,0.1494147777557373,108489600,0.0,0.0
1987-01-22,0.1494147311178568,0.16485270147385664,0.14500425426363697,0.16430139541625977,116035200,0.0,0.0
1987-01-23,0.16430138971026054,0.1709171189585561,0.14886341989040375,0.14886341989040375,317894400,0.0,0.0
1987-01-26,0.14996605793778106,0.15327392292600858,0.145004265187681,0.15161998569965363,116553600,0.0,0.0
1987-01-27,0.15161998351726652,0.15989027525687324,0.15161998351726652,0.1576850414276123,114105600,0.0,0.0
1987-01-28,0.15768503904212577,0.1604415978498442,0.1532739184010607,0.15823635458946228,76723200,0.0,0.0
1987-01-29,0.1582363592609111,0.15989027755830126,0.1483121301759085,0.15161998569965363,79228800,0.0,0.0
1987-01-30,0.15162001915317042,0.16154425042786033,0.1494147753411193,0.16126860678195953,104169600,0.0,0.0
1987-02-02,0.16126855307946378,0.1643013893331949,0.16099289059638977,0.16099289059638977,46915200,0.0,0.0
1987-02-03,0.1609929039326986,0.16264684111022606,0.15547979578174387,0.15823635458946228,59328000,0.0,0.0
1987-02-04,0.15823634679445497,0.15933895890584715,0.15658240969840342,0.15878765285015106,31737600,0.0,0.0
1987-02-05,0.15878766307448391,0.15989027525687324,0.15603111368954606,0.1576850414276123,42652800,0.0,0.0
1987-02-06,0.15768505300714786,0.1585120216691502,0.15106868851973745,0.1518956571817398,45619200,0.0,0.0
1987-02-09,0.15161998100455212,0.15161998100455212,0.1496904002528664,0.15051735937595367,136080000,0.0,0.0
1987-02-10,0.15051735699996616,0.15106867253780365,0.14720950163086893,0.15106867253780365,44668800,0.0,0.0
1987-02-11,0.1516199812235332,0.15823635458946228,0.1516199812235332,0.15823635458946228,60307200,0.0,0.0
1987-02-12,0.15823635779092307,0.17009016757724343,0.15823635779092307,0.16926319897174835,185731200,0.0,0.0
1987-02-13,0.16926320765539674,0.17146845107353023,0.1637501085745458,0.1676092892885208,81763200,0.0,0.0
1987-02-17,0.16760927366807302,0.16926319188081104,0.1637500933137567,0.16871188580989838,70732800,0.0,0.0
1987-02-18,0.1687118894643365,0.17146843880757281,0.15768503904212577,0.15823635458946228,128592000,0.0,0.0
1987-02-19,0.15768504369729863,0.15768504369729863,0.14996605793778106,0.15161998569965363,317750400,0.0,0.0
1987-02-20,0.15161997384667958,0.15161997384667958,0.14776080306101477,0.1499660462141037,87897600,0.0,0.0
1987-02-23,0.14996603878641457,0.16154419415470497,0.1466581742206169,0.15933895111083984,125913600,0.0,0.0
1987-02-24,0.15933893264291554,0.16760924141581368,0.15933893264291554,0.16705791652202606,120816000,0.0,0.0
1987-02-25,0.1670579446332074,0.1700901563434351,0.16319813971631214,0.16430139541625977,65001600,0.0,0.0
1987-02-26,0.16430140164508472,0.17532826144463137,0.16099290266035796,0.1703658252954483,145209600,0.0,0.0
1987-02-27,0.17036583008873,0.17146844227674704,0.16650664957274114,0.16926319897174835,37555200,0.0,0.0
1987-03-02,0.16926318779255814,0.16926318779255814,0.16319813971631214,0.16430139541625977,79516800,0.0,0.0
1987-03-03,0.16430139541625977,0.16595533251801367,0.16209550867215508,0.16430139541625977,81100800,0.0,0.0
1987-03-04,0.1643013602005845,0.17643082909750563,0.1637500542611523,0.17587952315807343,98179200,0.0,0.0
1987-03-05,0.17587958391690808,0.1880090570040407,0.17587958391690808,0.1841498762369156,128188800,0.0,0.0
1987-03-06,0.18414983929202275,0.1852524702595438,0.17918740367587385,0.18359853327274323,63561600,0.0,0.0
1987-03-09,0.18359860284167984,0.18414990906985956,0.17918747157335052,0.1802901029586792,38275200,0.0,0.0
1987-03-10,0.18029014521138428,0.18800913458677954,0.17973881992502702,0.18580389022827148,74102400,0.0,0.0
1987-03-11,0.188560351729393,0.18966296392247423,0.18635510841426586,0.188560351729393,43862400,0.0,0.0
1987-03-12,0.18856039736620905,0.19076564121506598,0.18414990966849515,0.18938736617565155,71337600,0.0,0.0
1987-03-13,0.18938729737870227,0.19076557191744384,0.17863610103441935,0.18249528110027313,105120000,0.0,0.0
1987-03-16,0.18194393092755418,0.18194393092755418,0.17587952758329758,0.1813926249742508,88473600,0.0,0.0
1987-03-17,0.181392687267328,0.18856036749327643,0.1808413811246975,0.18745775520801544,54547200,0.0,0.0
1987-03-18,0.1885604273875067,0.1990359667256489,0.1885604273875067,0.19738204777240753,119347200,0.0,0.0
1987-03-19,0.19738191542696615,0.20124107599258423,0.19407404188048255,0.20124107599258423,62812800,0.0,0.0
1987-03-20,0.2012411111553246,0.2012411111553246,0.197933255959821,0.1990358680486679,38246400,0.0,0.0
1987-03-23,0.1990358896716392,0.2017924391221869,0.19572803411677497,0.19765761494636536,67478400,0.0,0.0
1987-03-24,0.19297082011734562,0.2001384990664777,0.19297082011734562,0.1990358680486679,69609600,0.0,0.0
1987-03-25,0.19903594164861388,0.20013857307415714,0.19683069772649728,0.1982089728116989,33840000,0.0,0.0
1987-03-26,0.19820887490449643,0.19848453735695856,0.19627929452414308,0.1968306005001068,33379200,0.0,0.0
1987-03-27,0.19793331900625474,0.20675491889854494,0.19793331900625474,0.20234380662441254,120873600,0.0,0.0
1987-03-30,0.20234386110579414,0.21337135136127472,0.19517682152879404,0.21337135136127472,186134400,0.0,0.0
1987-03-31,0.21061415700484615,0.21833314653543062,0.21061415700484615,0.21337135136127472,125337600,0.0,0.0
1987-04-01,0.213371212680623,0.21778169861971539,0.1995871616838027,0.20068979263305664,259430400,0.0,0.0
1987-04-02,0.20399833006199325,0.2139225594353802,0.20399833006199325,0.2095114290714264,159955200,0.0,0.0
1987-04-03,0.2095114921284796,0.22108966226098545,0.2095114921284796,0.21998704969882965,155606400,0.0,0.0
1987-04-06,0.21998699498738397,0.2205383011313503,0.2150252018337541,0.21888436377048492,98956800,0.0,0.0
1987-04-07,0.21888433830201634,0.21888433830201634,0.20730619132518768,0.20730619132518768,73728000,0.0,0.0
1987-04-08,0.20730629986506688,0.2155765957641189,0.20730629986506688,0.21337135136127472,106214400,0.0,0.0
1987-04-09,0.21337125332022994,0.21337125332022994,0.20785751072597566,0.2095114290714264,71568000,0.0,0.0
1987-04-10,0.20951141836516005,0.2111653555550581,0.20896011227818215,0.21088971197605133,43372800,0.0,0.0
1987-04-13,0.21061407271733498,0.21061407271733498,0.20289508627588004,0.20399834215641022,50256000,0.0,0.0
1987-04-14,0.20399831698834736,0.2106140467330639,0.20068981799569127,0.20730619132518768,87379200,0.0,0.0
1987-04-15,0.20896005855783187,0.21392249350758577,0.20896005855783187,0.21171660721302032,95961600,0.0,0.0
1987-04-16,0.2117166630079033,0.2216408919381762,0.21116535691736868,0.217230424284935,188092800,0.0,0.0
1987-04-20,0.21723049757545673,0.21943572268160708,0.2106141218850835,0.2111654281616211,100310400,0.0,0.0
1987-04-21,0.21116533003754634,0.21612776566339675,0.2067548440167637,0.21447382867336273,113184000,0.0,0.0
1987-04-22,0.21447385597433308,0.21778173037546958,0.21447385597433308,0.217230424284935,74678400,0.0,0.0
1987-04-23,0.217230424284935,0.21943564864707335,0.2139225498837985,0.217230424284935,48326400,0.0,0.0
1987-04-24,0.217230408704327,0.21943563290829812,0.21447384059143687,0.21833302080631256,54172800,0.0,0.0
1987-04-27,0.21833302080631256,0.21998695788825404,0.21447384059143687,0.21833302080631256,53107200,0.0,0.0
1987-04-28,0.21833303242134788,0.23487363450330423,0.21612778917109754,0.23432230949401855,111081600,0.0,0.0
1987-04-29,0.2343223252582196,0.2403867493366375,0.2277059704065323,0.2277059704065323,85161600,0.0,0.0
1987-04-30,0.22770591741891305,0.2343222707309618,0.22439804362626467,0.22935983538627625,88041600,0.0,0.0
1987-05-01,0.22935988933302864,0.23211645778491657,0.2266033398101062,0.23156513273715973,37843200,0.0,0.0
1987-05-04,0.23156513347361332,0.2376302011713294,0.23046252123252386,0.23597626388072968,34531200,0.0,0.0
1987-05-05,0.23652755613618243,0.25527340173721313,0.23652755613618243,0.25527340173721313,110995200,0.0,0.0
1987-05-06,0.25527333731502067,0.25747858004036794,0.24810565960525469,0.2492082715034485,153504000,0.0,0.0
1987-05-07,0.2492082518968798,0.261337720052146,0.24755433417971176,0.26078641414642334,289699200,0.0,0.0
1987-05-08,0.2613377870096492,0.2828408239564921,0.2613377870096492,0.2789810001850128,150048000,0.0,0.0
1987-05-11,0.278981005036143,0.278981005036143,0.27098637630886724,0.2712620198726654,127382400,0.0,0.0
1987-05-12,0.2712619410807878,0.27401913307643655,0.2580298613372325,0.2618890404701233,148464000,0.0,0.0
1987-05-13,0.2635436620031621,0.26960808503733974,0.2635436620031621,0.2685054540634155,73382400,0.0,0.0
1987-05-14,0.2685054044943962,0.27567308183501754,0.2685054044943962,0.27071064710617065,59961600,0.0,0.0
1987-05-15,0.2701594790681092,0.2701594790681092,0.2629924416542053,0.2629924416542053,84326400,0.0,0.0
1987-05-18,0.26299236145507754,0.26299236145507754,0.24700308572709978,0.2541707456111908,172598400,0.0,0.0
1987-05-19,0.2541708590360347,0.2541708590360347,0.245349258184433,0.24534925818443298,78336000,0.0,0.0
1987-05-20,0.24424655884485363,0.24424655884485363,0.23652757269751265,0.24148936569690704,228355200,0.0,0.0
1987-05-21,0.24204055942273078,0.24865691079744914,0.24204055942273078,0.24590036273002625,93312000,0.0,0.0
1987-05-22,0.24590046407184568,0.24700309511061033,0.23763017287669458,0.23873278498649597,64627200,0.0,0.0
1987-05-26,0.23873281613379524,0.24259199687953123,0.23818151000696602,0.24148936569690704,46886400,0.0,0.0
1987-05-27,0.24148936569690707,0.24700312733693117,0.2403867534432486,0.24148936569690704,48758400,0.0,0.0
1987-05-28,0.24148936211393354,0.25692735310852804,0.24093805599528406,0.2563760280609131,108662400,0.0,0.0
1987-05-29,0.2563759886759809,0.2607864748055611,0.25361943957723393,0.2541707456111908,80380800,0.0,0.0
1987-06-01,0.2541707064878672,0.2541707064878672,0.24920827150344851,0.2492082715034485,30326400,0.0,0.0
1987-06-02,0.24920837675290386,0.2530682014692684,0.24479790836847315,0.24810576438903809,51552000,0.0,0.0
1987-06-03,0.2492082895496406,0.2530681129153711,0.2492082895496406,0.24975961446762085,21628800,0.0,0.0
1987-06-04,0.2497597018638044,0.2497597018638044,0.2464518269142718,0.24810576438903809,20390400,0.0,0.0
1987-06-05,0.24810577837965367,0.24920839080569546,0.23597630346341528,0.24093809723854065,59270400,0.0,0.0
1987-06-08,0.2409380328970384,0.24259197002339272,0.23707887150749654,0.24204066395759583,111571200,0.0,0.0
1987-06-09,0.24204058656373859,0.2425918924532523,0.239284019258255,0.24038664996623993,25833600,0.0,0.0
1987-06-10,0.2403868666064222,0.24148947937914045,0.22329559254132925,0.22825738787651062,176256000,0.0,0.0
1987-06-11,0.2321165001302831,0.23321975615395993,0.21447390609384392,0.21502523124217987,268704000,0.0,0.0
1987-06-12,0.21502520754839163,0.22384680645805513,0.21447388246080662,0.21667912602424622,196156800,0.0,0.0
1987-06-15,0.21667912602424622,0.21998700083388906,0.21226801424146197,0.21667912602424622,125222400,0.0,0.0
1987-06-16,0.21667901239463808,0.22384668906961366,0.21612770652513266,0.22108949720859528,73526400,0.0,0.0
1987-06-17,0.2221923282927693,0.22935999250398,0.2221923282927693,0.2288086861371994,71078400,0.0,0.0
1987-06-18,0.2282572348680678,0.2315650898978315,0.22494937983830404,0.23128944635391235,56188800,0.0,0.0
1987-06-19,0.23211645860580987,0.23432232667360203,0.2293598901441732,0.23046252131462097,40809600,0.0,0.0
1987-06-22,0.2315652369000764,0.2315652369000764,0.22715476703685758,0.2288086861371994,87436800,0.0,0.0
1987-06-23,0.2288085875285444,0.2288085875285444,0.22164090747738405,0.22660334408283234,100771200,0.0,0.0
1987-06-24,0.22770603747341192,0.23377108799404403,0.22770603747341192,0.23101389408111572,82684800,0.0,0.0
1987-06-25,0.23046252131462097,0.23156513355610323,0.22825727790269093,0.23046252131462097,44035200,0.0,0.0
1987-06-26,0.23101389408111572,0.2321165255696643,0.22880865003298953,0.23101389408111572,21945600,0.0,0.0
1987-06-29,0.23101383533310982,0.23101383533310982,0.22605204221887812,0.2299112230539322,25632000,0.0,0.0
1987-06-30,0.23046261009453645,0.23101391642765445,0.22439818364331993,0.22494950890541077,38332800,0.0,0.0
1987-07-01,0.22439804927950707,0.22770592315549046,0.223846743276497,0.22605198621749878,21945600,0.0,0.0
1987-07-02,0.22660329109704447,0.22660329109704447,0.21778169472104478,0.22053824365139008,56880000,0.0,0.0
1987-07-06,0.219987025074421,0.22274357510022508,0.21392259987447687,0.21502523124217987,65491200,0.0,0.0
1987-07-07,0.21447383803577896,0.21447383803577896,0.19738194991539756,0.1990358680486679,197078400,0.0,0.0
1987-07-08,0.20068987390084536,0.2089601677736114,0.19517677370897413,0.20565231144428253,193449600,0.0,0.0
1987-07-09,0.20675494009137863,0.21612786609341067,0.20565232753830345,0.2111654281616211,92707200,0.0,0.0
1987-07-10,0.210062769513391,0.21502520635624753,0.2073062198066161,0.21392257511615753,75830400,0.0,0.0
1987-07-13,0.21392257061685507,0.2194356699144513,0.21171668352716855,0.21888436377048492,48326400,0.0,0.0
1987-07-14,0.2205382910606445,0.23211645778491657,0.21943565989409622,0.23156513273715973,152812800,0.0,0.0
1987-07-15,0.23156512265985657,0.23321970345801718,0.22550071775913239,0.22550071775913239,96768000,0.0,0.0
1987-07-16,0.22605212157164678,0.2271547531668556,0.2205383767974455,0.22494950890541077,72979200,0.0,0.0
1987-07-17,0.22494941166433283,0.22935987935169377,0.22439808664056868,0.22550071775913239,51264000,0.0,0.0
1987-07-20,0.22494946947125619,0.22494946947125619,0.2188844004981845,0.2194357067346573,42019200,0.0,0.0
1987-07-21,0.2194356699144513,0.22274354463618207,0.21723044533858585,0.21888436377048492,36547200,0.0,0.0
1987-07-22,0.21888430672159834,0.22164085565194364,0.217230388720768,0.22053824365139008,53366400,0.0,0.0
1987-07-23,0.22053826217540118,0.22053826217540118,0.20730617882784166,0.21557646989822388,148492800,0.0,0.0
1987-07-24,0.21612779317490133,0.21943564864707335,0.21557648708436675,0.217230424284935,57744000,0.0,0.0
1987-07-27,0.21723049936446912,0.21998704969882965,0.21392262382005967,0.21998704969882965,41817600,0.0,0.0
1987-07-28,0.22108964437304507,0.22439814430581392,0.2188844004981845,0.2194357067346573,38160000,0.0,0.0
1987-07-29,0.2194356699144513,0.21998699498738397,0.21557650797772046,0.21888436377048492,27676800,0.0,0.0
1987-07-30,0.21888436837414574,0.21888436837414574,0.21171668798007595,0.21392257511615753,55555200,0.0,0.0
1987-07-31,0.21281928998130273,0.21281928998130273,0.2028950612439301,0.20730619132518768,186624000,0.0,0.0
1987-08-03,0.20730624404754136,0.20840885648759636,0.20124117525538862,0.20234380662441254,116352000,0.0,0.0
1987-08-04,0.20234373759179977,0.20675484836101532,0.20234373759179977,0.20675484836101532,135072000,0.0,0.0
1987-08-05,0.20730616896608306,0.21723039663307345,0.2067548440167637,0.21447382867336273,211190400,0.0,0.0
1987-08-06,0.2150251551713132,0.22412241440880587,0.2150251551713132,0.22274349629878998,152553600,0.0,0.0
1987-08-07,0.2227436425698324,0.23046263235092174,0.22219233618347328,0.22825738787651062,171014400,0.0,0.0
1987-08-10,0.22880869426286973,0.22936000064922887,0.2260521434020995,0.22825738787651062,56448000,0.0,0.0
1987-08-11,0.229359892291706,0.2304625234724779,0.2227435373381038,0.22384679317474365,68544000,0.0,0.0
1987-08-12,0.22384674216669917,0.22439804816697595,0.22053824365139008,0.22053824365139008,42364800,0.0,0.0
1987-08-13,0.22053826920208175,0.23046249765737822,0.22053826920208175,0.22715464234352112,80640000,0.0,0.0
1987-08-14,0.22715477510379237,0.22880869426286973,0.2260521434020995,0.22825738787651062,50832000,0.0,0.0
1987-08-17,0.22825728570619958,0.2299112230539322,0.22715467342702192,0.2299112230539322,33667200,0.0,0.0
1987-08-18,0.22825722915850055,0.22935984116452068,0.223846743276497,0.22605198621749878,46944000,0.0,0.0
1987-08-19,0.22605198621749878,0.22660329222050885,0.22164085675080503,0.22605198621749878,48902400,0.0,0.0
1987-08-20,0.22605206565147834,0.2332197465808843,0.22605206565147834,0.2321164906024933,82051200,0.0,0.0
1987-08-21,0.23156513347361332,0.2387328134124189,0.23156513347361332,0.23597626388072968,68976000,0.0,0.0
1987-08-24,0.23597628823146294,0.24755445618732527,0.23266778865299276,0.24645182490348816,97747200,0.0,0.0
1987-08-25,0.24865696053882122,0.2574785748469014,0.24590041191997794,0.25306808948516846,185961600,0.0,0.0
1987-08-26,0.25306815142764594,0.26023518716246874,0.25196489569703856,0.25472208857536316,114105600,0.0,0.0
1987-08-27,0.2547220956489856,0.2563760139136682,0.25196490269409383,0.25527340173721313,72432000,0.0,0.0
1987-08-28,0.2558247692505911,0.2674029381129728,0.2558247692505911,0.2651976943016052,114796800,0.0,0.0
1987-08-31,0.2640949076403891,0.265197538362197,0.2574785554408075,0.2618890404701233,84326400,0.0,0.0
1987-09-01,0.26023521698454627,0.26188915432179916,0.24920835603295832,0.2503109872341156,93859200,0.0,0.0
1987-09-02,0.24810577828532268,0.2541708280691193,0.2475544720725114,0.253619521856308,78393600,0.0,0.0
1987-09-03,0.2563759886759809,0.2596838627376473,0.2508622468937606,0.2541707456111908,70934400,0.0,0.0
1987-09-04,0.25417069213321236,0.254722016980132,0.2464517089102901,0.24700303375720978,48355200,0.0,0.0
1987-09-08,0.24645166855771974,0.24700299331436867,0.23873268659865893,0.24590036273002625,96336000,0.0,0.0
1987-09-09,0.24700309975047294,0.25141356720149083,0.24590046869099574,0.2486570179462433,60710400,0.0,0.0
1987-09-10,0.24975969017192448,0.2552734331759755,0.2492083650868329,0.2525162398815155,58176000,0.0,0.0
1987-09-11,0.252516222716576,0.25692735310852804,0.2514135915503115,0.2563760280609131,41040000,0.0,0.0
1987-09-14,0.25692739198850084,0.26464637918940415,0.25692739198850084,0.2629924416542053,94464000,0.0,0.0
1987-09-15,0.2635438011352052,0.2635438011352052,0.25637611868733534,0.2599596381187439,39052800,0.0,0.0
1987-09-16,0.26023526409774994,0.26464639542788726,0.2574787139892578,0.2574787139892578,57715200,0.0,0.0
1987-09-17,0.25803001836035805,0.2591326308241984,0.25086233697353,0.2558247745037079,69436800,0.0,0.0
1987-09-18,0.2558247656365218,0.2558247656365218,0.25141363449115905,0.253619521856308,31651200,0.0,0.0
1987-09-21,0.23597626388072968,0.2525162235846578,0.2337710204695852,0.23597626388072968,85550400,0.0,2.0
1987-09-22,0.2359762791101337,0.25472212701985064,0.23377103555666753,0.2525162398815155,82008000,0.0,0.0
1987-09-23,0.2547221920283468,0.2663003435626032,0.2547221920283468,0.2657490372657776,107697600,0.0,0.0
1987-09-24,0.2646463829978894,0.2789810826879399,0.2646463829978894,0.2701594829559326,118440000,0.0,0.0
1987-09-25,0.27126201169537806,0.286700000485913,0.27015939961549745,0.27346789836883545,82454400,0.0,0.0
1987-09-28,0.27346796427983794,0.2878026819317369,0.27236470834931825,0.28228893876075745,95544000,0.0,0.0
1987-09-29,0.2844949119480388,0.287802768913625,0.28063508612896104,0.2833922803401947,57412800,0.0,0.0
1987-09-30,0.2822890275930203,0.29386782375147413,0.2822890275930203,0.2922132611274719,85680000,0.0,0.0
1987-10-01,0.2922131164545795,0.3032406008070907,0.29111048537890444,0.3021373450756073,127224000,0.0,0.0
1987-10-02,0.30434310736833203,0.3208830588896073,0.303240476743771,0.3197804093360901,131644800,0.0,0.0
1987-10-05,0.3241917969414572,0.34845075011253357,0.3241917969414572,0.34845075011253357,184320000,0.0,0.0
1987-10-06,0.3484507049564363,0.34955331739133466,0.3236404676406227,0.3252944052219391,203040000,0.0,0.0
1987-10-07,0.3263969109329181,0.33191000916269736,0.31537005195966683,0.32198578119277954,125640000,0.0,0.0
1987-10-08,0.3230890476999413,0.32749953400343657,0.3065484652857755,0.3175753057003021,96940800,0.0,0.0
1987-10-09,0.31867793351034224,0.331910036657417,0.31647270917892456,0.31647270917892456,93888000,0.0,0.0
1987-10-12,0.31757532614896783,0.32198581273645416,0.30434324173068006,0.3153700828552246,117187200,0.0,0.0
1987-10-13,0.31867796246357744,0.3263969676254837,0.31316486327621657,0.3230890929698944,96811200,0.0,0.0
1987-10-14,0.32308914588202653,0.3297048584187248,0.3120616585316554,0.3142675459384918,114220800,0.0,0.0
1987-10-15,0.31095898151397705,0.3208832303052385,0.3087537380157714,0.31095898151397705,128822400,0.0,0.0
1987-10-16,0.3109589395598609,0.3286021534058496,0.2833921407753051,0.28559738397598267,210240000,0.0,0.0
1987-10-19,0.271262023574638,0.2800836399005887,0.19848456908235101,0.19958718121051788,146880000,0.0,0.0
1987-10-20,0.20289501171758637,0.22935981713284775,0.18966291187330755,0.21171660721302032,324000000,0.0,0.0
1987-10-21,0.22825722336587398,0.26685151979929184,0.22053823914804782,0.24975961446762085,262080000,0.0,0.0
1987-10-22,0.2503109651653079,0.2558247074829194,0.2249494086815743,0.23487363755702972,223200000,0.0,0.0
1987-10-23,0.23156500630992455,0.23377089209453647,0.20951131606855222,0.2128191888332367,112766400,0.0,0.0
1987-10-26,0.20510096711876327,0.2117166785487261,0.16430141729279324,0.17312239110469818,148320000,0.0,0.0
1987-10-27,0.17973871002710906,0.18966293769302647,0.17312235634090203,0.18194395303726196,234720000,0.0,0.0
1987-10-28,0.17643085497636074,0.18745771361183566,0.16981448236119165,0.18194395303726196,149760000,0.0,0.0
1987-10-29,0.1819439930362367,0.21502520087105656,0.1819439930362367,0.21061407029628754,167040000,0.0,0.0
1987-10-30,0.2194357067346573,0.23046256969392284,0.21392260651199063,0.2194357067346573,168480000,0.0,0.0
1987-11-02,0.2172304027588958,0.22494938763316755,0.21392252868554687,0.22164086997509003,84772800,0.0,0.0
1987-11-03,0.21723036703697954,0.2205382216374138,0.19297078540270132,0.21171660721302032,116150400,0.0,0.0
1987-11-04,0.20730624379919185,0.22384683112390194,0.202895112601375,0.21502523124217987,95342400,0.0,0.0
1987-11-05,0.21612776721996893,0.2260519949584345,0.2150251551713132,0.22274349629878998,81432000,0.0,0.0
1987-11-06,0.22164090183437968,0.22274353299364552,0.2073062046108254,0.2095114290714264,75355200,0.0,0.0
1987-11-09,0.2062035602365862,0.2095114156444624,0.20068981799569127,0.20730619132518768,86587200,0.0,0.0
1987-11-10,0.2051009480769488,0.21392254572571998,0.20068981799569127,0.20730619132518768,91166400,0.0,0.0
1987-11-11,0.20951143880159723,0.2172304440728707,0.208408826520089,0.21612781286239624,54619200,0.0,0.0
1987-11-12,0.22384674216669917,0.22935984002738974,0.21612775779125307,0.22053824365139008,99172800,0.0,0.0
1987-11-13,0.22053817065371595,0.22164078228930736,0.2128191888332367,0.2128191888332367,58492800,0.0,0.0
1987-11-16,0.21502520087105656,0.21943566893200747,0.20951143908432515,0.21061407029628754,59472000,0.0,0.0
1987-11-17,0.2062036097049713,0.20951146590640446,0.19958723478820212,0.2062036097049713,69321600,0.0,0.0
1987-11-18,0.20951136450307767,0.21171660721302032,0.19848452629770102,0.21171660721302032,89308800,0.0,0.0
1987-11-19,0.21281931623764322,0.2139225721181734,0.20289508627588004,0.20399834215641022,75024000,0.0,0.0
1987-11-20,0.2006898308573053,0.21061406023069223,0.19738197523743845,0.2095114290714264,82468800,0.0,0.0
1987-11-23,0.20840882680132897,0.21502520087105656,0.2073062145183328,0.21061407029628754,44640000,0.0,0.0
1987-11-24,0.2139225594353802,0.2161278028249465,0.2006898308573053,0.2095114290714264,72230400,0.0,0.0
1987-11-25,0.20951144532167656,0.21061407656646533,0.20289508998394012,0.20289508998394012,32155200,0.0,0.0
1987-11-27,0.20289505545294562,0.20399831116587397,0.19848456908235101,0.19958718121051788,18316800,0.0,0.0
1987-11-30,0.1951768035724467,0.19848466040790178,0.17863619436711162,0.19738204777240753,164160000,0.0,0.0
1987-12-01,0.19627938675049092,0.2017924869585052,0.18966301155853107,0.1929708868265152,73540800,0.0,0.0
1987-12-02,0.19186814846661376,0.19738190811479775,0.18856029397163182,0.19407403469085693,68515200,0.0,0.0
1987-12-03,0.19517666422449206,0.1973819068500021,0.1775334549801743,0.17808476090431213,127670400,0.0,0.0
1987-12-04,0.1775335022929372,0.1869064058726378,0.1764308712218511,0.18525248765945435,121752000,0.0,0.0
1987-12-07,0.18966294357074215,0.19297081765296462,0.18635508841748233,0.19076557457447052,66211200,0.0,0.0
1987-12-08,0.19076560148391833,0.20951142907142642,0.1896629703246525,0.2095114290714264,112521600,0.0,0.0
1987-12-09,0.20840882919702672,0.21281931623764322,0.20289508627588004,0.20399834215641022,83793600,0.0,0.0
1987-12-10,0.2006898308573053,0.21833304621451285,0.19517673184787213,0.2095114290714264,165600000,0.0,0.0
1987-12-11,0.21061399532252875,0.21392249350758577,0.2062035099026434,0.21171660721302032,72475200,0.0,0.0
1987-12-14,0.21171667659037974,0.22494942435551554,0.21061406433857355,0.22384679317474365,95112000,0.0,0.0
1987-12-15,0.22605198621749878,0.22880853516151062,0.2205382447447849,0.22605198621749878,112219200,0.0,0.0
1987-12-16,0.22274359849345834,0.24148943159335182,0.22164096700995356,0.2392841875553131,105537600,0.0,0.0
1987-12-17,0.2414893053764186,0.2414893053764186,0.22825722340803412,0.22935983538627625,94017600,0.0,0.0
1987-12-18,0.2315650782717215,0.2370788385344891,0.22935983538627625,0.22935983538627625,52488000,0.0,0.0
1987-12-21,0.23156510978567607,0.23597623974155615,0.22384676810070042,0.22715464234352112,51163200,0.0,0.0
1987-12-22,0.22715466485786304,0.23377101972611616,0.2205382910606445,0.23156513273715973,41774400,0.0,0.0
1987-12-23,0.23487363755702972,0.2370788808359517,0.230462507414397,0.23487363755702972,60710400,0.0,0.0
1987-12-24,0.23487363755702972,0.2370788808359517,0.23377100645308657,0.23487363755702972,12672000,0.0,0.0
1987-12-28,0.23377097063121444,0.23487360156619605,0.2205382447447849,0.22605198621749878,50716800,0.0,0.0
1987-12-29,0.22605193968058077,0.2425918924532523,0.22274344182998332,0.24038664996623993,79459200,0.0,0.0
1987-12-30,0.24038662301069486,0.24700299331436867,0.23928399242635243,0.24590036273002625,70704000,0.0,0.0
1987-12-31,0.2436953192164009,0.24590056325443962,0.2370789624462453,0.2392841875553131,61545600,0.0,0.0
1988-01-04,0.241489274206132,0.24920825742905425,0.24038666237020978,0.24700303375720978,110347200,0.0,0.0
1988-01-05,0.25251624482059887,0.2558247443358962,0.24920836996121598,0.25141361355781555,155520000,0.0,0.0
1988-01-06,0.2525162248701874,0.2635437102227386,0.25141359369451904,0.258029967546463,121680000,0.0,0.0
1988-01-07,0.2558247710670768,0.26740294001166937,0.2536195272400509,0.26685163378715515,90676800,0.0,0.0
1988-01-08,0.26574885463977954,0.27236458244218864,0.2453490970743679,0.24700303375720978,145440000,0.0,0.0
1988-01-11,0.24590047893669778,0.25582470782544064,0.24148934878815903,0.25527340173721313,143568000,0.0,0.0
1988-01-12,0.25582473003784933,0.2580299735111978,0.23928412628252765,0.2503109872341156,168480000,0.0,0.0
1988-01-13,0.2470031314885759,0.2580299735111978,0.24148936975587612,0.2503109872341156,96148800,0.0,0.0
1988-01-14,0.2525162517024364,0.25582475130790044,0.2470031520251723,0.24810576438903809,40608000,0.0,0.0
1988-01-15,0.26023518716246874,0.2613377993083043,0.25472208857536316,0.25472208857536316,92174400,0.0,0.0
1988-01-18,0.2558247393321003,0.2558247393321003,0.2481057527745832,0.2525162398815155,30038400,0.0,0.0
1988-01-19,0.24700314046233346,0.25692737057331677,0.245900509221117,0.2525162398815155,47419200,0.0,0.0
1988-01-20,0.2503109898801282,0.2525162333767881,0.23156514245329757,0.23818151652812958,208800000,0.0,0.0
1988-01-21,0.2392841174679543,0.2481057346212295,0.2392841174679543,0.242591992020607,125107200,0.0,0.0
1988-01-22,0.24534920488212725,0.24755444845192617,0.23266778138276126,0.2376302182674408,75297600,0.0,0.0
1988-01-25,0.23928399242635243,0.24810560496975567,0.23928399242635243,0.24590036273002625,75499200,0.0,0.0
1988-01-26,0.2425918924532523,0.24645169619336343,0.239284019258255,0.24038664996623993,43560000,0.0,0.0
1988-01-27,0.24148923466608185,0.24810560496975567,0.24148923466608185,0.24590036273002625,100411200,0.0,0.0
1988-01-28,0.24700304770706086,0.25031090233060194,0.24700304770706086,0.2492082715034485,29318400,0.0,0.0
1988-01-29,0.24920821662514264,0.2514134588648721,0.24038662301069486,0.24590036273002625,66700800,0.0,0.0
1988-02-01,0.2503110967160237,0.25141370947047936,0.2425921070627839,0.24369536340236664,48729600,0.0,0.0
1988-02-02,0.24369512049029682,0.24700299331436867,0.24148923466608185,0.24590036273002625,60753600,0.0,0.0
1988-02-03,0.24590053469684567,0.24590053469684567,0.23046255998240997,0.23266780376434326,75801600,0.0,0.0
1988-02-04,0.23377111060729286,0.23487374220250168,0.2194357452022367,0.22494950890541077,114710400,0.0,0.0
1988-02-05,0.22935986660011679,0.23597623974155615,0.22605201128625968,0.22715464234352112,94104000,0.0,0.0
1988-02-08,0.2238468989276884,0.23156524512364,0.2238468989276884,0.22825738787651062,72878400,0.0,0.0
1988-02-09,0.23046255998240997,0.2337710597757612,0.22935992862695898,0.23266780376434326,49939200,0.0,0.0
1988-02-10,0.23377097161109725,0.23818145751158795,0.231565085076159,0.23707884550094604,77025600,0.0,0.0
1988-02-11,0.23818151000696602,0.24148936569690707,0.2370788977533076,0.24148936569690704,69436800,0.0,0.0
1988-02-12,0.24148947537935386,0.248105852278138,0.2403868626248982,0.24369536340236664,80222400,0.0,0.0
1988-02-16,0.24259203471433738,0.25472215321089925,0.24038679093412357,0.253619521856308,67334400,0.0,0.0
1988-02-17,0.2558247656365218,0.25913262184235814,0.2525162658457503,0.253619521856308,101318400,0.0,0.0
1988-02-18,0.2525162745982599,0.26023526221700816,0.2514136432054502,0.2558247745037079,84153600,0.0,0.0
1988-02-19,0.25692736925696186,0.25913259387016296,0.2547221257147942,0.25913259387016296,53164800,0.0,0.0
1988-02-22,0.25913259387016296,0.2602352251057301,0.2558247380213947,0.25913259387016296,52228800,0.0,0.0
1988-02-23,0.25913265686404435,0.26464642010918143,0.25913265686404435,0.2624405324459076,91728000,0.0,0.0
1988-02-24,0.2624404168527156,0.2679541587403263,0.2624404168527156,0.2640949785709381,79560000,0.0,0.0
1988-02-25,0.26354370797507815,0.266851582544906,0.2552734158236141,0.2563760280609131,61560000,0.0,0.0
1988-02-26,0.2569274604320526,0.2591326858278155,0.25251632819748604,0.2569274604320526,29923200,0.0,0.0
1988-02-29,0.2580298613372325,0.2624403463665483,0.2558246188225746,0.2618890404701233,39326400,0.0,0.0
1988-03-01,0.2635437497462639,0.2646463810872933,0.2580300062430949,0.2602352499961853,43300800,0.0,0.0
1988-03-02,0.2602352883676558,0.26795427676207345,0.25913265686404435,0.2624405324459076,67896000,0.0,0.0
1988-03-03,0.26464629999942435,0.2712620103026674,0.26354366899624204,0.2690567672252655,83664000,0.0,0.0
1988-03-04,0.2690568127670632,0.2701594439568819,0.26354371360486717,0.2679542005062103,68356800,0.0,0.0
1988-03-07,0.2690567848543992,0.2767757891802817,0.26795417270793426,0.2762244641780853,78004800,0.0,0.0
1988-03-08,0.277878415232901,0.2855974010161087,0.27677580303125693,0.2817375957965851,96897600,0.0,0.0
1988-03-09,0.28008369514052756,0.2844948259658758,0.27898106386592897,0.28228893876075745,81734400,0.0,0.0
1988-03-10,0.2833922229226304,0.28670009814698727,0.275121929134724,0.27677586674690247,97948800,0.0,0.0
1988-03-11,0.2756732702255249,0.2778785143443263,0.26905689428408675,0.2756732702255249,84297600,0.0,0.0
1988-03-14,0.27457053524373093,0.2811862457222814,0.27126201749074547,0.28063493967056274,46281600,0.0,0.0
1988-03-15,0.2811863710580427,0.2811863710580427,0.27457065763061,0.2756732702255249,43761600,0.0,0.0
1988-03-16,0.2767757865174702,0.28559738397598267,0.273467912251972,0.28559738397598267,54547200,0.0,0.0
1988-03-17,0.2867000321467177,0.2889052565500059,0.2811862707667982,0.2817375957965851,125308800,0.0,0.0
1988-03-18,0.28118639731639283,0.28228902894324764,0.2569274604320526,0.2569274604320526,169920000,0.0,0.0
1988-03-21,0.25802998156356244,0.25913259387016296,0.2503109950455931,0.25913259387016296,198720000,0.0,0.0
1988-03-22,0.25913266133192286,0.2679542813820514,0.25913266133192286,0.2657490372657776,115833600,0.0,0.0
1988-03-23,0.2723647247586255,0.27512191830267363,0.25913261865515586,0.2602352499961853,151200000,0.0,0.0
1988-03-24,0.2591324978876587,0.2591324978876587,0.2459004168799074,0.2492082715034485,159840000,0.0,0.0
1988-03-25,0.250310910585573,0.25417071487013027,0.2459004249894256,0.24755436182022095,47332800,0.0,0.0
1988-03-28,0.244797778543644,0.2514134870762321,0.24259189247190435,0.250862181186676,67147200,0.0,0.0
1988-03-29,0.2525161450559492,0.25692727409127103,0.24810565960525469,0.2492082715034485,80712000,0.0,0.0
1988-03-30,0.2503109830268722,0.25141359528053064,0.23928412226062445,0.24148936569690704,100713600,0.0,0.0
1988-03-31,0.24038667594639176,0.24920827150344851,0.24038667594639176,0.2492082715034485,50256000,0.0,0.0
1988-04-04,0.24700323952368233,0.2492084650325937,0.2403868626248982,0.24369536340236664,47721600,0.0,0.0
1988-04-05,0.24479779115640676,0.24700303375720978,0.24038666237020978,0.24700303375720978,41760000,0.0,0.0
1988-04-06,0.24700312367215008,0.25692735310852804,0.24590049250588564,0.2563760280609131,75297600,0.0,0.0
1988-04-07,0.25692737057331677,0.25913259519781623,0.2525162398815155,0.2525162398815155,74923200,0.0,0.0
1988-04-08,0.2536195306470577,0.25803001836035805,0.2519649683663397,0.2558247745037079,57974400,0.0,0.0
1988-04-11,0.2580300094167356,0.2580300094167356,0.25141363449115905,0.253619521856308,40406400,0.0,0.0
1988-04-12,0.2525160894492145,0.2547219752734295,0.24259186525042428,0.24590036273002625,52444800,0.0,0.0
1988-04-13,0.24700314529358353,0.25141361355781555,0.24479790169698398,0.25141361355781555,42206400,0.0,0.0
1988-04-14,0.2447978558341686,0.24920832327210066,0.2326677406201655,0.23377099633216858,110030400,0.0,0.0
1988-04-15,0.23487371840820656,0.24259206307685663,0.2326678307851575,0.2392841875553131,114220800,0.0,0.0
1988-04-18,0.23818151000696602,0.24369525271802442,0.2370788977533076,0.24148936569690704,48052800,0.0,0.0
1988-04-19,0.24148943159335182,0.25141366388505093,0.2381815750007792,0.2392841875553131,75772800,0.0,0.0
1988-04-20,0.239284019258255,0.2425918924532523,0.2370787957002002,0.24038664996623993,65404800,0.0,0.0
1988-04-21,0.24259200567675332,0.24479789277786373,0.23707890635060572,0.2398354560136795,63979200,0.0,0.0
1988-04-22,0.2403868626248982,0.24590060784025233,0.2403868626248982,0.24369536340236664,33926400,0.0,0.0
1988-04-25,0.24369520725287921,0.2459004502777393,0.24148932064330444,0.24314390122890472,23385600,0.0,0.0
1988-04-26,0.24590036273002625,0.24920821662514264,0.24369512049029682,0.24590036273002625,46454400,0.0,0.0
1988-04-27,0.24590061742465974,0.24700324915106675,0.23928424026799072,0.24479800462722778,47894400,0.0,0.0
1988-04-28,0.24479783760296844,0.24590044964809407,0.242591950999042,0.24424651265144348,28468800,0.0,0.0
1988-04-29,0.2425918924532523,0.2425918924532523,0.239284019258255,0.24038664996623993,64771200,0.0,0.0
1988-05-02,0.24038674862849366,0.24369524783700283,0.23597626184426698,0.242591992020607,49262400,0.0,0.0
1988-05-03,0.24369517415456013,0.25141351422879576,0.24369517415456013,0.2492082715034485,62740800,0.0,0.0
1988-05-04,0.25031098936831087,0.25472211993746346,0.24700313359456785,0.2519649267196655,75153600,0.0,0.0
1988-05-05,0.2503110012239993,0.25251624482059887,0.24810575762739975,0.25141361355781555,24883200,0.0,0.0
1988-05-06,0.2503109963280493,0.2558247393321003,0.2503109963280493,0.2525162398815155,43977600,0.0,0.0
1988-05-09,0.2525162398815155,0.25692737057331677,0.2503109963280493,0.2525162398815155,34790400,0.0,0.0
1988-05-10,0.25251624482059887,0.25417080690620475,0.24810575762739975,0.25141361355781555,46828800,0.0,0.0
1988-05-11,0.24920821662514264,0.24920821662514264,0.24259186525042428,0.24590036273002625,59486400,0.0,0.0
1988-05-12,0.245900402992329,0.24920825742905425,0.24479779115640676,0.24700303375720978,26409600,0.0,0.0
1988-05-13,0.24920835603295832,0.2514135995063068,0.2481057437607671,0.2503109872341156,17913600,0.0,0.0
1988-05-16,0.2503110838727498,0.2596840111057296,0.2503110838727498,0.2569274604320526,59788800,0.0,0.0
1988-05-17,0.26023526221700816,0.26133787468084857,0.2558247745037079,0.2558247745037079,70430400,0.0,0.0
1988-05-18,0.25582473003784933,0.2574786673751022,0.24920835603295832,0.2503109872341156,81374400,0.0,0.0
1988-05-19,0.24700314529358353,0.25251624482059887,0.2459005140308002,0.25141361355781555,57729600,0.0,0.0
1988-05-20,0.2525162517024364,0.25472213894403467,0.2470031520251723,0.24810576438903809,42523200,0.0,0.0
1988-05-23,0.2481057346212295,0.2492083468528035,0.24038674862849366,0.242591992020607,50227200,0.0,0.0
1988-05-24,0.24259200095703337,0.2503109872341156,0.24148936975587612,0.2503109872341156,55324800,0.0,0.0
1988-05-25,0.24920821662514264,0.2514134588648721,0.24479775107463925,0.24590036273002625,53582400,0.0,0.0
1988-05-26,0.24700305585294258,0.2514135225201297,0.2459004249894256,0.24755436182022095,43387200,0.0,0.0
1988-05-27,0.2481058619484987,0.2481058619484987,0.2447980046272278,0.24479800462722778,33148800,0.0,0.0
1988-05-31,0.2447979305644691,0.25692740589651764,0.24369529917165936,0.2558247745037079,44049600,0.0,0.0
1988-06-01,0.25692743680725655,0.2646464253546703,0.2547221926852952,0.26133790612220764,95788800,0.0,0.0
1988-06-02,0.2624404937492757,0.2646463810872933,0.25913261865515586,0.2602352499961853,63230400,0.0,0.0
1988-06-03,0.2602352883676558,0.26354378860556993,0.25913265686404435,0.2624405324459076,34833600,0.0,0.0
1988-06-06,0.26244045775917535,0.2690568127670632,0.2613378265693566,0.2679542005062103,81748800,0.0,0.0
1988-06-07,0.2690567672252655,0.2734678969647993,0.2663002181107538,0.2690567672252655,82166400,0.0,0.0
1988-06-08,0.2679541565267734,0.2756731414575595,0.2679541565267734,0.27346789836883545,66283200,0.0,0.0
1988-06-09,0.27457056294179766,0.2773271124074288,0.2718133698913545,0.27236467599868774,69264000,0.0,0.0
1988-06-10,0.2723647267453941,0.27677585786867914,0.2701594829762175,0.27457061409950256,45014400,0.0,0.0
1988-06-13,0.2756731737612507,0.2778784171083877,0.27457056155216475,0.27512186765670776,31118400,0.0,0.0
1988-06-14,0.27787840366363525,0.2800836469040746,0.2767757915078976,0.27787840366363525,60379200,0.0,0.0
1988-06-15,0.2767758391746664,0.28228893876075745,0.27567320790006783,0.28228893876075745,51033600,0.0,0.0
1988-06-16,0.27898105487429703,0.28118629842345133,0.27787844256420324,0.28008368611335754,73713600,0.0,0.0
1988-06-17,0.2800836469040746,0.2833921458850292,0.2767757915078976,0.27787840366363525,42105600,0.0,0.0
1988-06-20,0.27677586674690247,0.2778784792023753,0.2734679915225456,0.27677586674690247,28137600,0.0,0.0
1988-06-21,0.27567320790006783,0.28228893876075745,0.27567320790006783,0.28228893876075745,39715200,0.0,0.0
1988-06-22,0.2867000193447864,0.297726860169513,0.28394345110583463,0.29552161693573,127324800,0.0,0.0
1988-06-23,0.29552158557405644,0.29662421653841525,0.2900078439544408,0.29111045598983765,41054400,0.0,0.0
1988-06-24,0.2911105523582027,0.2922131836875733,0.28670008382762496,0.28780269622802734,28555200,0.0,0.0
1988-06-27,0.2878026819317369,0.2878026819317369,0.28228893876075745,0.28228893876075745,23630400,0.0,0.0
1988-06-28,0.2822888454270705,0.29111044164721034,0.28118621451703685,0.2900078296661377,32140800,0.0,0.0
1988-06-29,0.29111044164721034,0.2933163281229923,0.28890519875610404,0.2900078296661377,49809600,0.0,0.0
1988-06-30,0.29221311796476185,0.29552161693573,0.29111048688338836,0.29552161693573,31550400,0.0,0.0
1988-07-01,0.29552160612202955,0.2999320924282074,0.29441899400996674,0.2999320924282074,42940800,0.0,0.0
1988-07-05,0.29772680879754276,0.30765103575746083,0.29552156594426854,0.30709972977638245,48096000,0.0,0.0
1988-07-06,0.3076511138768681,0.31095896953223656,0.3021373712234375,0.3032406270503998,89380800,0.0,0.0
1988-07-07,0.3010347400523376,0.30434325822149966,0.29882949663910346,0.3032406270503998,68428800,0.0,0.0
1988-07-08,0.29993210185322117,0.3032406008070907,0.2988294707775462,0.3021373450756073,40089600,0.0,0.0
1988-07-11,0.3032407412547699,0.3032407412547699,0.29441913962364197,0.29441913962364197,65764800,0.0,0.0
1988-07-12,0.2955215636925228,0.2966241945752387,0.285597336808223,0.2894565165042877,90000000,0.0,0.0
1988-07-13,0.28890537596469135,0.29441913962364197,0.28670015064990645,0.29441913962364197,57427200,0.0,0.0
1988-07-14,0.2944190047833205,0.29552161693573,0.29111048688338836,0.29552161693573,34848000,0.0,0.0
1988-07-15,0.29552161693573,0.29662424801710346,0.29221311796476185,0.29552161693573,31579200,0.0,0.0
1988-07-18,0.29662422770390623,0.29882945185770876,0.2955215966980423,0.2977268397808075,20102400,0.0,0.0
1988-07-19,0.29662421653841525,0.29772682857381216,0.2900078439544408,0.29111045598983765,36460800,0.0,0.0
1988-07-20,0.2933164251027164,0.2933164251027164,0.28118630748615886,0.28228893876075745,111096000,0.0,0.0
1988-07-21,0.28118623827122463,0.28228886927440694,0.26685154307682624,0.2690567672252655,128937600,0.0,0.0
1988-07-22,0.2679541892820919,0.2756731751564641,0.2668515770674255,0.27236467599868774,68817600,0.0,0.0
1988-07-25,0.2734679899242126,0.27567323375123853,0.26574900240915766,0.26685163378715515,52704000,0.0,0.0
1988-07-26,0.2558247745037079,0.26023526221700816,0.25031103074160976,0.2558247745037079,228960000,0.0,0.0
1988-07-27,0.2569273136389003,0.26023516877160424,0.25361943957723393,0.2541707456111908,68140800,0.0,0.0
1988-07-28,0.2536195844804615,0.25803007312993403,0.25141369657063123,0.2569274604320526,57945600,0.0,0.0
1988-07-29,0.25803004428940407,0.26464642010918143,0.2569274317147638,0.2624405324459076,59385600,0.0,0.0
1988-08-01,0.2635437102227386,0.264646341398407,0.258029967546463,0.258029967546463,51825600,0.0,0.0
1988-08-02,0.2580300094167356,0.25913262184235814,0.2503110220655365,0.253619521856308,65476800,0.0,0.0
1988-08-03,0.2525162517024364,0.2536195076512013,0.24479790836847315,0.24810576438903809,91987200,0.0,0.0
1988-08-04,0.2481058619484987,0.24920847474593066,0.2447980046272278,0.24479800462722778,53496000,0.0,0.0
1988-08-05,0.24479788111013495,0.24479788111013495,0.2282572778213794,0.23597626388072968,201600000,0.0,0.0
1988-08-08,0.2370788808359517,0.2370788808359517,0.23266775069331894,0.23487363755702972,148320000,0.0,0.0
1988-08-09,0.23377113318318885,0.2348737648848817,0.22494953062938125,0.22825738787651062,138830400,0.0,0.0
1988-08-10,0.2260519949584345,0.2282572379847082,0.2205382532725163,0.22274349629878998,113169600,0.0,0.0
1988-08-11,0.22494953062938125,0.22936000064922887,0.22053839809542128,0.22825738787651062,123105600,0.0,0.0
1988-08-12,0.22825722340803412,0.23046246629347936,0.22715461142979199,0.22935983538627625,58262400,0.0,0.0
1988-08-15,0.229359892291706,0.2304625234724779,0.2205382939055257,0.22384679317474365,41083200,0.0,0.0
1988-08-16,0.22274353446477554,0.23266776390370797,0.22164090329822728,0.23156513273715973,90878400,0.0,0.0
1988-08-17,0.23156513273715973,0.23763020041558688,0.2266033398101062,0.23156513273715973,59112000,0.0,0.0
1988-08-18,0.23266780376434326,0.2348736911312122,0.23156517240889227,0.23266780376434326,32025600,0.0,0.0
1988-08-19,0.23266772403725555,0.2337709796706264,0.22164086532117205,0.22274349629878998,67377600,0.0,0.0
1988-08-22,0.22164083352790537,0.22274346434735645,0.21061399532252875,0.21171660721302032,110174400,0.0,0.0
1988-08-23,0.21281931558974243,0.21943567078641737,0.21061407207614774,0.21778175234794617,88315200,0.0,0.0
1988-08-24,0.21833302601652246,0.22770594840767003,0.21723041388822464,0.22715464234352112,102585600,0.0,0.0
1988-08-25,0.2216409061573319,0.22715466778809362,0.2205382939055257,0.22384679317474365,72633600,0.0,0.0
1988-08-26,0.22384679450793366,0.22825728139935786,0.22384679450793366,0.22660334408283234,24451200,0.0,0.0
1988-08-29,0.2293598979853772,0.23156514147269863,0.22825728570619958,0.2299112230539322,35035200,0.0,0.0
1988-08-30,0.22935984116452068,0.2304624720995023,0.22494937421147862,0.22605198621749878,20966400,0.0,0.0
1988-08-31,0.22715461602628262,0.22825722802683618,0.217230388720768,0.22053824365139008,71884800,0.0,0.0
1988-09-01,0.21833301906010427,0.21943563115327125,0.2117166461294725,0.21557646989822388,82382400,0.0,0.0
1988-09-02,0.2194356381448203,0.22825725447181897,0.21833302601652246,0.22715464234352112,115329600,0.0,0.0
1988-09-06,0.22715461142979199,0.2315650782717215,0.22605198052258885,0.22935983538627625,67752000,0.0,0.0
1988-09-07,0.23046263235092174,0.23266787682533288,0.2238468989276884,0.22825738787651062,72115200,0.0,0.0
1988-09-08,0.22715461142979199,0.23487359564904386,0.22605198052258885,0.22935983538627625,69206400,0.0,0.0
1988-09-09,0.22825728667279085,0.2414893723086363,0.22715467438894404,0.23818151652812958,111124800,0.0,0.0
1988-09-12,0.23707884550094604,0.24259194341207863,0.2359762145613426,0.23707884550094604,43257600,0.0,0.0
1988-09-13,0.2348736607476229,0.23928412881197642,0.23266777366611063,0.23818151652812958,40608000,0.0,0.0
1988-09-14,0.24204069737952594,0.24369525939014855,0.23707890424428277,0.23818151652812958,79214400,0.0,0.0
1988-09-15,0.23818150737672097,0.23928411961820326,0.2293598901441732,0.23046252131462097,72921600,0.0,0.0
1988-09-16,0.23046246629347936,0.2315650782717215,0.22825722340803412,0.22935983538627625,48700800,0.0,0.0
1988-09-19,0.23156524512364,0.23156524512364,0.22494953062938125,0.22825738787651062,44697600,0.0,0.0
1988-09-20,0.22935987631045382,0.23487363755702972,0.22825726413547504,0.23487363755702972,53625600,0.0,0.0
1988-09-21,0.2359762145613426,0.23818145751158795,0.2359762145613426,0.23707884550094604,16056000,0.0,0.0
1988-09-22,0.23818140747922759,0.2425918924532523,0.2370787957002002,0.24038664996623993,59688000,0.0,0.0
1988-09-23,0.24038670046183327,0.24038670046183327,0.23707884550094604,0.23707884550094604,35092800,0.0,0.0
1988-09-26,0.2370789635307188,0.23818157609029642,0.22825734375320073,0.23101389408111572,50212800,0.0,0.0
1988-09-27,0.22935983538627625,0.23046246629347936,0.22715461142979199,0.22935983538627625,35366400,0.0,0.0
1988-09-28,0.23046249743671768,0.23377099633216858,0.22825725425326987,0.23377099633216858,25516800,0.0,0.0
1988-09-29,0.2326677406201655,0.2359762395156164,0.2315651095639598,0.23377099633216858,56462400,0.0,0.0
1988-09-30,0.232667764726551,0.23377102055286092,0.22825727790269093,0.23046252131462097,37252800,0.0,0.0
1988-10-03,0.22605203795364576,0.22825728139935786,0.22274353866472302,0.22660334408283234,41097600,0.0,0.0
1988-10-04,0.22715465497249562,0.22935987935169377,0.22439808664056868,0.22550071775913239,29260800,0.0,0.0
1988-10-05,0.22605199970497547,0.22605199970497547,0.22053825790328213,0.22164086997509003,67089600,0.0,0.0
1988-10-06,0.22164085565194364,0.22384674216669917,0.22053824365139008,0.22053824365139008,33609600,0.0,0.0
1988-10-07,0.2205383381365723,0.22164095060951786,0.21116541281569454,0.2194357067346573,208065600,0.0,0.0
1988-10-10,0.22053827975710702,0.22053827975710702,0.2106140508268341,0.217230424284935,106358400,0.0,0.0
1988-10-11,0.2194357067346573,0.22274358201143288,0.21612785038685117,0.2194357067346573,65952000,0.0,0.0
1988-10-12,0.2183330727333716,0.22825730331216124,0.21612782907595512,0.22329550981521606,137534400,0.0,0.0
1988-10-13,0.22219220632349207,0.23046249765737822,0.22164088133037957,0.22715464234352112,82468800,0.0,0.0
1988-10-14,0.22935984116452068,0.2304624720995023,0.22494937421147862,0.22605198621749878,56764800,0.0,0.0
1988-10-17,0.22605198052258885,0.2315650782717215,0.22605198052258885,0.22935983538627625,25675200,0.0,0.0
1988-10-18,0.22825727709544585,0.23266776390370797,0.2260520336913148,0.23156513273715973,37224000,0.0,0.0
1988-10-19,0.23597624973200854,0.2370788808359517,0.230462507414397,0.23487363755702972,80683200,0.0,0.0
1988-10-20,0.2326677646436683,0.23818150729187415,0.2326677646436683,0.23597626388072968,73296000,0.0,0.0
1988-10-21,0.23377099633216858,0.2359762395156164,0.2315651095639598,0.23377099633216858,24264000,0.0,0.0
1988-10-24,0.23487359564904386,0.23487359564904386,0.22880852939715518,0.22935983538627625,28627200,0.0,0.0
1988-10-25,0.22935985003336393,0.23046248101098188,0.2205382532725163,0.22274349629878998,74548800,0.0,0.0
1988-10-26,0.22164095060951786,0.22274358201143288,0.21392260651199063,0.2194357067346573,157420800,0.0,0.0
1988-10-27,0.217230408704327,0.21833302080631256,0.21061403572077805,0.21833302080631256,114336000,0.0,0.0
1988-10-28,0.217230408704327,0.21943563290829812,0.21392253454044408,0.21833302080631256,46540800,0.0,0.0
1988-10-31,0.2172304440728707,0.2172304440728707,0.21392256937041357,0.21612781286239624,41284800,0.0,0.0
1988-11-01,0.21612784368091392,0.21943569992608505,0.21502523124217987,0.21502523124217987,53280000,0.0,0.0
1988-11-02,0.21502520680228154,0.21502520680228154,0.20620358899426114,0.20840883255004883,221803200,0.0,0.0
1988-11-03,0.20840883255004883,0.21061407610583652,0.2034470392817682,0.20840883255004883,118339200,0.0,0.0
1988-11-04,0.20510095357894897,0.21061405238295738,0.20510095357894897,0.20510095357894897,106603200,0.0,0.0
1988-11-07,0.2051009972808165,0.2073062410580948,0.2028951099186039,0.2062036097049713,55065600,0.0,0.0
1988-11-08,0.2084087810067977,0.21612776566339675,0.20730616896608306,0.21447382867336273,56606400,0.0,0.0
1988-11-09,0.21171671905216732,0.2205383381365723,0.21061410657922178,0.2194357067346573,124732800,0.0,0.0
1988-11-10,0.21943566863588718,0.22274354333834429,0.21612781286239627,0.21612781286239624,78796800,0.0,0.0
1988-11-11,0.21392257768470965,0.21612782126240113,0.20951144694445067,0.21006277203559875,54936000,0.0,0.0
1988-11-14,0.21171668798007595,0.21502520635624753,0.20951144442886266,0.21392257511615753,34329600,0.0,0.0
1988-11-15,0.21392254572571998,0.21392254572571998,0.2051009480769488,0.20730619132518768,93902400,0.0,0.0
1988-11-16,0.20785752304919128,0.20840882919702672,0.2006898427555718,0.20399834215641022,199008000,0.0,0.0
1988-11-17,0.20399834588463314,0.20620358944524386,0.20179245873915136,0.20289508998394012,65865600,0.0,0.0
1988-11-18,0.2039983738151334,0.20620361767767575,0.20179248636763186,0.20565231144428253,34430400,0.0,0.0
1988-11-21,0.20289508998394012,0.20399834588463314,0.19958721517854064,0.20289508998394012,47102400,0.0,0.0
1988-11-22,0.20289508998394012,0.20510097712942188,0.2006898464233294,0.20289508998394012,30312000,0.0,0.0
1988-11-23,0.20399829927234717,0.20730617332191895,0.20289504362374092,0.20675484836101532,56548800,0.0,0.0
1988-11-25,0.20399831942952185,0.20510095053131813,0.20179243257010607,0.2045496255159378,11462400,0.0,0.0
1988-11-28,0.20399831698834736,0.2095114156444624,0.20399831698834736,0.20730619132518768,58737600,0.0,0.0
1988-11-29,0.2073062046108254,0.20951142907142642,0.20620357345155957,0.2095114290714264,21873600,0.0,0.0
1988-11-30,0.20840883255004883,0.21061407610583652,0.20840883255004883,0.20840883255004883,35193600,0.0,0.0
1988-12-01,0.20951143880159723,0.21833305635437894,0.20730621423858075,0.21612781286239624,82008000,0.0,0.0
1988-12-02,0.21392260651199063,0.22164095060951786,0.21392260651199063,0.2194357067346573,91497600,0.0,0.0
1988-12-05,0.21943563290829812,0.22274350707218105,0.21502516557139276,0.21833302080631256,70142400,0.0,0.0
1988-12-06,0.21833309426171174,0.2194357067346573,0.21612785038685117,0.2194357067346573,44366400,0.0,0.0
1988-12-07,0.2183330364660042,0.22053827975710702,0.21667909926543594,0.217230424284935,30888000,0.0,0.0
1988-12-08,0.2172304440728707,0.21833305635437894,0.21502520058088803,0.21612781286239624,40176000,0.0,0.0
1988-12-09,0.21502520058088803,0.2172304440728707,0.21392256937041357,0.21612781286239624,22305600,0.0,0.0
1988-12-12,0.2150251220087462,0.21612773388735002,0.20896005630493164,0.20896005630493164,38894400,0.0,0.0
1988-12-13,0.20840882680132897,0.21061407029628754,0.20840882680132897,0.21061407029628754,39168000,0.0,0.0
1988-12-14,0.21061415700484615,0.21502528939565135,0.20951152533893705,0.21337135136127472,28008000,0.0,0.0
1988-12-15,0.21612781286239627,0.2172304440728707,0.21392256937041357,0.21612781286239624,23198400,0.0,0.0
1988-12-16,0.21502523791390565,0.22164095060951786,0.21502523791390565,0.2194357067346573,51796800,0.0,0.0
1988-12-19,0.22329548704884056,0.22715466778809362,0.2227435373381038,0.22384679317474365,83534400,0.0,0.0
1988-12-20,0.22660329222050885,0.23156508410552246,0.22494937421147862,0.22605198621749878,92188800,0.0,0.0
1988-12-21,0.22715466566120868,0.23156513355610323,0.22605203449076092,0.23046252131462097,46440000,0.0,0.0
1988-12-22,0.2315650782717215,0.23377096474184073,0.22825722340803412,0.22935983538627625,74592000,0.0,0.0
1988-12-23,0.22825722340803412,0.22935983538627625,0.22715461142979199,0.22935983538627625,17121600,0.0,0.0
1988-12-27,0.22936000064922887,0.23156524512364,0.22825738787651062,0.22825738787651062,30772800,0.0,0.0
1988-12-28,0.2293598901441732,0.23046252131462097,0.22825727790269093,0.23046252131462097,21268800,0.0,0.0
1988-12-29,0.22935987631045382,0.23597624973200854,0.22935987631045382,0.23487363755702972,38275200,0.0,0.0
1988-12-30,0.23597624973200854,0.23928410518590926,0.23487363755702972,0.23487363755702972,63820800,0.0,0.0
1989-01-03,0.23597628577205187,0.23707891704439704,0.2326677862280638,0.23652759194374084,51825600,0.0,0.0
1989-01-04,0.23597633096274048,0.24204075679958967,0.23597633096274048,0.2392841875553131,53899200,0.0,0.0
1989-01-05,0.24148938629143535,0.24148938629143535,0.2348736743473568,0.2354249805212021,47246400,0.0,0.0
1989-01-06,0.2359762395156164,0.23707887057182206,0.23377099633216858,0.23377099633216858,59054400,0.0,0.0
1989-01-09,0.23377101972611616,0.2348736508926644,0.22991121438078552,0.23156513273715973,46008000,0.0,0.0
1989-01-10,0.23046246629347936,0.2315650782717215,0.22825722340803412,0.22935983538627625,54129600,0.0,0.0
1989-01-11,0.22880858321423725,0.23156513273715973,0.22715466485786304,0.23156513273715973,48297600,0.0,0.0
1989-01-12,0.2304625204995769,0.23707889429679546,0.2304625204995769,0.23156513273715973,54590400,0.0,0.0
1989-01-13,0.2315651095639598,0.23487362738837425,0.2315651095639598,0.23377099633216858,35568000,0.0,0.0
1989-01-16,0.23487363450330423,0.23873279599451921,0.23266774766827344,0.23432230949401855,27532800,0.0,0.0
1989-01-17,0.23211643477878854,0.233219690491848,0.22605201128625968,0.22715464234352112,41745600,0.0,0.0
1989-01-18,0.22825725447181897,0.22825725447181897,0.22164088133037957,0.22715464234352112,63633600,0.0,0.0
1989-01-19,0.23046252123252386,0.23707889505078467,0.23046252123252386,0.23597626388072968,84297600,0.0,0.0
1989-01-20,0.2359762357830292,0.23983541602526065,0.2348736236732278,0.23873278498649597,61027200,0.0,0.0
1989-01-23,0.2381814826990642,0.2381814826990642,0.2332196902685475,0.23377099633216858,52228800,0.0,0.0
1989-01-24,0.2337710597757612,0.2359763035576945,0.23156517240889227,0.23266780376434326,56217600,0.0,0.0
1989-01-25,0.23377099633216858,0.23487362738837425,0.2315651095639598,0.23377099633216858,49046400,0.0,0.0
1989-01-26,0.23211652450789053,0.2403868190388179,0.23156519930165267,0.2392841875553131,87134400,0.0,0.0
1989-01-27,0.238732770983178,0.2492083047124331,0.23707885291548955,0.24424651265144348,166420800,0.0,0.0
1989-01-30,0.24479788235637134,0.25913257979316573,0.243695251180703,0.258029967546463,110088000,0.0,0.0
1989-01-31,0.2602352481299302,0.26574899159355786,0.2580300043926545,0.2629924416542053,125092800,0.0,0.0
1989-02-01,0.2624405376476741,0.26354379382920384,0.2602352935257128,0.26133790612220764,131212800,0.0,0.0
1989-02-02,0.26244040637348715,0.2778783757461543,0.261337775399563,0.2685054540634155,180028800,0.0,0.0
1989-02-03,0.26685154307682624,0.2756731400422012,0.26464629999942435,0.2690567672252655,91324800,0.0,0.0
1989-02-06,0.2679542462361836,0.269056858685212,0.26354375858213175,0.26685163378715515,87580800,0.0,0.0
1989-02-07,0.26740288651950794,0.2756731786046604,0.26685158040527884,0.2740192413330078,127094400,0.0,0.0
1989-02-08,0.2734680261067235,0.2822890025819291,0.27126213840288815,0.2756732702255249,133315200,0.0,0.0
1989-02-09,0.27346796909483834,0.28559744334007325,0.27236471314489336,0.2811863124370575,199036800,0.0,0.0
1989-02-10,0.27787834695074615,0.28008358974111197,0.271813299889314,0.2729165554046631,129038400,0.0,0.0
1989-02-13,0.27126209537595386,0.2734679827298967,0.2690568516069428,0.2701594829559326,94075200,0.0,0.0
1989-02-14,0.27291671949645785,0.27457065731590613,0.26464642467212646,0.2657490372657776,62956800,0.0,0.0
1989-02-15,0.2668516267869369,0.27457061409950256,0.26574899543786434,0.27457061409950256,81936000,0.0,0.0
1989-02-16,0.2756732353624604,0.2800837230422901,0.2701594916422053,0.27677586674690247,61387200,0.0,0.0
1989-02-17,0.2778785143443263,0.2789811269392412,0.27457065763061,0.2756732702255249,29692800,0.0,0.0
1989-02-21,0.27457056294179766,0.2767758063000956,0.2712620448550563,0.27236467599868774,33753600,0.0,0.0
1989-02-22,0.2712620018293792,0.27236463279811907,0.2646462917327881,0.2646462917327881,95515200,0.0,0.0
1989-02-23,0.26574889541346797,0.26795413835262005,0.2613377659504741,0.2663002014160156,75945600,0.0,0.0
1989-02-24,0.26574896808153176,0.2679542116236994,0.25913259387016296,0.25913259387016296,76017600,0.0,0.0
1989-02-27,0.2591326236400904,0.265748998611568,0.2580300112068184,0.2635437548160553,68788800,0.0,0.0
1989-02-28,0.26464642010918143,0.2657490326838217,0.2602352883676558,0.2624405324459076,43444800,0.0,0.0
1989-03-01,0.2646464253546703,0.26574903795116517,0.26133790612220764,0.26133790612220764,59889600,0.0,0.0
1989-03-02,0.2613378265693566,0.2690568127670632,0.2613378265693566,0.2679542005062103,92304000,0.0,0.0
1989-03-03,0.2679541892820919,0.2734679317981662,0.2668515770674255,0.27236467599868774,68947200,0.0,0.0
1989-03-06,0.27236464270422145,0.27457052937767884,0.26905676860665406,0.27346789836883545,56635200,0.0,0.0
1989-03-07,0.2635437088810695,0.2646463400511245,0.2348736516396402,0.23597626388072968,788688000,0.0,0.0
1989-03-08,0.23707889429679546,0.24038674993850934,0.2310138266183683,0.23156513273715973,253612800,0.0,0.0
1989-03-09,0.23266787682533288,0.23266787682533288,0.22715477510379237,0.22825738787651062,123307200,0.0,0.0
1989-03-10,0.22715477510379237,0.23156524512364,0.22494953062938125,0.22825738787651062,66902400,0.0,0.0
1989-03-13,0.22935992862695898,0.23266780376434326,0.22825731620047665,0.23266780376434326,60206400,0.0,0.0
1989-03-14,0.2348736911312122,0.2348736911312122,0.23046255998240997,0.23266780376434326,63720000,0.0,0.0
1989-03-15,0.2326677289227107,0.2326677289227107,0.22164086997509003,0.22164086997509003,104889600,0.0,0.0
1989-03-16,0.223846743276497,0.2271546171524804,0.22274348768578667,0.22605198621749878,102888000,0.0,0.0
1989-03-17,0.22164089357577138,0.22274352469395184,0.20289506668675553,0.20510095357894897,245577600,0.0,0.0
1989-03-20,0.20454962855537642,0.20510095357894897,0.2017924355685751,0.20510095357894897,238996800,0.0,0.0
1989-03-21,0.20620363551304116,0.22053835597990756,0.20399839145975854,0.21998704969882965,224467200,0.0,0.0
1989-03-22,0.21833305635437894,0.21943566863588718,0.21392256937041357,0.21612781286239624,167025600,0.0,0.0
1989-03-23,0.21502515968631739,0.22164086997509003,0.21502515968631739,0.22164086997509003,87811200,0.0,0.0
1989-03-27,0.2205383381365723,0.22329553183286838,0.21833309426171174,0.2194357067346573,75542400,0.0,0.0
1989-03-28,0.22164095060951786,0.22274358201143288,0.21723048178876622,0.2194357067346573,70804800,0.0,0.0
1989-03-29,0.21943563290829812,0.21943563290829812,0.217230408704327,0.21833302080631256,30009600,0.0,0.0
1989-03-30,0.21943572448878074,0.22053835597990756,0.2166791741544202,0.21998704969882965,46742400,0.0,0.0
1989-03-31,0.22053835597990756,0.22164096854206336,0.21833311192662494,0.21998704969882965,29736000,0.0,0.0
1989-04-03,0.22053825790328213,0.22384675663239703,0.21888432086660767,0.22164086997509003,35049600,0.0,0.0
1989-04-04,0.22164085565194364,0.22164085565194364,0.21833300072132156,0.22053824365139008,25027200,0.0,0.0
1989-04-05,0.22053823139788284,0.22274347420542404,0.2194356005296321,0.2221921682357788,19641600,0.0,0.0
1989-04-06,0.22274348768578667,0.2271546171524804,0.22164085675080503,0.22605198621749878,51681600,0.0,0.0
1989-04-07,0.22605198621749878,0.22825722915850055,0.22494937421147862,0.22605198621749878,29448000,0.0,0.0
1989-04-10,0.22605203795364576,0.23046252484506993,0.22605203795364576,0.22660334408283234,28670400,0.0,0.0
1989-04-11,0.2271546691409847,0.229359893657731,0.22219223253553644,0.22660334408283234,28728000,0.0,0.0
1989-04-12,0.2282573048129892,0.2282573048129892,0.21006278101108236,0.21226802468299866,71020800,0.0,0.0
1989-04-13,0.21061410004436298,0.22219226888085805,0.20951146867666,0.21502523124217987,92880000,0.0,0.0
1989-04-14,0.21723043822114144,0.22605203660732173,0.21723043822114144,0.22384679317474365,62625600,0.0,0.0
1989-04-17,0.22605201128625968,0.23101380372152713,0.22384676810070042,0.22715464234352112,51638400,0.0,0.0
1989-04-18,0.23156511958937578,0.23487363755702972,0.22935987631045382,0.23487363755702972,69336000,0.0,0.0
1989-04-19,0.24259197002339272,0.2459004689319012,0.24038672683124152,0.24204066395759583,168969600,0.0,0.0
1989-04-20,0.2425919049710128,0.24920825742905425,0.24038666237020978,0.24700303375720978,138801600,0.0,0.0
1989-04-21,0.24700323952368233,0.24700323952368233,0.2425921070627839,0.24369536340236664,58190400,0.0,0.0
1989-04-24,0.24259195162021557,0.24479783822979034,0.2403867085953555,0.24314390122890472,29332800,0.0,0.0
1989-04-25,0.24479788390064858,0.245900496154307,0.2403867534432486,0.24148936569690704,24897600,0.0,0.0
1989-04-26,0.24259200352144936,0.24259200352144936,0.23652757917339312,0.23818151652812958,44510400,0.0,0.0
1989-04-27,0.23818151000696602,0.24204069075270201,0.23818151000696602,0.24148936569690704,34588800,0.0,0.0
1989-04-28,0.24148938786374605,0.2481057623647601,0.23707891951530005,0.24645182490348816,69782400,0.0,0.0
1989-05-01,0.24424659703057006,0.24700316595361188,0.2392841596705093,0.24093809723854065,33739200,0.0,0.0
1989-05-02,0.2414893723086363,0.24259200352144936,0.2359762730314697,0.23818151652812958,34372800,0.0,0.0
1989-05-03,0.23818151652812958,0.2414893723086363,0.23818151652812958,0.23818151652812958,28857600,0.0,0.0
1989-05-04,0.23928411877196107,0.23928411877196107,0.2304625204995769,0.23156513273715973,37425600,0.0,0.0
1989-05-05,0.23487359564904386,0.23487359564904386,0.22825722340803412,0.22935983538627625,35827200,0.0,0.0
1989-05-08,0.22935986660011679,0.23046249765737822,0.22494939915796183,0.22715464234352112,49003200,0.0,0.0
1989-05-09,0.22825725425326987,0.2359762395156164,0.22715464212602773,0.23377099633216858,54590400,0.0,0.0
1989-05-10,0.2359762730314697,0.2414893723086363,0.2348736607476229,0.23818151652812958,58752000,0.0,0.0
1989-05-11,0.23928412881197642,0.23928412881197642,0.2359762730314697,0.23818151652812958,34401600,0.0,0.0
1989-05-12,0.24093812531608486,0.24259206307685663,0.23597633096274048,0.2392841875553131,71092800,0.0,0.0
1989-05-15,0.23873281613379524,0.24259199687953123,0.23818151000696602,0.24148936569690704,74736000,0.0,0.0
1989-05-16,0.2414893898340415,0.24920837675290386,0.24038677747017573,0.24810576438903809,83433600,0.0,0.0
1989-05-17,0.24865696053882122,0.25582463810401174,0.24865696053882122,0.25306808948516846,89812800,0.0,0.0
1989-05-18,0.25251632819748604,0.2585813794788748,0.25251632819748604,0.2569274604320526,52574400,0.0,0.0
1989-05-19,0.25637613515413854,0.2624405617794066,0.25637613515413854,0.2569274604320526,62568000,0.0,0.0
1989-05-22,0.25692743680725655,0.2624405376476741,0.2547221926852952,0.26133790612220764,74275200,0.0,0.0
1989-05-23,0.2569272926964278,0.26023514755950417,0.24810567757160215,0.24975961446762085,97545600,0.0,0.0
1989-05-24,0.2475544720725114,0.253619521856308,0.24590053450510888,0.253619521856308,69364800,0.0,0.0
1989-05-25,0.253619521856308,0.2580300094167356,0.25141363449115905,0.253619521856308,33840000,0.0,0.0
1989-05-26,0.25582466755927197,0.26023515342882153,0.25472205555636535,0.25968384742736816,37886400,0.0,0.0
1989-05-30,0.2602352499961853,0.2629924435402334,0.2580300062430949,0.2602352499961853,63907200,0.0,0.0
1989-05-31,0.2602352587211286,0.269056858685212,0.2602352587211286,0.26685163378715515,80971200,0.0,0.0
1989-06-01,0.26574890377256594,0.26795414678108365,0.26354366076404817,0.2646462917327881,62798400,0.0,0.0
1989-06-02,0.26519775603817763,0.2657490623871183,0.2569274604320526,0.2569274604320526,54043200,0.0,0.0
1989-06-05,0.2580299735111978,0.2580299735111978,0.24920835603295832,0.2503109872341156,61416000,0.0,0.0
1989-06-06,0.25031098144781627,0.25858127366981437,0.24920835027214794,0.258029967546463,53899200,0.0,0.0
1989-06-07,0.2591326236400904,0.26464638617829606,0.2591326236400904,0.2635437548160553,44928000,0.0,0.0
1989-06-08,0.2635437548160553,0.265748998611568,0.26244049879784376,0.2635437548160553,29217600,0.0,0.0
1989-06-09,0.2635437548160553,0.265197692394932,0.26133786743560306,0.2635437548160553,36144000,0.0,0.0
1989-06-12,0.2635437497462639,0.26574899349935427,0.25858131244912536,0.2602352499961853,51681600,0.0,0.0
1989-06-13,0.25747867672944164,0.2580299828855665,0.2525162398815155,0.2525162398815155,40564800,0.0,0.0
1989-06-14,0.25472208857536316,0.25582470072119873,0.24920832747452187,0.25472208857536316,47304000,0.0,0.0
1989-06-15,0.2547221177656581,0.2547221177656581,0.2481057437607671,0.2503109872341156,52113600,0.0,0.0
1989-06-16,0.24975968109802,0.2514135995063068,0.2481057437607671,0.2503109872341156,47361600,0.0,0.0
1989-06-19,0.25141351422879576,0.25141351422879576,0.24479780498171358,0.2492082715034485,27158400,0.0,0.0
1989-06-20,0.24920824456988946,0.25031087527787443,0.24038664996623993,0.24038664996623993,45806400,0.0,0.0
1989-06-21,0.234873649612693,0.24700312238965552,0.234873649612693,0.242591992020607,80496000,0.0,0.0
1989-06-22,0.2436953729008208,0.2447980046272278,0.2425921165182367,0.24479800462722778,36072000,0.0,0.0
1989-06-23,0.24479783760296844,0.24700308062218185,0.24369520662888067,0.24424651265144348,33537600,0.0,0.0
1989-06-26,0.24369525271802442,0.24479788390064858,0.23928412226062445,0.24148936569690704,30240000,0.0,0.0
1989-06-27,0.24148938031786374,0.24369526747253636,0.23707891210723278,0.2376302182674408,35899200,0.0,0.0
1989-06-28,0.23818154733962782,0.23818154733962782,0.22935992862695898,0.23266780376434326,57456000,0.0,0.0
1989-06-29,0.23321965875271966,0.23321965875271966,0.22605198052258885,0.22935983538627625,77198400,0.0,0.0
1989-06-30,0.22935986638051198,0.2359762395156164,0.22605201106982203,0.23377099633216858,67248000,0.0,0.0
1989-07-03,0.23432233567673322,0.23928412881197642,0.23432233567673322,0.23818151652812958,14688000,0.0,0.0
1989-07-05,0.2403868626248982,0.24479799508579664,0.2381816181870125,0.24369536340236664,26539200,0.0,0.0
1989-07-06,0.24590053469684567,0.24700316605229666,0.23101386619565112,0.23266780376434326,94780800,0.0,0.0
1989-07-07,0.2326677646436683,0.2392841195329636,0.23211645852312357,0.23597626388072968,41457600,0.0,0.0
1989-07-10,0.23707887150749654,0.24259197002339272,0.23597624044693913,0.24204066395759583,27259200,0.0,0.0
1989-07-11,0.24204068799361833,0.24479788111013495,0.2348736516396402,0.23597626388072968,43488000,0.0,0.0
1989-07-12,0.23377100645308657,0.23597624973200854,0.22935987631045382,0.23487363755702972,52156800,0.0,0.0
1989-07-13,0.23432230239578963,0.23707887057182206,0.2315651095639598,0.23377099633216858,33408000,0.0,0.0
1989-07-14,0.2348736911312122,0.2359763035576945,0.22825731620047665,0.23266780376434326,42768000,0.0,0.0
1989-07-17,0.23266775069331894,0.23597624973200854,0.23156511958937578,0.23487363755702972,31291200,0.0,0.0
1989-07-18,0.2348736516396402,0.2392841195329636,0.2348736516396402,0.23597626388072968,42984000,0.0,0.0
1989-07-19,0.23818147893159528,0.24038672208016135,0.2348736236732278,0.23873278498649597,29764800,0.0,0.0
1989-07-20,0.2392841195329636,0.24369524994007996,0.23597626388072968,0.23597626388072968,44524800,0.0,0.0
1989-07-21,0.2337711293112411,0.2492084650325937,0.23266787297165836,0.24369536340236664,99763200,0.0,0.0
1989-07-24,0.24148947537935386,0.24590060784025233,0.23928423094146817,0.24369536340236664,38361600,0.0,0.0
1989-07-25,0.24259193628362175,0.25141353248111575,0.22715461142979199,0.22935983538627625,326030400,0.0,0.0
1989-07-26,0.23266780376434326,0.2348736911312122,0.22935992862695898,0.23266780376434326,123638400,0.0,0.0
1989-07-27,0.23652752056666354,0.23818145751158795,0.2348736025507007,0.23707884550094604,45561600,0.0,0.0
1989-07-28,0.2381815750007792,0.2403868190388179,0.23487371840820656,0.2392841875553131,29217600,0.0,0.0
1989-07-31,0.23818151000696602,0.24259199687953123,0.2370788977533076,0.24148936569690704,33336000,0.0,0.0
1989-08-01,0.24148943159335182,0.2436953192164009,0.2381815750007792,0.2392841875553131,62136000,0.0,0.0
1989-08-02,0.2381815750007792,0.24148943159335182,0.2381815750007792,0.2392841875553131,28368000,0.0,0.0
1989-08-03,0.23983544251270666,0.24369524783700283,0.2392841174679543,0.242591992020607,27590400,0.0,0.0
1989-08-04,0.24148938325271957,0.2536195007392966,0.24038677091890334,0.25141361355781555,178128000,0.0,0.0
1989-08-07,0.25472208857536316,0.25582470072119873,0.25141357069515685,0.25472208857536316,93571200,0.0,0.0
1989-08-08,0.2536195187369141,0.26133786240824625,0.2536195187369141,0.2602352499961853,110548800,0.0,0.0
1989-08-09,0.25968391895242987,0.2646463557749312,0.25913259387016296,0.25913259387016296,113774400,0.0,0.0
1989-08-10,0.26023521096883406,0.26023521096883406,0.25692735529976024,0.258029967546463,48340800,0.0,0.0
1989-08-11,0.26023518716246874,0.2624404303831038,0.25472208857536316,0.25472208857536316,61473600,0.0,0.0
1989-08-14,0.25472213200208,0.25472213200208,0.25141361355781555,0.25141361355781555,68990400,0.0,0.0
1989-08-15,0.25141363449115905,0.2558247656365218,0.24975971585272522,0.253619521856308,17856000,0.0,0.0
1989-08-16,0.2547221368657741,0.25582474922064374,0.2447979063711837,0.24645182490348816,46670400,0.0,0.0
1989-08-17,0.2459004168799074,0.25031090233060194,0.24369517415456013,0.2492082715034485,39960000,0.0,0.0
1989-08-18,0.24920839071094525,0.25472215321089925,0.24920839071094525,0.253619521856308,24912000,0.0,0.0
1989-08-21,0.2536194089028519,0.25527334573364724,0.24700305585294258,0.24755436182022095,32097600,0.0,0.0
1989-08-22,0.24700317620623163,0.2591326326969714,0.24700317620623163,0.2574787139892578,64771200,0.0,0.0
1989-08-23,0.25858135570199886,0.2629924875309564,0.2558248052817901,0.26133790612220764,46094400,0.0,0.0
1989-08-24,0.2640950559522944,0.2668516248403837,0.2569273938310339,0.2602352499961853,92764800,0.0,0.0
1989-08-25,0.2591325224969534,0.26133776543172815,0.25472205555636535,0.25968384742736816,85147200,0.0,0.0
1989-08-28,0.25913247750029716,0.2624403507925495,0.25692725387740645,0.26078641414642334,28540800,0.0,0.0
1989-08-29,0.26409501634609,0.264646341398407,0.2574786614231116,0.258029967546463,54417600,0.0,0.0
1989-08-30,0.2591326620002463,0.2629924875309564,0.25803004940375146,0.26133790612220764,40377600,0.0,0.0
1989-08-31,0.26244046864789783,0.26354372453936403,0.25913259387016296,0.25913259387016296,14198400,0.0,0.0
1989-09-01,0.26023517374577415,0.2657489156333849,0.259132542727822,0.2640949785709381,44409600,0.0,0.0
1989-09-05,0.26354366076404817,0.2690567588208615,0.2629923547441593,0.2646462917327881,93340800,0.0,0.0
1989-09-06,0.26354379382920384,0.2646464253546703,0.2591326620002463,0.26133790612220764,42379200,0.0,0.0
1989-09-07,0.2602353174546703,0.2613379301525518,0.2558248288051978,0.2569274604320526,41904000,0.0,0.0
1989-09-08,0.25582476249000446,0.2624404937492757,0.2547221500779435,0.2602352499961853,39787200,0.0,0.0
1989-09-11,0.25913247313008253,0.2624403463665483,0.2580298613372325,0.2618890404701233,27907200,0.0,0.0
1989-09-12,0.2624405369708194,0.2690568939757026,0.26133790544819674,0.2657490372657776,67795200,0.0,0.0
1989-09-13,0.26905685162714493,0.28008371405795973,0.2668516267869369,0.27457061409950256,181022400,0.0,0.0
1989-09-14,0.2767758440479091,0.2844948309750281,0.2745706003888511,0.2811863124370575,78163200,0.0,0.0
1989-09-15,0.282288966882205,0.28449485430707244,0.2756732353624604,0.27677586674690247,89150400,0.0,0.0
1989-09-18,0.27567319901504894,0.28008368611335754,0.27567319901504894,0.28008368611335754,39110400,0.0,0.0
1989-09-19,0.2811863710580427,0.2822890025819291,0.2756732702255249,0.2756732702255249,49204800,0.0,0.0
1989-09-20,0.27677583948187284,0.2867000699043274,0.27457059585919524,0.2867000699043274,72129600,0.0,0.0
1989-09-21,0.2900078941021064,0.2944190244490903,0.2844947951138826,0.2889052629470825,89352000,0.0,0.0
1989-09-22,0.2889052129900819,0.29111045598983765,0.28559735795492935,0.29111045598983765,43948800,0.0,0.0
1989-09-25,0.29111048688338836,0.29993210340329596,0.28890524364960535,0.29552161693573,69940800,0.0,0.0
1989-09-26,0.29552158250420274,0.29772682548105056,0.2933163395273549,0.29662421345710754,39988800,0.0,0.0
1989-09-27,0.2922130860153708,0.29717552160134464,0.29000784302270016,0.29386764764785767,69235200,0.0,0.0
1989-09-28,0.29331636296894065,0.2999320924282074,0.29331636296894065,0.2999320924282074,41428800,0.0,0.0
1989-09-29,0.29993210185322117,0.3065484751051518,0.2988294707775462,0.3021373450756073,64324800,0.0,0.0
1989-10-02,0.30103466361297365,0.30875364771961755,0.29993205165081693,0.30709972977638245,50428800,0.0,0.0
1989-10-03,0.31095884277884456,0.31095884277884456,0.30379180933950917,0.3043431341648102,68918400,0.0,0.0
1989-10-04,0.30434329499883095,0.33411596810733984,0.30213740773420583,0.3330133557319641,260020800,0.0,0.0
1989-10-05,0.33301328799938096,0.36278597398130075,0.33191003226349397,0.3495532274246216,284760000,0.0,0.0
1989-10-06,0.35120712532679915,0.3550669677959544,0.3451427402445181,0.3517584502696991,87609600,0.0,0.0
1989-10-09,0.3506559745092933,0.36168281837371785,0.348450711738636,0.3605802059173584,58536000,0.0,0.0
1989-10-10,0.3638884853244953,0.3660937468737246,0.35616952096238996,0.3583747446537018,68299200,0.0,0.0
1989-10-11,0.3539645536228784,0.35506720424295746,0.3484508083691473,0.3528619408607483,106401600,0.0,0.0
1989-10-12,0.3528617323622421,0.35506699444140877,0.34514276614522404,0.3462453782558441,58881600,0.0,0.0
1989-10-13,0.34293737807438085,0.3440399897799126,0.3219856734840816,0.32419154047966003,102643200,0.0,0.0
1989-10-16,0.3120615122653357,0.3363210947612823,0.3043431719708708,0.3341158330440521,253065600,0.0,0.0
1989-10-17,0.33191001646937734,0.3594774389793343,0.3274995302168763,0.3467966616153717,177206400,0.0,0.0
1989-10-18,0.3478994519975337,0.35616974644720395,0.3462455142530122,0.3550671339035034,134784000,0.0,0.0
1989-10-19,0.3572722595564776,0.3793259428943792,0.35396438498806754,0.3716069757938385,179424000,0.0,0.0
1989-10-20,0.37050436429947153,0.3771207191764444,0.3638886151493939,0.37601810693740845,93542400,0.0,0.0
1989-10-23,0.3738128675041158,0.37822335458841166,0.3638886374440679,0.3666451871395111,60912000,0.0,0.0
1989-10-24,0.3638888168929901,0.3638888168929901,0.34734822339373517,0.3567211329936981,157089600,0.0,0.0
1989-10-25,0.35947741590745924,0.3649911953473907,0.34955318835602295,0.3517584502696991,71481600,0.0,0.0
1989-10-26,0.34734801570926616,0.35396437029839894,0.3418342733112009,0.34293752908706665,135460800,0.0,0.0
1989-10-27,0.34293751231903347,0.3440401244561884,0.3363211580534093,0.33962899446487427,97041600,0.0,0.0
1989-10-30,0.3440402186759561,0.35175858146566724,0.3434889313853653,0.35120725631713867,45921600,0.0,0.0
1989-10-31,0.3539644554633248,0.36168281837371785,0.3528618430069653,0.3605802059173584,56563200,0.0,0.0
1989-11-01,0.36058007947971,0.36609382127100154,0.36058007947971,0.36223462224006653,74649600,0.0,0.0
1989-11-02,0.35672101517193633,0.35672101517193633,0.3352186520192339,0.33632126450538635,226051200,0.0,0.0
1989-11-03,0.3374237481750704,0.3473479760625725,0.33632113610985626,0.34514275193214417,98755200,0.0,0.0
1989-11-06,0.34514278066158227,0.3517584914614792,0.3374237762619841,0.3407316505908966,88027200,0.0,0.0
1989-11-07,0.34183426643165643,0.36333730483979326,0.34073165426277935,0.3572722375392914,131544000,0.0,0.0
1989-11-08,0.36223471769549304,0.37271027334794643,0.3616827868594205,0.36719653010368347,106488000,0.0,0.0
1989-11-09,0.3705043433788216,0.37271021131716464,0.36388859460230444,0.3694016933441162,111528000,0.0,0.0
1989-11-10,0.3705043895553671,0.37491552025495833,0.36940173938323667,0.372710257768631,59169600,0.0,0.0
1989-11-13,0.3727100798801029,0.3892500138574826,0.36940156307381045,0.3886987268924713,178905600,0.0,0.0
1989-11-14,0.39145537712241346,0.39366124485667525,0.3793258871414843,0.38153114914894104,95241600,0.0,0.0
1989-11-15,0.38263427887673607,0.3936611152958476,0.3804284118684641,0.39035263657569885,94492800,0.0,0.0
1989-11-16,0.39255884640043726,0.3936614590752111,0.38042874409187205,0.3859424889087677,68054400,0.0,0.0
1989-11-17,0.3864938511714528,0.3892504023212359,0.3826346871333471,0.383186012506485,31651200,0.0,0.0
1989-11-20,0.3826344048084371,0.3826344048084371,0.37271017683496466,0.38153114914894104,56937600,0.0,0.0
1989-11-21,0.38153104989943804,0.3903526635033361,0.38153104989943804,0.3886987268924713,67118400,0.0,0.0
1989-11-22,0.38925015926361084,0.3903528093213642,0.3859423226641397,0.38925015926361084,38232000,0.0,0.0
1989-11-24,0.39200748679994507,0.39255881201801696,0.3859424551058437,0.3864937424659729,17971200,0.0,0.0
1989-11-27,0.3859423655533786,0.38704497787573405,0.37822335999614765,0.3826344907283783,37281600,0.0,0.0
1989-11-28,0.3837369680404663,0.3892500655705032,0.3804284886525481,0.3837369680404663,56664000,0.0,0.0
1989-11-29,0.38594232030409387,0.3881475446902563,0.37160696105065116,0.377120703458786,85896000,0.0,0.0
1989-11-30,0.3705042619422492,0.3848396178328101,0.3694016121499054,0.3837369680404663,111211200,0.0,0.0
1989-12-01,0.3842884152125013,0.38704496485462003,0.3743641853444341,0.3749155104160309,52070400,0.0,0.0
1989-12-04,0.3749153954295472,0.3848396222538559,0.37215880877494056,0.3804284930229187,40536000,0.0,0.0
1989-12-05,0.3826344907283783,0.3848397532310231,0.3793259723185031,0.3826344907283783,44049600,0.0,0.0
1989-12-06,0.38153120599051915,0.3837370740534173,0.3727102323623696,0.37601810693740845,57384000,0.0,0.0
1989-12-07,0.37050434885756994,0.380428577895959,0.37050434885756994,0.377120703458786,40348800,0.0,0.0
1989-12-08,0.37712057862056436,0.3793258022767316,0.366093741039308,0.3738127052783966,107625600,0.0,0.0
1989-12-11,0.3738128714504049,0.3738128714504049,0.36168277306425434,0.3660939037799835,103377600,0.0,0.0
1989-12-12,0.36940162971548673,0.36940162971548673,0.35506695458586024,0.36388853192329407,93628800,0.0,0.0
1989-12-13,0.35616981700508754,0.36388878778307887,0.34955342113127746,0.3528619408607483,95788800,0.0,0.0
1989-12-14,0.3484507025828996,0.3517585777230001,0.3440402150154114,0.3440402150154114,61516800,0.0,0.0
1989-12-15,0.3451427744512709,0.3462453865884259,0.3308074159249401,0.33962899446487427,107164800,0.0,0.0
1989-12-18,0.34073162222863784,0.3484505881277866,0.3396289723054987,0.34514275193214417,78436800,0.0,0.0
1989-12-19,0.3451429134299889,0.3550671459611968,0.34293765040975804,0.35451582074165344,70473600,0.0,0.0
1989-12-20,0.3583748552379642,0.36609385983985177,0.35616963086618303,0.3649912476539612,111009600,0.0,0.0
1989-12-21,0.36499131922111405,0.3682991564273834,0.3583749255077809,0.3682991564273834,55022400,0.0,0.0
1989-12-22,0.3682989552716371,0.38042844222853106,0.3649911198720253,0.378223180770874,54892800,0.0,0.0
1989-12-26,0.3787746406773725,0.38097986506353493,0.37381282902161295,0.377120703458786,23817600,0.0,0.0
1989-12-27,0.37932584321790763,0.3837369724488448,0.3760180073766373,0.3804284930229187,62798400,0.0,0.0
1989-12-28,0.36829910196346866,0.37822333141548037,0.36609387748539673,0.37601810693740845,123091200,0.0,0.0
1989-12-29,0.37712061499135774,0.3892500655705032,0.3760180030569345,0.3837369680404663,77630400,0.0,0.0
1990-01-02,0.3848397596138625,0.3914554715156555,0.3798773037091814,0.3914554715156555,53035200,0.0,0.0
1990-01-03,0.3947638508100622,0.3980716866658446,0.39035272155977263,0.3936612010002136,113774400,0.0,0.0
1990-01-04,0.3936612963241588,0.40579078789090406,0.3914554283015007,0.405239462852478,125740800,0.0,0.0
1990-01-05,0.4035855218291823,0.40579078410437835,0.39476394271737913,0.3953152298927307,69566400,0.0,0.0
1990-01-08,0.39476387528643647,0.4013795852661133,0.39035274576264556,0.4013795852661133,58982400,0.0,0.0
1990-01-09,0.4013796904609712,0.40579082114084525,0.3980718156752328,0.4002770781517029,70300800,0.0,0.0
1990-01-10,0.3969691639630394,0.4024829064048909,0.3886988720926638,0.38925015926361084,103766400,0.0,0.0
1990-01-11,0.39145537712241346,0.3947638947893663,0.3749154388424214,0.38153114914894104,95774400,0.0,0.0
1990-01-12,0.37546687081632685,0.3848398152977198,0.3705044520515499,0.37987735867500305,148910400,0.0,0.0
1990-01-15,0.37822342099575695,0.38373716493959587,0.3760181959953888,0.37987735867500305,62467200,0.0,0.0
1990-01-16,0.37712075392860644,0.39366133978182727,0.3727102667080996,0.3914554715156555,80092800,0.0,0.0
1990-01-17,0.3881477142583154,0.3991745603070262,0.3837372257012741,0.3859424889087677,97588800,0.0,0.0
1990-01-18,0.39531523766106186,0.41902285814285284,0.3947639504748769,0.4190228581428528,292363200,0.0,0.0
1990-01-19,0.42012556794536243,0.42343404869133383,0.4124072055203531,0.4151637554168701,99259200,0.0,0.0
1990-01-22,0.41461243891572597,0.41461243891572597,0.39917442798450115,0.4002770781517029,167688000,0.0,0.0
1990-01-23,0.40137961157297747,0.4024828672502768,0.3936612512092151,0.3958665132522583,139348800,0.0,0.0
1990-01-24,0.3881475855910837,0.4002770781517029,0.3842884235796778,0.4002770781517029,180345600,0.0,0.0
1990-01-25,0.4035855586643752,0.4079960457593819,0.39917442798450115,0.4002770781517029,112752000,0.0,0.0
1990-01-26,0.39917442798450115,0.4024829463551068,0.3969692033659645,0.4002770781517029,68083200,0.0,0.0
1990-01-29,0.4035854637622833,0.4068933377701836,0.3980717220696833,0.4035854637622833,55080000,0.0,0.0
1990-01-30,0.404688099318284,0.40799593535095025,0.3969690959415234,0.4024828374385834,73108800,0.0,0.0
1990-01-31,0.4057907448531235,0.40799596905708313,0.40248287068925775,0.40799596905708313,112939200,0.0,0.0
1990-02-01,0.4079959549599704,0.41571495870772013,0.4079959549599704,0.41350969672203064,89193600,0.0,0.0
1990-02-02,0.41020121694565986,0.4212280568850565,0.41020121694565986,0.41350969672203064,71395200,0.0,0.0
1990-02-05,0.4129585483662196,0.4157150983810425,0.41130396720079815,0.4157150983810425,59731200,0.0,0.0
1990-02-06,0.41461238265037537,0.41571499481001273,0.40689337823227745,0.41461238265037537,81964800,0.0,0.0
1990-02-07,0.412407133610066,0.41792023244179627,0.4102012656357452,0.41130387783050537,134150400,0.0,0.0
1990-02-08,0.4129585483662196,0.41902293568406734,0.41130396720079815,0.4157150983810425,95227200,0.0,0.0
1990-02-09,0.4157150527866872,0.4179202774135081,0.4146124404732767,0.41681766510009766,62380800,0.0,0.0
1990-02-12,0.4168175007312595,0.42122798610359324,0.4146122769740519,0.4179201126098633,56088000,0.0,0.0
1990-02-13,0.41902272448846706,0.42012537422498947,0.4168175007312595,0.4179201126098633,58752000,0.0,0.0
1990-02-14,0.42012550823108397,0.42012550823108397,0.41681763368225183,0.4190228581428528,35870400,0.0,0.0
1990-02-15,0.419022789476784,0.43225553481534884,0.419022789476784,0.42784440517425537,89496000,0.0,0.0
1990-02-16,0.43335823800630074,0.4355635004272496,0.43115236985843325,0.4322556257247925,70876800,0.0,0.0
1990-02-20,0.43115208231509694,0.443282172207472,0.42784420981872145,0.4421795606613159,132652800,0.0,0.0
1990-02-21,0.4355634381767227,0.4410765366542668,0.4223313355311017,0.4239852726459503,103348800,0.0,0.0
1990-02-22,0.42674171646663706,0.43335806901842483,0.42453649276354705,0.4250877797603607,60811200,0.0,0.0
1990-02-23,0.42233153206513807,0.431152508877264,0.42122827584305,0.4300498962402344,56851200,0.0,0.0
1990-02-26,0.43004976008265344,0.4410766022627006,0.4289471099367881,0.43776872754096985,69220800,0.0,0.0
1990-02-27,0.43887133727177435,0.43887133727177435,0.43225562572479254,0.4322556257247925,62020800,0.0,0.0
1990-02-28,0.4322556299610171,0.43997399172308166,0.4322556299610171,0.43556350469589233,39312000,0.0,0.0
1990-03-01,0.434460777441536,0.44879545274926486,0.434460777441536,0.44107648730278015,76867200,0.0,0.0
1990-03-02,0.4421800368455831,0.4603739230372758,0.4416287115498285,0.4576173722743988,100209600,0.0,0.0
1990-03-05,0.4565145426799781,0.4664387718686733,0.4510008001883356,0.46423354744911194,75528000,0.0,0.0
1990-03-06,0.4620282984555519,0.4631309106970341,0.45210406898152183,0.46092504262924194,68630400,0.0,0.0
1990-03-07,0.46202830553335056,0.4653361801664016,0.4532066881656646,0.4532066881656647,47606400,0.0,0.0
1990-03-08,0.4543093729892522,0.4730551835571649,0.4487955919754566,0.46864405274391174,88977600,0.0,0.0
1990-03-09,0.4675414166365529,0.4763630342297768,0.4642335797768636,0.4697466790676117,75744000,0.0,0.0
1990-03-12,0.4686439537939769,0.4796708320505213,0.4675413416841755,0.47746556997299194,68875200,0.0,0.0
1990-03-13,0.4785682831281393,0.4807735456712898,0.46864405274391174,0.46864405274391174,85204800,0.0,0.0
1990-03-14,0.47305493314949865,0.4796706794190257,0.46754119291228974,0.4758114814758301,130968000,0.0,0.0
1990-03-15,0.47581183099725616,0.4929037454881321,0.4752605436417744,0.4895952641963959,81676800,0.0,0.0
1990-03-16,0.4940060682059105,0.5083407413933898,0.49290341851052766,0.5028276443481445,118900800,0.0,0.0
1990-03-19,0.5017254240284751,0.5160601462598681,0.49841690449178994,0.5138549208641052,81172800,0.0,0.0
1990-03-20,0.5138545481825421,0.5149571600807359,0.49621131921050937,0.498416543006897,92145600,0.0,0.0
1990-03-21,0.497865292039223,0.5094434560381058,0.49510874316516584,0.4995192289352417,69840000,0.0,0.0
1990-03-22,0.500621971194007,0.5017252270438282,0.4862872545906329,0.4906977415084839,92419200,0.0,0.0
1990-03-23,0.49400602914984953,0.49951912575923,0.4807732874035059,0.48628702759742737,53596800,0.0,0.0
1990-03-26,0.4873895973961081,0.49621120993951134,0.48683831049737003,0.4918007254600525,55929600,0.0,0.0
1990-03-27,0.4901464604050125,0.4984167535058077,0.4884925229302462,0.49621152877807617,52516800,0.0,0.0
1990-03-28,0.49510900848388606,0.49510900848388606,0.4785683813484919,0.4895952641963959,99532800,0.0,0.0
1990-03-29,0.486838843256261,0.49731436581739336,0.4851849050342826,0.4873901307582855,64785600,0.0,0.0
1990-03-30,0.48518462239967136,0.48959510913638865,0.4818767478826508,0.4884924590587616,36691200,0.0,0.0
1990-04-02,0.48408176242994716,0.49565988518286236,0.48187650126126225,0.4918007254600525,74059200,0.0,0.0
1990-04-03,0.49731418623375967,0.5127521614712561,0.49621157376991926,0.5116495490074158,84643200,0.0,0.0
1990-04-04,0.5116494482481838,0.5237789401205383,0.5094435801699476,0.516059935092926,79646400,0.0,0.0
1990-04-05,0.515508592161567,0.5166112422279584,0.5050330758094788,0.5050330758094788,66369600,0.0,0.0
1990-04-06,0.5061357935718882,0.508341018448708,0.4995194374985482,0.5039305686950684,72878400,0.0,0.0
1990-04-09,0.5017252013261642,0.5083409124348635,0.5017252013261642,0.5050330758094788,31176000,0.0,0.0
1990-04-10,0.505584456341841,0.5204704999923706,0.505033169064779,0.5204704999923706,45187200,0.0,0.0
1990-04-11,0.5226763859252629,0.5337032675743103,0.5215737734762345,0.5337032675743103,70372800,0.0,0.0
1990-04-12,0.5370108887103354,0.5381135007154307,0.5292919232320556,0.5326004028320312,48254400,0.0,0.0
1990-04-16,0.5381136255341264,0.544730018399946,0.5303946582653857,0.5359084010124207,39470400,0.0,2.0
1990-04-17,0.5348058057404738,0.555756877963625,0.5270868003685956,0.5469352602958679,66780000,0.0,0.0
1990-04-18,0.5436271494929877,0.5447297612332981,0.5182649215647598,0.5348055362701416,97797600,0.0,0.0
1990-04-19,0.5292920885898161,0.5403189313862344,0.5226763387765517,0.5248816013336182,58003200,0.0,0.0
1990-04-20,0.529292219343089,0.5337033512738781,0.5182653359647187,0.5226764678955078,44661600,0.0,0.0
1990-04-23,0.5193678875803096,0.5248816310834786,0.505033169064779,0.5204704999923706,64879200,0.0,0.0
1990-04-24,0.5270868806599548,0.5270868806599548,0.4984167986976001,0.5116495490074158,47916000,0.0,0.0
1990-04-25,0.5138548117930353,0.5182652616483968,0.5028279299958578,0.5116495490074158,53870400,0.0,0.0
1990-04-26,0.5160598708134071,0.5182650950321337,0.5050330304191706,0.5061356425285339,46296000,0.0,0.0
1990-04-27,0.5039305346259062,0.505033146989772,0.490697785515913,0.49621152877807617,57124800,0.0,0.0
1990-04-30,0.49621157376991926,0.5116495490074158,0.491801086056619,0.5116495490074158,51451200,0.0,0.0
1990-05-01,0.5182652496952157,0.5182652496952157,0.5006220499369581,0.5039305686950684,52473600,0.0,0.0
1990-05-02,0.5050332999800661,0.5160601462598681,0.5050332999800661,0.5138549208641052,33264000,0.0,0.0
1990-05-03,0.5160600124861898,0.5270868559076005,0.5138547876620678,0.5204704999923706,45892800,0.0,0.0
1990-05-04,0.5248815487434659,0.544730007648468,0.5204704183443474,0.544730007648468,47815200,0.0,0.0
1990-05-07,0.5469352389219364,0.5822216703560575,0.5425247520528469,0.5645784735679626,97351200,0.0,0.0
1990-05-08,0.5535517334938049,0.5601674460845802,0.5491406022290226,0.5535517334938049,50824800,0.0,0.0
1990-05-09,0.5546543459492778,0.5579621833156962,0.5469353394601386,0.5535517334938049,35164800,0.0,0.0
1990-05-10,0.5579618650210727,0.5733998691925956,0.5535514177151627,0.5689887404441833,48801600,0.0,0.0
1990-05-11,0.5734000769899303,0.5822216562411489,0.5579620672237496,0.577810525894165,49168800,0.0,0.0
1990-05-14,0.5844267886991636,0.5866320126613089,0.5778103975122081,0.5800156593322754,47232000,0.0,0.0
1990-05-15,0.5778104786250343,0.5800157407546755,0.5667836379658442,0.5711947679519653,54122400,0.0,0.0
1990-05-16,0.5689889000954855,0.5711947679519653,0.5601672837080093,0.5711947679519653,38556000,0.0,0.0
1990-05-17,0.5711947679519653,0.5756052543533204,0.5667836379658442,0.5711947679519653,41731200,0.0,0.0
1990-05-18,0.570091481829155,0.6108916494672941,0.5689888697520988,0.6020700335502625,101822400,0.0,0.0
1990-05-21,0.6064804314100924,0.6373557229738286,0.6064804314100924,0.6197125315666199,159595200,0.0,0.0
1990-05-22,0.6263290355381697,0.6373558766627143,0.6086858398765669,0.6307401657104492,142437600,0.0,0.0
1990-05-23,0.6351507917241417,0.6704372665091758,0.6340481792997105,0.6693339347839355,141184800,0.0,0.0
1990-05-24,0.6770527675232442,0.6946960003936992,0.6704370946722921,0.6748475432395935,146649600,0.0,0.0
1990-05-25,0.6549990773200989,0.672642309954447,0.6527938530659592,0.6549990773200989,104688000,0.0,0.0
1990-05-29,0.654999105122455,0.6660259840197472,0.6527938807747113,0.6638206839561462,61480800,0.0,0.0
1990-05-30,0.671539881057488,0.6748477563856615,0.6594097429228658,0.6660261750221252,65073600,0.0,0.0
1990-05-31,0.659409667500115,0.6660260988425923,0.6395612063472584,0.6439723372459412,69436800,0.0,0.0
1990-06-01,0.6461775918130335,0.6638207512694831,0.6439722915258087,0.6627181768417358,69069600,0.0,0.0
1990-06-04,0.6605128660952393,0.6814638975332427,0.6527938618018371,0.6748475432395935,59162400,0.0,0.0
1990-06-05,0.6814640390573782,0.6836692637990025,0.6417671165050448,0.647280216217041,80258400,0.0,0.0
1990-06-06,0.6461776376897358,0.6572044427721909,0.6395612063472584,0.6439723372459412,86292000,0.0,0.0
1990-06-07,0.6461774896730574,0.6505886195613044,0.626328995208862,0.6351506114006042,90122400,0.0,0.0
1990-06-08,0.6351502703142035,0.6505882701844375,0.6307397863792125,0.6483823657035828,63770400,0.0,0.0
1990-06-11,0.6439721479288194,0.6660259030420327,0.6439721479288194,0.6605128049850464,58240800,0.0,0.0
1990-06-12,0.6660261353685792,0.6704372665091758,0.6572044788143834,0.6693339347839355,46656000,0.0,0.0
1990-06-13,0.6693337632298421,0.6858744218163993,0.66271809037889,0.6748475432395935,80265600,0.0,0.0
1990-06-14,0.6748477563856615,0.6770529813658175,0.6549992929625538,0.6660261750221252,58204800,0.0,0.0
1990-06-15,0.6572043716176923,0.6792580551107549,0.6572043716176923,0.6704371571540833,51552000,0.0,0.0
1990-06-18,0.6682311271216576,0.6726422567235414,0.657204249565051,0.6605128049850464,52790400,0.0,0.0
1990-06-19,0.6594097038303873,0.666026135537398,0.6505888044327021,0.6616156101226807,41716800,0.0,0.0
1990-06-20,0.6649233189182004,0.685874426206151,0.6616154446136256,0.6847717761993408,39564000,0.0,0.0
1990-06-21,0.6836691189210627,0.6858744189112276,0.6704370918325085,0.6792579889297485,34308000,0.0,0.0
1990-06-22,0.6814638370593131,0.6858743609510745,0.6660259055583448,0.6682311296463013,34034400,0.0,0.0
1990-06-25,0.6671284983357849,0.6748475021593048,0.6549990462134428,0.657204270362854,68983200,0.0,0.0
1990-06-26,0.6638208329524823,0.6671287080744877,0.6572044769814761,0.6594097018241882,50198400,0.0,0.0
1990-06-27,0.6594097405752442,0.6748477539830777,0.6572045156029392,0.6726425290107727,35762400,0.0,0.0
1990-06-28,0.6759501932393465,0.6814638975332427,0.6715396689561898,0.6748475432395935,30052800,0.0,0.0
1990-06-29,0.674847606132419,0.674847606132419,0.6638207265279567,0.6704371571540833,34956000,0.0,0.0
1990-07-02,0.6704372728736804,0.6704372728736804,0.649485478708164,0.6505888104438782,35474400,0.0,0.0
1990-07-03,0.647280063926523,0.6483827138958418,0.630740125097109,0.6351506114006042,79257600,0.0,0.0
1990-07-05,0.6307400942407263,0.6395610285582621,0.624123740453373,0.6373558044433594,61855200,0.0,0.0
1990-07-06,0.6362533600509872,0.6527939450305501,0.6329454853458423,0.6461775898933411,41803200,0.0,0.0
1990-07-09,0.6483827231149917,0.6594095258283783,0.646177498860852,0.6549990773200989,37317600,0.0,0.0
1990-07-10,0.6549992601834717,0.66161561623574,0.6483829041312033,0.6505888104438782,29700000,0.0,0.0
1990-07-11,0.6527940679823978,0.6682314000022812,0.6461777115990175,0.6660261750221252,28922400,0.0,0.0
1990-07-12,0.6638208655294888,0.6858746293563869,0.6638208655294888,0.6836693286895752,89042400,0.0,0.0
1990-07-13,0.6858743667322653,0.710133951948027,0.6836690669098721,0.6913880705833435,93628800,0.0,0.0
1990-07-16,0.6946960062447947,0.7123392392638502,0.6924907819425704,0.6991064548492432,48729600,0.0,0.0
1990-07-17,0.7002098215572771,0.701312395905977,0.67925803172931,0.6858744621276855,54475200,0.0,0.0
1990-07-18,0.6814639610426834,0.6858744857368815,0.6660260267329868,0.6704371571540833,41853600,0.0,0.0
1990-07-19,0.6649233425181511,0.6770527958869934,0.6505886647732747,0.6770527958869934,63136800,0.0,0.0
1990-07-20,0.6792580784096829,0.6902856398351573,0.6439722896126678,0.6461775898933411,87724800,0.0,0.0
1990-07-23,0.6461774896730574,0.6527938437840888,0.6285342572895729,0.6351506114006042,74203200,0.0,0.0
1990-07-24,0.6395611448343098,0.6395611448343098,0.5888374223247458,0.6130970120429993,137102400,0.0,0.0
1990-07-25,0.6175074187784038,0.6329454279331569,0.6064805776538592,0.6307401657104492,60148800,0.0,0.0
1990-07-26,0.6285343193129338,0.6527939082013702,0.5822216531460858,0.606480598449707,303321600,0.0,0.0
1990-07-27,0.6042751869100539,0.6175072487561073,0.5976587963368006,0.6086856722831726,51019200,0.0,0.0
1990-07-30,0.6042753147473447,0.6086858010535227,0.5800157282380736,0.5998641848564148,87955200,0.0,0.0
1990-07-31,0.6020704712021511,0.605378347695778,0.582222000785896,0.586632490158081,42307200,0.0,0.0
1990-08-01,0.5844271351990528,0.5932487555783873,0.5623734060432449,0.5888376235961914,111117600,0.0,0.0
1990-08-02,0.5778104971081871,0.5888373759780352,0.5667836560962676,0.5822216272354126,91771200,0.0,0.0
1990-08-03,0.5778104566622446,0.5800157187080631,0.5326004457501494,0.5579620003700256,117180000,0.0,0.0
1990-08-06,0.5425248486094246,0.5469353362634765,0.5160600297882054,0.5337032675743103,113184000,0.0,0.0
1990-08-07,0.5403189659118652,0.5491405845728412,0.529292122410847,0.5403189659118652,91065600,0.0,0.0
1990-08-08,0.5513463980300979,0.5645785029098913,0.5469352673469215,0.5601673722267151,86263200,0.0,0.0
1990-08-09,0.5645784183184452,0.5800157455054336,0.5579620261484898,0.5745026469230652,77054400,0.0,0.0
1990-08-10,0.574502481019073,0.5800155780093772,0.5535514177151627,0.5689887404441833,73188000,0.0,0.0
1990-08-13,0.5623732591814105,0.5778105891960753,0.5579621283511661,0.5734001398086548,53942400,0.0,0.0
1990-08-14,0.5756054650410889,0.5811192091812521,0.5623733574089346,0.5667838454246521,33710400,0.0,0.0
1990-08-15,0.5711949770253713,0.5800159530568065,0.5667838454246521,0.5667838454246521,51408000,0.0,0.0
1990-08-16,0.5645784665534701,0.5689889533677623,0.544730007648468,0.544730007648468,53330400,0.0,0.0
1990-08-17,0.5381137879514052,0.5447301828142314,0.5292922057592198,0.5314980745315552,95227200,0.0,0.0
1990-08-20,0.5314980626034497,0.5337033255992035,0.4895952641963958,0.4895952641963959,113601600,0.0,0.0
1990-08-21,0.4785683751106262,0.482979506771714,0.4476930656809949,0.4785683751106262,165650400,0.0,0.0
1990-08-22,0.4851845304088501,0.4895950163093408,0.4708491735273504,0.4741576910018921,79236000,0.0,0.0
1990-08-23,0.4631311338324177,0.4741580187185857,0.44989841767362476,0.45651477575302124,107445600,0.0,0.0
1990-08-24,0.4609250288256047,0.509443562501255,0.4609250288256047,0.5050330758094788,95443200,0.0,0.0
1990-08-27,0.5204704286170075,0.5403188879137638,0.5204704286170075,0.5359084010124207,110116800,0.0,0.0
1990-08-28,0.5314978498653843,0.5579620173862889,0.5292919820254776,0.5546541810035706,79826400,0.0,0.0
1990-08-29,0.5513464675024771,0.5623733112935864,0.5292921363353097,0.5337032675743103,77954400,0.0,0.0
1990-08-30,0.5359081606454985,0.5502428707657784,0.5292918086051941,0.5292918086051941,65383200,0.0,0.0
1990-08-31,0.5292919287084944,0.5469351217157168,0.5226761808936253,0.5425246357917786,40737600,0.0,0.0
1990-09-04,0.5381138666537262,0.5513466204568037,0.5359086411438967,0.5491407513618469,47376000,0.0,0.0
1990-09-05,0.5513464490174081,0.555756936523589,0.5160600124861898,0.5204704999923706,54676800,0.0,0.0
1990-09-06,0.5116494589789657,0.5160599459162087,0.49621148645789304,0.5072383284568787,115617600,0.0,0.0
1990-09-07,0.5028278318960663,0.5204704228922227,0.4984167014584033,0.5094435811042786,53704800,0.0,0.0
1990-09-10,0.5182648816478658,0.5292917553599539,0.4918007254600525,0.4918007254600525,74246400,0.0,0.0
1990-09-11,0.49400639591498025,0.49841684619060356,0.48077364434424585,0.4895952641963959,78868800,0.0,0.0
1990-09-12,0.4962114142436607,0.5094435167145503,0.491800927948281,0.5061356425285339,75016800,0.0,0.0
1990-09-13,0.5116494589789657,0.5160599459162087,0.5028278415196357,0.5072383284568787,49867200,0.0,0.0
1990-09-14,0.5028278476834416,0.5314979249525333,0.4973141048239376,0.5270867943763733,67672800,0.0,0.0
1990-09-17,0.5248815591031897,0.544730018399946,0.5226762967235522,0.5359084010124207,70394400,0.0,0.0
1990-09-18,0.534805778195967,0.5502431067018506,0.5270867732216465,0.544730007648468,60638400,0.0,0.0
1990-09-19,0.555756877963625,0.557962102555383,0.5447300357041099,0.5469352602958679,52696800,0.0,0.0
1990-09-20,0.5425247670866891,0.546935254077997,0.5270867943763733,0.5270867943763733,52444800,0.0,0.0
1990-09-21,0.5270868735793147,0.5359084924723672,0.5160600297882054,0.5337032675743103,79891200,0.0,0.0
1990-09-24,0.5248815523672411,0.5292920392119832,0.507238317818611,0.516059935092926,81439200,0.0,0.0
1990-09-25,0.5259840493588468,0.5337030526950495,0.518265046022644,0.5326004028320312,53308800,0.0,0.0
1990-09-26,0.5337033375768006,0.5359085627641028,0.524881717526672,0.5314980745315552,39268800,0.0,0.0
1990-09-27,0.5381138017616733,0.5425249336924625,0.5138548854769235,0.5226764678955078,65728800,0.0,0.0
1990-09-28,0.5138546682067044,0.5601672938081492,0.511649406037301,0.5557568073272705,97984800,0.0,0.0
1990-10-01,0.5711949051881869,0.5954538544647031,0.5689890368017216,0.5921459794044495,131623200,0.0,0.0
1990-10-02,0.6020701937613209,0.6042754563601797,0.5778106015667789,0.5811191201210022,83469600,0.0,0.0
1990-10-03,0.5778103975122081,0.5943510158293371,0.5756051735500628,0.5800156593322754,57600000,0.0,0.0
1990-10-04,0.5756054510150039,0.5800159389232489,0.564578606588376,0.5656812191009521,69292800,0.0,0.0
1990-10-05,0.5557567973066542,0.5800157407546755,0.5491404430488193,0.5711947679519653,82101600,0.0,0.0
1990-10-08,0.5822216272354126,0.5866321137778515,0.5689889182964514,0.5822216272354126,38678400,0.0,0.0
1990-10-09,0.5756052647318158,0.5822216191089474,0.5513463208463918,0.5557568073272705,66376800,0.0,0.0
1990-10-10,0.5469352869264548,0.5491405494835212,0.5204704704925294,0.5248816013336182,115596000,0.0,0.0
1990-10-11,0.5270868806599548,0.5314980119582126,0.5028279299958578,0.5116495490074158,83815200,0.0,0.0
1990-10-12,0.5160597435560754,0.5182649672310067,0.47636284020560804,0.5028276443481445,109252800,0.0,0.0
1990-10-15,0.5094434191472202,0.5116492865282352,0.4895949663787999,0.498416543006897,130334400,0.0,0.0
1990-10-16,0.5006219639720126,0.5083409311582902,0.476363018033076,0.48187676072120667,300888000,0.0,0.0
1990-10-17,0.48297921927379844,0.5006218046612039,0.4719523809913944,0.498416543006897,135820800,0.0,0.0
1990-10-18,0.5028277858828702,0.5425247004071272,0.5006219180024449,0.5392162203788757,123739200,0.0,0.0
1990-10-19,0.5469352602958679,0.557962102555383,0.5337031934445948,0.5469352602958679,170337600,0.0,0.0
1990-10-22,0.5469352389219364,0.5711948285274654,0.5447300144163574,0.5645784735679626,80294400,0.0,0.0
1990-10-23,0.5623733574089346,0.5800159530568065,0.5579622258082154,0.5667838454246521,71884800,0.0,0.0
1990-10-24,0.5601673158404912,0.5778105117695703,0.557962053584351,0.5767078995704651,54734400,0.0,0.0
1990-10-25,0.5778104786250343,0.5844268707407966,0.5645784136941304,0.5711947679519653,51501600,0.0,0.0
1990-10-26,0.5623731663778552,0.5689889150831158,0.5579620362755413,0.5590646862983704,59126400,0.0,0.0
1990-10-29,0.5623733857011193,0.5667838739387221,0.5469354086284131,0.5513465404510498,67881600,0.0,0.0
1990-10-30,0.5513462389646757,0.5667835640109317,0.5469351095541266,0.5634757280349731,52567200,0.0,0.0
1990-10-31,0.5689888496557972,0.575605203327106,0.5623731017112732,0.5623731017112732,61200000,0.0,0.0
1990-11-01,0.5557568851284065,0.566783727530079,0.5535516605082189,0.5601673722267151,49442400,0.0,0.0
1990-11-02,0.5601673909028111,0.5800158517477202,0.5579621283511661,0.5734001398086548,74764800,0.0,0.0
1990-11-05,0.5756051592893884,0.5822215124545012,0.571194673616446,0.5789130330085754,50702400,0.0,0.0
1990-11-06,0.5800159530568065,0.5866323097364138,0.5601674887450449,0.5667838454246521,59212800,0.0,0.0
1990-11-07,0.5623731017112732,0.5711947173167313,0.560167234050339,0.5623731017112732,63100800,0.0,0.0
1990-11-08,0.5601673722267151,0.5711948582132552,0.5557568851284065,0.5601673722267151,43466400,0.0,0.0
1990-11-09,0.5711947679519653,0.5778104786250343,0.5689889000954855,0.5711947679519653,43344000,0.0,0.0
1990-11-12,0.5822215524275934,0.6108916230951142,0.5822215524275934,0.6075831055641174,87660000,0.0,0.0
1990-11-13,0.6064806440337231,0.6130970371528807,0.597659026308423,0.6053780317306519,67658400,0.0,0.0
1990-11-14,0.6042753946789957,0.6175074610746509,0.6020701323052383,0.6130970120429993,59724000,0.0,0.0
1990-11-15,0.6086858471989007,0.6108917151750086,0.5932485193011627,0.5987616181373596,63129600,0.0,0.0
1990-11-16,0.595453698550237,0.6064805389714704,0.5932484743261113,0.5998641848564148,67075200,0.0,0.0
1990-11-19,0.5998642642045753,0.6153022365588251,0.5998642642045753,0.6130970120429993,45554400,0.0,0.0
1990-11-20,0.6108916494672941,0.6219184895384381,0.6009674214732063,0.6020700335502625,68868000,0.0,0.0
1990-11-21,0.5998642436857781,0.6086858607480318,0.5910432702083396,0.606480598449707,60739200,0.0,0.0
1990-11-23,0.6108917287732415,0.61971270225068,0.6042753740093125,0.606480598449707,22060800,0.0,0.0
1990-11-26,0.6042752075770708,0.6219183989842795,0.5976588167775281,0.6197125315666199,47577600,0.0,0.0
1990-11-27,0.621918611893731,0.637355941168141,0.6153022566870457,0.6340481042861938,63417600,0.0,0.0
1990-11-28,0.6373558113454372,0.6417669410656569,0.6197126174919381,0.6208158731460571,77623200,0.0,0.0
1990-11-29,0.6197128175227383,0.6285344362258911,0.6153023299636294,0.6285344362258911,65865600,0.0,0.0
1990-11-30,0.6285342265411034,0.6549990359637208,0.6219184784805456,0.6373558044433594,72165600,0.0,0.0
1990-12-03,0.6461776123696306,0.6572044170200065,0.6417670873707356,0.6516913175582886,68241600,0.0,0.0
1990-12-04,0.6483826923225539,0.6638206242537429,0.6439721683078811,0.657204270362854,54547200,0.0,0.0
1990-12-05,0.6572043294701986,0.6682312083674908,0.654999105122455,0.6638206839561462,68630400,0.0,0.0
1990-12-06,0.6726424894820751,0.6770529391674992,0.6527940272960518,0.6594097018241882,108201600,0.0,0.0
1990-12-07,0.6549990773200989,0.6638206557793458,0.6373558446857508,0.6549990773200989,81921600,0.0,0.0
1990-12-10,0.6461775887564207,0.6649233982678096,0.6417670639186993,0.6527939438819885,55526400,0.0,0.0
1990-12-11,0.6461775261929695,0.6572043293727696,0.635150647297312,0.636253297328949,61768800,0.0,0.0
1990-12-12,0.632945148498551,0.6417667235058113,0.6219182743842563,0.6395608186721802,71560800,0.0,0.0
1990-12-13,0.643972369039986,0.6483828944294602,0.6329455634131181,0.641767144203186,50709600,0.0,0.0
1990-12-14,0.643972368915569,0.6549992502561807,0.6395612377999533,0.6494854688644409,48636000,0.0,0.0
1990-12-17,0.6439722884796276,0.654999168442917,0.6395611579149882,0.6527939438819885,27288000,0.0,0.0
1990-12-18,0.6572043294701986,0.6682312083674908,0.654999105122455,0.6638206839561462,51876000,0.0,0.0
1990-12-19,0.6649232531442962,0.6682311271216576,0.6594094736446758,0.6605128049850464,34264800,0.0,0.0
1990-12-20,0.6549992929625538,0.6704373064253495,0.6527940679823978,0.6660261750221252,46994400,0.0,0.0
1990-12-21,0.6682311296463013,0.6704370351768943,0.6638206057545399,0.6682311296463013,33472800,0.0,0.0
1990-12-24,0.6660259840197472,0.6660259840197472,0.6594095538179421,0.6638206839561462,13550400,0.0,0.0
1990-12-26,0.663820834972102,0.6682313603868193,0.657204478980966,0.6616156101226807,16214400,0.0,0.0
1990-12-27,0.6616156081097702,0.6638208329524823,0.6572044769814761,0.6594097018241882,22629600,0.0,0.0
1990-12-28,0.657204478980966,0.663820834972102,0.6549992541315447,0.6616156101226807,20268000,0.0,0.0
1990-12-31,0.6616154596084026,0.6638206839561462,0.6572043294701986,0.6638206839561462,23702400,0.0,0.0
1991-01-02,0.6616156081097702,0.6638208329524823,0.6594097018241882,0.6594097018241882,38109600,0.0,0.0
1991-01-03,0.6594095538179421,0.6704371141579513,0.6594095538179421,0.6638206839561462,52826400,0.0,0.0
1991-01-04,0.6616156099549799,0.6748477162069005,0.6616156099549799,0.6693339347839355,58485600,0.0,0.0
1991-01-07,0.6638206032465597,0.685874358359773,0.6594094736446758,0.6605128049850464,87552000,0.0,0.0
1991-01-08,0.6594091623386071,0.6638202898580043,0.6439718439106854,0.6483823657035828,76442400,0.0,0.0
1991-01-09,0.6527939438819885,0.6682312729671345,0.6483828133173491,0.6527939438819885,115624800,0.0,0.0
1991-01-10,0.6549990405751367,0.694695952125145,0.6549990405751367,0.6902855038642883,123890400,0.0,0.0
1991-01-11,0.6924908452253448,0.696901294232839,0.6770528350977221,0.6880797147750854,62006400,0.0,0.0
1991-01-14,0.6814639260817872,0.6836691504578213,0.6660259925640973,0.6770527958869934,58658400,0.0,0.0
1991-01-15,0.6770527131475974,0.701312298363359,0.6770527131475974,0.6913880705833435,83440800,0.0,0.0
1991-01-16,0.6924908313149524,0.7310850987001198,0.6902856068555027,0.7255713939666748,139917600,0.0,0.0
1991-01-17,0.7586521521521048,0.7608580588430089,0.7388036863190446,0.7410095930099487,163526400,0.0,0.0
1991-01-18,0.7277766245718925,0.7542414383528888,0.7255714000938206,0.7520362138748169,103032000,0.0,0.0
1991-01-21,0.7465227018006202,0.7939386416316071,0.7465227018006202,0.7895281910896301,154512000,0.0,0.0
1991-01-22,0.790630400389655,0.8027598530740668,0.7707819435240305,0.7840140461921692,113716800,0.0,0.0
1991-01-23,0.7785003610065944,0.7961435957678134,0.7785003610065944,0.7851167917251587,77083200,0.0,0.0
1991-01-24,0.7873219221177142,0.8016572805271879,0.7829113978891925,0.7983487248420715,86083200,0.0,0.0
1991-01-25,0.8005549988875749,0.8027602241585634,0.7851170591046509,0.7895281910896301,86889600,0.0,0.0
1991-01-28,0.785116709278244,0.8292247536914723,0.785116709278244,0.8137867450714111,130989600,0.0,0.0
1991-01-29,0.8137867139102066,0.8325325203871349,0.7939382574733723,0.8159919381141663,146980800,0.0,0.0
1991-01-30,0.8159918170524989,0.8512782762831006,0.807170240102769,0.849073052406311,148586400,0.0,0.0
1991-01-31,0.8512785431291474,0.8777426765471869,0.8468674125502618,0.8656132221221924,111420000,0.0,0.0
1991-02-01,0.8733324972551395,0.8909757378524219,0.8578944819072825,0.8799488544464111,117878400,0.0,0.0
1991-02-04,0.8821537579005404,0.8887701883941346,0.8645105994550828,0.8744348287582397,88236000,0.0,0.0
1991-02-05,0.8755374335789838,0.8997970233619224,0.8645106295276845,0.8931806683540344,88740000,0.0,0.0
1991-02-06,0.8909752287733459,0.9394937151853113,0.8865640993518993,0.9328773617744446,106351200,0.0,0.0
1991-02-07,0.9372879233110601,0.9615475101775331,0.9020021394457544,0.9086185693740845,133466400,0.0,0.0
1991-02-08,0.9086184457191679,0.9240557705729977,0.8975908873357107,0.917439341545105,74232000,0.0,0.0
1991-02-11,0.9185429733857212,0.9218507725448901,0.9020023118407641,0.9196455478668213,152337600,0.0,0.0
1991-02-12,0.9108238816261292,0.9240559856026108,0.9042075267744418,0.9108238816261292,96206400,0.0,0.0
1991-02-13,0.9042074178446903,0.9317748025803986,0.8975909880742218,0.9306722283363342,95493600,0.0,0.0
1991-02-14,0.9284670791402793,0.9306723035224136,0.873332153782981,0.8887701630592346,133704000,0.0,0.0
1991-02-15,0.8953858717372487,0.9196454609474608,0.8931806472676045,0.9108238816261292,115452000,0.0,0.0
1991-02-19,0.9020018706942321,0.9130287458502954,0.8953855184530989,0.904207170009613,66564000,0.0,0.0
1991-02-20,0.897591006915963,0.917439463769639,0.895385782665691,0.906412661075592,52552800,0.0,0.0
1991-02-21,0.9086185155272043,0.9130289637790221,0.8821536302566528,0.8821536302566528,68277600,0.0,0.0
1991-02-22,0.8799482997722294,0.9218504303021208,0.8799482997722294,0.9020019769668579,105343200,0.0,0.0
1991-02-25,0.9108237936306801,0.9174394664004671,0.8953857852332785,0.9086185693740845,88524000,0.0,0.0
1991-02-26,0.8953859489889286,0.9042076047872325,0.886564368906493,0.8975911736488342,55540800,0.0,0.0
1991-02-27,0.9020022061035504,0.9328775437373465,0.8931806269825658,0.9284670948982239,87674400,0.0,0.0
1991-02-28,0.935083212354921,0.9372884378220434,0.9108242936145527,0.9152347445487976,55008000,0.0,0.0
1991-03-01,0.9086184592897649,0.937287809753285,0.8997968061736328,0.9328773617744446,77724000,0.0,0.0
1991-03-04,0.9328776387021983,0.9483156498120208,0.9218507583232808,0.9439045190811157,47023200,0.0,0.0
1991-03-05,0.9461093530184225,0.9924226100636218,0.9439041292850466,0.9836010336875916,76356000,0.0,0.0
1991-03-06,0.9924229867477389,0.9968334358885207,0.9416991872672239,0.9461097121238708,101088000,0.0,0.0
1991-03-07,0.9196452469441851,0.9483153541379564,0.9130288936321365,0.917439341545105,165391200,0.0,0.0
1991-03-08,0.9218503216909777,0.9350824204465901,0.8975907420526481,0.904207170009613,134697600,0.0,0.0
1991-03-11,0.8975911394420341,0.904207570328283,0.8623053504680944,0.8755374550819397,160970400,0.0,0.0
1991-03-12,0.8667159349656735,0.8722296403695343,0.8435595988665597,0.8446622490882874,152884800,0.0,0.0
1991-03-13,0.8468673957262367,0.8920780192608291,0.8468673957262367,0.886564314365387,110268000,0.0,0.0
1991-03-14,0.8953857344751905,0.8953857344751905,0.8556888229043637,0.8645104765892029,100216800,0.0,0.0
1991-03-15,0.8667159253834485,0.8711270562326837,0.8490733705991185,0.85238116979599,76932000,0.0,0.0
1991-03-18,0.8490733215701145,0.879948585676458,0.8468674155514616,0.8755374550819397,66218400,0.0,0.0
1991-03-19,0.8667157291706644,0.8909753154582166,0.8534836267883128,0.8733320832252502,92505600,0.0,0.0
1991-03-20,0.8733320832252502,0.8909753154582166,0.8711268590212792,0.8733320832252502,83217600,0.0,0.0
1991-03-21,0.8777423538084826,0.8887699111954266,0.8292245539481038,0.8358402252197266,119188800,0.0,0.0
1991-03-22,0.8336350912195047,0.8424566686406834,0.8204029900931954,0.8270187377929688,95688000,0.0,0.0
1991-03-25,0.8292247220065191,0.871126859087553,0.8292247220065191,0.8667157292366028,59824800,0.0,0.0
1991-03-26,0.8711266547766064,0.9284667864394597,0.8711266547766064,0.9273634552955627,89928000,0.0,0.0
1991-03-27,0.926261281976321,0.9637529780734303,0.926261281976321,0.9505208730697632,91936800,0.0,0.0
1991-03-28,0.9461089861608655,0.9549305591162953,0.935082114611337,0.9361847639083862,30492000,0.0,0.0
1991-04-01,0.9350828515376716,0.9505208624525372,0.9218507466818058,0.941699206829071,59205600,0.0,0.0
1991-04-02,0.9483153165657704,0.9924226711499972,0.9416988878000201,0.9902174472808838,96256800,0.0,0.0
1991-04-03,0.994628024636541,1.0299144883427576,0.994628024636541,1.0034496784210205,91778400,0.0,0.0
1991-04-04,1.0056549025775132,1.0299144883427576,0.994628024636541,1.0034496784210205,73850400,0.0,0.0
1991-04-05,1.0056549438883713,1.0078608495781374,0.9615475060284631,0.9703691601753235,108914400,0.0,0.0
1991-04-08,0.9703696047977246,0.9990396531902661,0.9659584728397022,0.9824990630149841,46526400,0.0,0.0
1991-04-09,0.9836009298560708,0.9990388572450869,0.9681636081936816,0.9725740551948547,60768000,0.0,0.0
1991-04-10,0.9681638367964165,0.9725742848389841,0.9306721512324356,0.9483153820037842,74340000,0.0,0.0
1991-04-11,0.9571368114965587,0.9836017102602626,0.9527263609960688,0.9791911840438843,47937600,0.0,0.0
1991-04-12,0.9659581718588256,0.9703693024423932,0.9152343723783107,0.9461097121238708,176731200,0.0,0.0
1991-04-15,0.935082656607738,1.0078608081766638,0.9262610785391094,1.0034496784210205,88819200,0.0,0.0
1991-04-16,1.0034495476539744,1.0100659007038837,0.9703689938578838,0.9902174472808838,81331200,0.0,0.0
1991-04-17,1.0056547096222397,1.0365299619329182,0.9802931602296098,0.9836010336875916,128383200,0.0,0.0
1991-04-18,0.9813959628534101,0.9880123927531903,0.9527259275974567,0.9703691601753235,88084800,0.0,0.0
1991-04-19,0.9372880566836563,0.9659581718588256,0.9262612523889161,0.9461097121238708,96588000,0.0,0.0
1991-04-22,0.9350830331783646,0.9372882582229314,0.8975913302172378,0.9008998870849609,139708800,0.0,0.0
1991-04-23,0.9020022522408723,0.9086186829965851,0.8865643176288158,0.8964885473251343,103910400,0.0,0.0
1991-04-24,0.8953857852332785,0.9240558963287973,0.8865642067642071,0.9086185693740845,82130400,0.0,0.0
1991-04-25,0.9042074908927609,0.9152342942461599,0.8865642572343728,0.8887701630592346,65707200,0.0,0.0
1991-04-26,0.8843590328522386,0.902002190794768,0.8711269294008467,0.8887701630592346,88372800,0.0,0.0
1991-04-29,0.8931806827113119,0.8953859072684651,0.8623053431510925,0.8623053431510925,71258400,0.0,0.0
1991-04-30,0.8623052050468697,0.8755373074292214,0.846867272733727,0.8733320832252502,115178400,0.0,0.0
1991-05-01,0.8689217050187124,0.8887701630592347,0.855688920124593,0.8887701630592346,111628800,0.0,0.0
1991-05-02,0.8931806693808814,0.9042075491607211,0.884359089841146,0.886564314365387,66888000,0.0,0.0
1991-05-03,0.8865643133461466,0.8931806683540344,0.879948564065166,0.8931806683540344,23047200,0.0,0.0
1991-05-06,0.8865642042219161,0.9108237910188229,0.884358979971644,0.906412661075592,44755200,0.0,0.0
1991-05-07,0.910823903129085,0.9152343521724965,0.8931806683540344,0.8931806683540344,50904000,0.0,0.0
1991-05-08,0.8909753367200872,0.9108237936306801,0.8843589825076114,0.9086185693740845,57592800,0.0,0.0
1991-05-09,0.9108236832791851,0.9350825857638647,0.9064125538577386,0.9328773617744446,76298400,0.0,0.0
1991-05-10,0.937287920623315,0.943904350532672,0.8997969126089219,0.906412661075592,52070400,0.0,0.0
1991-05-13,0.9108236070395418,0.9152340546492097,0.8931803779999328,0.9097209572792053,68745600,0.0,0.0
1991-05-14,0.9053101225241184,0.910823903129085,0.888770219310623,0.8931806683540344,58816800,0.0,0.0
1991-05-15,0.8843589323746164,0.8865641565062012,0.8523809488490613,0.8645104765892029,111160800,0.0,0.0
1991-05-16,0.8755371931710453,0.8821535463621927,0.8689215214224814,0.8766398429870605,70243200,0.0,0.0
1991-05-17,0.8733322305060743,0.8777426796578052,0.8645106507598251,0.8755374550819397,44812800,0.0,0.0
1991-05-20,0.8777426275678025,0.8821537579005404,0.8623052992942265,0.8744348287582397,65937600,0.0,0.0
1991-05-21,0.8799489128074292,0.9108242641078993,0.8777430059687055,0.8997973799705505,83570400,0.0,0.0
1991-05-22,0.9064128114828068,0.941699206829071,0.9020022865345404,0.941699206829071,88783200,0.0,0.0
1991-05-23,0.9439042606215503,0.9681638451076228,0.9439042606215503,0.9659579396247864,67752000,0.0,0.0
1991-05-24,0.9703691601753235,0.9924228412473507,0.9659580302384774,0.9703691601753235,67932000,0.0,0.0
1991-05-28,0.9747796936781297,0.985806573033703,0.9703692447993427,0.9769849181175232,43941600,0.0,0.0
1991-05-29,0.981395630639656,0.9880120582996991,0.9681636081936816,0.9725740551948547,64202400,0.0,0.0
1991-05-30,0.9714714055866472,0.9858061533566573,0.9615471805336385,0.9725740551948547,61833600,0.0,0.0
1991-05-31,0.9747796400870347,0.9791907701660534,0.9527259583042083,0.9681639671325684,81784800,0.0,0.0
1991-06-03,0.9659577782670361,0.9902173587006836,0.9615472552075129,0.9880121350288391,46951200,0.0,0.0
1991-06-04,0.9880121908282434,1.0012442150491159,0.974779409448986,0.996833086013794,35035200,0.0,0.0
1991-06-05,0.9924225823725281,1.0078605866762897,0.9880121350288391,0.9880121350288391,41385600,0.0,0.0
1991-06-06,0.9946283724893696,0.9968335974170989,0.9747799095381368,0.9802936911582947,32680800,0.0,0.0
1991-06-07,0.9681636081936816,0.9725740551948547,0.959341957033052,0.9725740551948547,51984000,0.0,0.0
1991-06-10,0.9725750357925681,0.9791913944077192,0.9681645843445622,0.974780261516571,29498400,0.0,0.0
1991-06-11,0.9791907718615648,0.9968333235959215,0.9747796417749081,0.9758822917938232,41846400,0.0,0.0
1991-06-12,0.976985134465866,0.9902179226339111,0.9725746846104075,0.9802936911582947,51069600,0.0,0.0
1991-06-13,0.9791911840438843,0.9902180674539933,0.9747800521003985,0.9791911840438843,38001600,0.0,0.0
1991-06-14,0.9813963193661721,1.0034500841655452,0.9791910943179978,1.0012447834014893,46360800,0.0,0.0
1991-06-17,1.0034500841655452,1.0122716658011757,0.9924232017658586,1.0012447834014893,29419200,0.0,0.0
1991-06-18,0.9990389627062761,1.001244186439652,0.9681637103955977,0.9836010336875916,46850400,0.0,0.0
1991-06-19,0.9681640887913074,0.9681640887913074,0.9086187089148687,0.9119265079498291,157039200,0.0,0.0
1991-06-20,0.890975387441369,0.8975910605877718,0.873332153782981,0.8887701630592346,187999200,0.0,0.0
1991-06-21,0.8931804000868296,0.9086184057033613,0.8931804000868296,0.9020019769668579,67680000,0.0,0.0
1991-06-24,0.8909754625569241,0.8953859116930248,0.860100122844134,0.8656132221221924,79696800,0.0,0.0
1991-06-25,0.8755374585610411,0.88435911405821,0.8645106541951096,0.8711270093917847,97228800,0.0,0.0
1991-06-26,0.873332153782981,0.8953858362056376,0.8667157991938506,0.8887701630592346,96638400,0.0,0.0
1991-06-27,0.896488898291932,0.9031052559220216,0.8832567887589002,0.8997973799705505,56510400,0.0,1.5
1991-06-28,0.8964886330490689,0.9097213443941039,0.8667159411131924,0.901451051235199,61526400,0.0,0.0
1991-07-01,0.9097207830372361,0.9477637446570367,0.8964880798576393,0.9444552659988403,72388800,0.0,0.0
1991-07-02,0.942801911302755,0.9560340169208219,0.8997971137488117,0.901451051235199,43920000,0.0,0.0
1991-07-03,0.8534834971574836,0.8600998502071486,0.817094463974418,0.8468671441078186,191630400,0.0,0.0
1991-07-05,0.8435596818395747,0.8435596818395747,0.8137869871864133,0.8170948624610901,78758400,0.0,0.0
1991-07-08,0.8038626024427932,0.8898727947365881,0.8005547277985,0.886564314365387,109185600,0.0,0.0
1991-07-09,0.8931806355494258,0.9097212195981917,0.8799485317465442,0.8981430530548096,76948800,0.0,0.0
1991-07-10,0.9031048876115646,0.9097212425433266,0.8601000948723616,0.8634079694747925,67310400,0.0,0.0
1991-07-11,0.870024095522654,0.8832561961782079,0.8600998685993034,0.8766398429870605,51148800,0.0,0.0
1991-07-12,0.8865646647103713,0.9064131318734927,0.8733325551773395,0.8997973799705505,35174400,0.0,0.0
1991-07-15,0.9097207664322545,0.9295692151127649,0.9064122878344473,0.9246068000793457,36763200,0.0,0.0
1991-07-16,0.9262612319396593,0.9262612319396593,0.8931806683540344,0.8931806683540344,42734400,0.0,0.0
1991-07-17,0.8700243386195584,0.8964885473251343,0.86010010892324,0.8964885473251343,40526400,0.0,0.0
1991-07-18,0.8997970243963757,0.9163370033447497,0.8832564397210938,0.886564314365387,25656000,0.0,0.0
1991-07-19,0.8931806726686649,0.899797027708514,0.8733322132760278,0.8964885473251343,24441600,0.0,0.0
1991-07-22,0.8832564387056563,0.9097212530103005,0.879948564065166,0.8931806683540344,35136000,0.0,0.0
1991-07-23,0.8997973202931189,0.9031051960252011,0.8799488544464111,0.8799488544464111,35596800,0.0,0.0
1991-07-24,0.8865641856750502,0.8898726655660049,0.8600999809083335,0.8667157292366028,54321600,0.0,0.0
1991-07-25,0.886564185607602,0.8997968937167736,0.8716781461433089,0.8733320832252502,90211200,0.0,0.0
1991-07-26,0.8865644373767991,0.949418304427742,0.883256562273536,0.9394940733909607,149294400,0.0,0.0
1991-07-29,0.9394942521704444,0.9428021279031741,0.9097215533945546,0.9295700192451477,136468800,0.0,0.0
1991-07-30,0.9328778404550454,0.965958413030243,0.922953608109779,0.9626505374908447,78038400,0.0,0.0
1991-07-31,0.9659577032506399,0.9791904071390695,0.9626498301418459,0.9725740551948547,111628800,0.0,0.0
1991-08-01,0.9758825225161046,0.9791910033660512,0.9659582914202561,0.9692667722702026,53942400,0.0,0.0
1991-08-02,0.9758825225161046,0.9891152344618998,0.9692667722702027,0.9692667722702026,81369600,0.0,0.0
1991-08-05,0.9692663532860964,0.9692663532860964,0.9494178996742769,0.9560336470603943,28252800,0.0,0.0
1991-08-06,0.9560338383778568,0.9924228791904587,0.9560338383778568,0.9858065247535706,53097600,0.0,0.0
1991-08-07,0.9891150716583598,1.0122714051615878,0.985806591352973,1.00565505027771,69235200,0.0,0.0
1991-08-08,1.0056555224653922,1.048660940812683,1.0056555224653922,1.0453524589538574,91852800,0.0,0.0
1991-08-09,1.042044050728,1.08504884138877,1.035427696116008,1.0685088634490967,114806400,0.0,0.0
1991-08-12,1.0552766809183087,1.1082063327779224,1.0552766809183087,1.0982820987701416,56899200,0.0,0.0
1991-08-13,1.1082057316854348,1.1082057316854348,1.0883572744357066,1.0916651487350464,94497600,0.0,0.0
1991-08-14,1.0949730230343862,1.1048972516592503,1.0850487944095222,1.0916651487350464,67008000,0.0,0.0
1991-08-15,1.0916651396178938,1.1015893681598745,1.071816682533932,1.0784330368041992,45460800,0.0,0.0
1991-08-16,1.0685085185263852,1.0900109069156347,1.0618921660502023,1.0817406177520752,52075200,0.0,0.0
1991-08-19,1.0255035827876526,1.0751247336600702,1.0188878331559565,1.0618926286697388,85425600,0.0,0.0
1991-08-20,1.0668548716904758,1.0833948487846297,1.0585845802799787,1.0652003288269043,57326400,0.0,0.0
1991-08-21,1.085048802872864,1.1181299690316726,1.0817409285477229,1.111513614654541,73214400,0.0,0.0
1991-08-22,1.114821488979682,1.1280541977339453,1.1015893859522683,1.111513614654541,43627200,0.0,0.0
1991-08-23,1.1115140295814618,1.1445946023623612,1.1115140295814618,1.1280546188354492,43161600,0.0,0.0
1991-08-26,1.121438261988439,1.1280546188354492,1.1048976727344517,1.1280546188354492,44136000,0.0,0.0
1991-08-27,1.1214381456375122,1.1247460208542823,1.111513914260189,1.1214381456375122,34204800,0.0,0.0
1991-08-28,1.121437706595112,1.1479025151493496,1.118129832673373,1.1330158710479736,41558400,0.0,0.0
1991-08-29,1.1379780211864172,1.1445937674807403,1.124745317144504,1.134669542312622,27974400,0.0,0.0
1991-08-30,1.1346703699553837,1.1412867268023938,1.118130386428472,1.1280546188354492,22032000,0.0,0.0
1991-09-03,1.1247460461730878,1.1247460461730878,1.091665476079682,1.09993577003479,33494400,0.0,0.0
1991-09-04,1.101589229574666,1.1048971034302335,1.0718165476942698,1.0933189392089844,38467200,0.0,0.0
1991-09-05,1.0982814944688923,1.0982814944688923,1.0585845802799787,1.0652003288269043,58459200,0.0,0.0
1991-09-06,1.071816737891657,1.0883573215582014,1.0618925088371047,1.0685088634490967,50788800,0.0,0.0
1991-09-09,1.0685088634490967,1.078433092503649,1.0618925088371047,1.0685088634490967,31915200,0.0,0.0
1991-09-10,1.0850485319122571,1.0916648846371393,1.0585843324661255,1.0585843324661255,65937600,0.0,0.0
1991-09-11,1.065200220461877,1.0883571552008338,1.065200220461877,1.0850486755371094,64032000,0.0,0.0
1991-09-12,1.098281377689389,1.1346698080088429,1.098281377689389,1.1330158710479736,53808000,0.0,0.0
1991-09-13,1.13136267688702,1.1346705529805559,1.0916657408558965,1.0982820987701416,51360000,0.0,0.0
1991-09-16,1.0982820987701416,1.1048978509572132,1.0883578647623606,1.0982820987701416,21686400,0.0,0.0
1991-09-17,1.0949729144542828,1.1214377234052222,1.0850486868135285,1.118129849433899,23366400,0.0,0.0
1991-09-18,1.111513914260189,1.1313623770148353,1.108206039043419,1.1214381456375122,26942400,0.0,0.0
1991-09-19,1.1247460239732627,1.1545187181877934,1.1214381487473197,1.1412866115570068,51364800,0.0,0.0
1991-09-20,1.1479026726072217,1.1512105469827019,1.1379784437539224,1.1445941925048828,30316800,0.0,0.0
1991-09-23,1.1412865800146026,1.1445944551491238,1.1181302426189577,1.1230920553207397,49771200,0.0,0.0
1991-09-24,1.1280541073728294,1.1677510190020575,1.1280541073728294,1.164442539215088,47625600,0.0,0.0
1991-09-25,1.164442713613511,1.1694051311737856,1.144594254826196,1.1611348390579224,25766400,0.0,0.0
1991-09-26,1.1578272052384138,1.1909077748531052,1.1545187242680324,1.180983543395996,48000000,0.0,0.0
1991-09-27,1.1842915342326679,1.1842915342326679,1.1611351938149006,1.1677515506744385,33273600,0.0,0.0
1991-09-30,1.167751610306276,1.1842915947091284,1.1512110201763162,1.1776758432388306,27700800,0.0,0.0
1991-10-01,1.1776753939550413,1.1809832684282344,1.1644426846085159,1.1760214567184448,19627200,0.0,0.0
1991-10-02,1.1710592467209389,1.1975240643750396,1.1412865540076946,1.1512107849121094,67219200,0.0,0.0
1991-10-03,1.1445940736908649,1.1677510090960077,1.1412861996587569,1.1578267812728882,34632000,0.0,0.0
1991-10-04,1.1644426212805616,1.177675329907429,1.1578268726939716,1.1660971641540527,26457600,0.0,0.0
1991-10-07,1.1545185464983352,1.176021549450278,1.147902797030283,1.1710591316223145,27187200,0.0,0.0
1991-10-08,1.1644429557251414,1.1842914186393598,1.1644429557251414,1.180983543395996,37708800,0.0,0.0
1991-10-09,1.1842916011810303,1.2074485486349436,1.1809837254278044,1.1842916011810303,60931200,0.0,0.0
1991-10-10,1.1975238884122241,1.1975238884122241,1.1710590746468335,1.1875996589660645,42048000,0.0,0.0
1991-10-11,1.200831790935107,1.204139665585187,1.1611348722265082,1.185945749282837,69921600,0.0,0.0
1991-10-14,1.1909074318118211,1.2206801176071167,1.1909074318118211,1.2206801176071167,50625600,0.0,0.0
1991-10-15,1.220680321455275,1.220680321455275,1.2008318609438071,1.2091021537780762,57854400,0.0,0.0
1991-10-16,1.2107561206029467,1.2107561206029467,1.1892537221478248,1.2008318901062012,100200000,0.0,0.0
1991-10-17,1.2008320063102145,1.2008320063102145,1.1710593119388868,1.180983543395996,95563200,0.0,0.0
1991-10-18,1.19090735912323,1.207447941019988,1.1875994850346008,1.19090735912323,37843200,0.0,0.0
1991-10-21,1.190907604663154,1.210756064740873,1.187599729892511,1.2041397094726562,28704000,0.0,0.0
1991-10-22,1.2107560911995412,1.227296676868079,1.2074482163566114,1.2091021537780762,32496000,0.0,0.0
1991-10-23,1.2140638759467777,1.2173723562711296,1.1875996677133593,1.1942154169082642,36724800,0.0,0.0
1991-10-24,1.197523897232616,1.197523897232616,1.180983312791555,1.1942154169082642,26942400,0.0,0.0
1991-10-25,1.1942158341678184,1.200832191401381,1.1809837254278044,1.1842916011810303,28080000,0.0,0.0
1991-10-28,1.1842911873890074,1.1942154169082642,1.1611348537530415,1.1942154169082642,37953600,0.0,0.0
1991-10-29,1.194215534532718,1.2008318901062012,1.1875997846861936,1.2008318901062012,36523200,0.0,0.0
1991-10-30,1.2008320736506628,1.2537611091477354,1.2008320736506628,1.250453233718872,65592000,0.0,0.0
1991-10-31,1.250452904541211,1.2603771339423318,1.2339123202970457,1.2421826124191284,41092800,0.0,0.0
1991-11-01,1.237221209254293,1.2405290849050088,1.2173727438958128,1.2256430387496948,34296000,0.0,0.0
1991-11-04,1.2206802947797326,1.2239881695503756,1.2008318347020135,1.2041397094726562,28838400,0.0,0.0
1991-11-05,1.2074481392385787,1.2504529323577882,1.2041396588800126,1.2405287027359009,51739200,0.0,0.0
1991-11-06,1.2438368192453608,1.263685282348888,1.2339125876935972,1.2603774070739746,38308800,0.0,0.0
1991-11-07,1.2636850443494054,1.2669935247282307,1.2504529400148319,1.253760814666748,20894400,0.0,0.0
1991-11-08,1.2570695317990612,1.2802258701775018,1.2570695317990612,1.2603774070739746,36494400,0.0,0.0
1991-11-11,1.2703013493464543,1.296766162700134,1.2653395375640124,1.2901498079299927,40564800,0.0,0.0
1991-11-12,1.300073962282906,1.333154522773012,1.2967660879519505,1.3215763568878174,80035200,0.0,0.0
1991-11-13,1.3166142826512333,1.3463869628690246,1.3066900559119696,1.3364627361297607,57523200,0.0,0.0
1991-11-14,1.3430782923601168,1.3430782923601168,1.3066898699784726,1.3133056163787842,44371200,0.0,0.0
1991-11-15,1.3099984988666737,1.3298469609707142,1.2537609876628946,1.25706946849823,71592000,0.0,0.0
1991-11-18,1.2603771740755527,1.29345773789035,1.2570692994121466,1.2868419885635376,72432000,0.0,0.0
1991-11-19,1.2736091613769531,1.2884958074476187,1.2471449550486562,1.2736091613769531,71976000,0.0,0.0
1991-11-20,1.2835334450003446,1.2901497997284253,1.2703013412710649,1.2769176959991455,36441600,0.0,0.0
1991-11-21,1.2736092784560895,1.2868419885635376,1.2669935291292769,1.2868419885635376,35558400,0.0,0.0
1991-11-22,1.283533325296446,1.2901496794074774,1.260376994498074,1.2703012228012085,38102400,0.0,0.0
1991-11-25,1.266993430955072,1.2835334087173988,1.2603770764140227,1.2653394937515259,33724800,0.0,0.0
1991-11-26,1.2719556354605874,1.2736095731750192,1.227296894262725,1.250453233718872,58809600,0.0,0.0
1991-11-27,1.2471453002472976,1.263685282348888,1.2438368192453608,1.2603774070739746,15009600,0.0,0.0
1991-11-29,1.2537608190218288,1.29345773789035,1.2537608190218288,1.2868419885635376,20524800,0.0,0.0
1991-12-02,1.2736094112858862,1.3430790265510613,1.2703015362774883,1.3397711515426636,55852800,0.0,0.0
1991-12-03,1.3364630112795117,1.359619343196288,1.3166145537146026,1.341424822807312,64996800,0.0,0.0
1991-12-04,1.3463872121957834,1.3629271893396435,1.3232302750314322,1.349695086479187,36297600,0.0,0.0
1991-12-05,1.3463876247406006,1.3530033753345312,1.3331549120986845,1.3463876247406006,24892800,0.0,0.0
1991-12-06,1.343078919083781,1.392700068874154,1.336463169596349,1.3794679641723633,51580800,0.0,0.0
1991-12-09,1.366235669349889,1.3728514179166964,1.3397708579021341,1.349695086479187,57720000,0.0,0.0
1991-12-10,1.3496955000375659,1.3496955000375659,1.3232306804807612,1.3463876247406006,46252800,0.0,0.0
1991-12-11,1.3513487173969834,1.359619006958236,1.3166142281117674,1.3331542015075684,39134400,0.0,0.0
1991-12-12,1.3364629836187305,1.366235669349889,1.3298466293250812,1.349695086479187,36979200,0.0,0.0
1991-12-13,1.3530029607625906,1.35961931505624,1.3430787321855377,1.349695086479187,26193600,0.0,0.0
1991-12-16,1.3496949399909322,1.3530028139153178,1.3331543589154513,1.351348876953125,27225600,0.0,0.0
1991-12-17,1.3496949946158008,1.3695434504189743,1.3265386647543653,1.34804105758667,27480000,0.0,0.0
1991-12-18,1.3496953590880947,1.3662359452996329,1.3397711285065645,1.3612735271453857,33561600,0.0,0.0
1991-12-19,1.3546573298364661,1.3662354940698096,1.3397706860173357,1.359619140625,38116800,0.0,0.0
1991-12-20,1.3761597219214299,1.389391823089552,1.3530027877187611,1.3662354946136475,35356800,0.0,0.0
1991-12-23,1.366235526366664,1.4125481843948364,1.3563112988282298,1.4125481843948364,46113600,0.0,0.0
1991-12-24,1.4125485335904193,1.4224727635822183,1.4026243035986203,1.4059327840805054,23995200,0.0,0.0
1991-12-26,1.4059326452363499,1.432396852116365,1.399316290652912,1.427435040473938,24326400,0.0,0.0
1991-12-27,1.4323968681877632,1.4754022648723253,1.4257811192569654,1.4605156183242798,36657600,0.0,0.0
1991-12-30,1.46216958237674,1.4720938116818465,1.44893747854556,1.4654780626296997,35524800,0.0,0.0
1991-12-31,1.4654781901533498,1.4820181699498867,1.439013374461176,1.472093939781189,40512000,0.0,0.0
1992-01-02,1.4654780232444145,1.518407042873533,1.4489374396048094,1.508482813835144,74265600,0.0,0.0
1992-01-03,1.5084825647765892,1.5117904386676144,1.478709882577051,1.4952504634857178,38246400,0.0,0.0
1992-01-06,1.4985584847563695,1.5581038550115895,1.486980319272326,1.5415632724761963,63057600,0.0,0.0
1992-01-07,1.5415630586463522,1.5911841936427664,1.5316388316470693,1.587876319885254,64363200,0.0,0.0
1992-01-08,1.5746448763343757,1.6639629566064034,1.5713363954692647,1.6441144943237305,90763200,0.0,0.0
1992-01-09,1.6441142686281838,1.7069675219861435,1.6408057882172438,1.6838111877441406,88348800,0.0,0.0
1992-01-10,1.6805024602548286,1.6904266885746932,1.6408055469753693,1.6573461294174194,64641600,0.0,0.0
1992-01-13,1.6408056989172701,1.7053134918333555,1.6242657206704112,1.6821571588516235,52804800,0.0,0.0
1992-01-14,1.687119069852327,1.7003511743735689,1.6672706102070056,1.6970432996749878,44006400,0.0,0.0
1992-01-15,1.703660196491731,1.7632055943606406,1.6970438392639264,1.7400486469268799,65294400,0.0,0.0
1992-01-16,1.736740342607483,1.7466645731366688,1.687119189961555,1.6904270648956299,58761600,0.0,0.0
1992-01-17,1.6904272348680471,1.7135841789158845,1.6374982019660314,1.6738872528076172,85027200,0.0,0.0
1992-01-20,1.683810987774518,1.683810987774518,1.6209571361541748,1.6209571361541748,58862400,0.0,0.0
1992-01-21,1.6176492721293518,1.6275735007927221,1.5349475685102154,1.579606294631958,120019200,0.0,0.0
1992-01-22,1.587876706720081,1.6606541872024536,1.5746446027397114,1.6606541872024536,56131200,0.0,0.0
1992-01-23,1.6606539389795374,1.7119296214087878,1.6374976090434132,1.6540381908416748,75590400,0.0,0.0
1992-01-24,1.6474213331704302,1.6606534311263803,1.6408049813291463,1.6490752696990967,37756800,0.0,0.0
1992-01-27,1.6507297748570626,1.6606540031742931,1.5944928848773072,1.596146821975708,46233600,0.0,0.0
1992-01-28,1.6011082474307265,1.6110324733563854,1.5349471450774546,1.597800374031067,95539200,0.0,0.0
1992-01-29,1.6209572617116936,1.6639626594624133,1.6110330323425877,1.6474220752716064,97344000,0.0,0.0
1992-01-30,1.6474224277159746,1.6507303029710563,1.607725501746915,1.634190320968628,41923200,0.0,0.0
1992-01-31,1.6341901374190204,1.6374980123025669,1.5845689855310638,1.5911847352981567,49948800,0.0,0.0
1992-02-03,1.5647201394393067,1.6606539389795374,1.5547959115057104,1.6540381908416748,80265600,0.0,0.0
1992-02-04,1.6573463046407126,1.6672705340098186,1.6209572617116936,1.6474220752716064,58440000,0.0,0.0
1992-02-05,1.650730017996233,1.700351166891179,1.6341900388491946,1.6838111877441406,71212800,0.0,0.0
1992-02-06,1.673887079627544,1.7069676460529166,1.6639628491272365,1.6705785989761353,62356800,0.0,0.0
1992-02-07,1.6705784711674025,1.68711905597812,1.6408057819442594,1.663962721824646,36499200,0.0,0.0
1992-02-10,1.6623087221887107,1.6672705340098186,1.614341512616883,1.6474220752716064,41371200,0.0,0.0
1992-02-11,1.6441140733729722,1.6507298219553344,1.6077250332626074,1.6209571361541748,41078400,0.0,0.0
1992-02-12,1.569682236421236,1.6771948262370722,1.569682236421236,1.663962721824646,83342400,0.0,0.0
1992-02-13,1.6606540505557208,1.6738867591741315,1.6077250332626074,1.6209571361541748,97358400,0.0,0.0
1992-02-14,1.6176492345483997,1.6209571087837262,1.5614117381868524,1.5680280923843384,82632000,0.0,0.0
1992-02-18,1.5779524963674085,1.6176494145150162,1.5614119118969385,1.5647203922271729,73694400,0.0,0.0
1992-02-19,1.5614115596130527,1.5614115596130527,1.5018661958261976,1.5233691930770874,145372800,0.0,0.0
1992-02-20,1.534947052956238,1.5779518274775628,1.5316385740284595,1.554795503616333,74323200,0.0,0.0
1992-02-21,1.5481799729869494,1.5680284341790898,1.5051751756463003,1.5150994062423706,91118400,0.0,0.0
1992-02-24,1.51509967959018,1.541563895469618,1.4952512148170645,1.5200614929199219,59049600,0.0,0.0
1992-02-25,1.5217151072624677,1.541563567816878,1.4985587718579712,1.5316393375396729,57388800,0.0,0.0
1992-02-26,1.5349476632157415,1.6143414974212646,1.5349476632157415,1.6143414974212646,100670400,0.0,0.0
1992-02-27,1.6242652995652933,1.657345853209468,1.6242652995652933,1.6523840427398682,79579200,0.0,0.0
1992-02-28,1.6540387839531578,1.6738872469376875,1.61764973323918,1.634190320968628,58276800,0.0,0.0
1992-03-02,1.637497718741254,1.6639625302460201,1.6110329072364882,1.6275734901428223,34876800,0.0,0.0
1992-03-03,1.6341895505129826,1.657345877835303,1.620956844277313,1.6308810710906982,27734400,0.0,0.0
1992-03-04,1.6308813647545612,1.6441140733729722,1.6110329075537884,1.6209571361541748,33086400,0.0,0.0
1992-03-05,1.620957784703761,1.63088201727486,1.5779529788046953,1.6044178009033203,55689600,0.0,0.0
1992-03-06,1.5978009554412125,1.6143415399116825,1.544871933153369,1.5647203922271729,61867200,0.0,0.0
1992-03-09,1.5713356095348072,1.5944925411001956,1.564719862567578,1.5746440887451172,30427200,0.0,0.0
1992-03-10,1.5812603929831957,1.6242657920597083,1.5779525183338134,1.6110330820083618,45480000,0.0,0.0
1992-03-11,1.617649551547384,1.630881656808522,1.577952630037019,1.5911847352981567,39532800,0.0,0.0
1992-03-12,1.5911845231709414,1.6077251068374856,1.5680281906192761,1.602763295173645,50025600,0.0,0.0
1992-03-13,1.620957006640279,1.62757336042084,1.5944928029716243,1.6011085510253906,36763200,0.0,0.0
1992-03-16,1.601109088893274,1.6441144943237305,1.5944933386170486,1.6441144943237305,55132800,0.0,0.0
1992-03-17,1.6589995545791831,1.7036588711009353,1.6507292659102186,1.6937346458435059,94473600,0.0,0.0
1992-03-18,1.7003516160289627,1.7069679728715985,1.6672710432699334,1.6722334623336792,69230400,0.0,0.0
1992-03-19,1.6805028897161451,1.7235082939103663,1.6705786588600913,1.6871192455291748,111576000,0.0,0.0
1992-03-20,1.6871185418243755,1.7069669952576034,1.6871185418243755,1.7003506422042847,35774400,0.0,0.0
1992-03-23,1.7003506422042847,1.7102748689208986,1.6904264154876707,1.7003506422042847,37843200,0.0,0.0
1992-03-24,1.7069677072412828,1.718545875618849,1.6738871396300965,1.6871192455291748,70228800,0.0,0.0
1992-03-25,1.6871185418243755,1.7102748689208986,1.6805021887710567,1.7003506422042847,36739200,0.0,0.0
1992-03-26,1.703659330509657,1.7069672045785882,1.6441139629080783,1.6540381908416748,60403200,0.0,0.0
1992-03-27,1.6474226068023863,1.654038963758814,1.5812608544193663,1.6044178009033203,89971200,0.0,0.0
1992-03-30,1.6077247738838196,1.61434112712559,1.587876319885254,1.587876319885254,40713600,0.0,0.0
1992-03-31,1.5944929034474489,1.6143413603130734,1.5581038639515261,1.5680280923843384,86702400,0.0,0.0
1992-04-01,1.5514874023664393,1.59780066708956,1.5481795283600703,1.594492793083191,74203200,0.0,0.0
1992-04-02,1.59449350799971,1.6077256156848028,1.544872347021784,1.5481802225112915,56918400,0.0,0.0
1992-04-03,1.554795503616333,1.5779518274775628,1.5448712782862855,1.554795503616333,59534400,0.0,0.0
1992-04-06,1.5581045136624978,1.609379614325327,1.5581045136624978,1.6044178009033203,40123200,0.0,0.0
1992-04-07,1.6143412156737993,1.6209569635517045,1.5316389156589758,1.534947395324707,72758400,0.0,0.0
1992-04-08,1.531638636730778,1.5547955672666514,1.498558086185247,1.5514870882034302,105388800,0.0,0.0
1992-04-09,1.564719992129176,1.5911841936427664,1.543217601251854,1.587876319885254,70008000,0.0,0.0
1992-04-10,1.6044169881301626,1.6143412156737993,1.5084825866327503,1.534947395324707,126446400,0.0,0.0
1992-04-13,1.5448712782862855,1.563065792345813,1.5117901233683644,1.554795503616333,45552000,0.0,0.0
1992-04-14,1.5647208114129545,1.5911850267831398,1.5415638658052138,1.5481802225112915,72806400,0.0,0.0
1992-04-15,1.7036592687444911,1.7102750166425036,1.673886586023093,1.7053132057189941,223305600,0.0,0.0
1992-04-16,1.7069674381158177,1.7069674381158177,1.6805026247631998,1.6887729167938232,66393600,0.0,0.0
1992-04-20,1.647422132234675,1.6540384872851501,1.52833137568759,1.5630664825439453,226118400,0.0,0.0
1992-04-21,1.564719685997836,1.5680275591081758,1.5283306588775891,1.536600947380066,99244800,0.0,0.0
1992-04-22,1.541562890767732,1.568027695126009,1.515098692136134,1.55644953250885,61790400,0.0,0.0
1992-04-23,1.5680283837984068,1.5746447392255254,1.4853266667306795,1.5316393375396729,115334400,0.0,0.0
1992-04-24,1.5349482912778223,1.5448725246142585,1.4820186429987419,1.485327124595642,90393600,0.0,0.0
1992-04-27,1.488634529492713,1.5415635552990292,1.488634529492713,1.498558759689331,99585600,0.0,0.0
1992-04-28,1.5051752886964407,1.5150995200378963,1.41585720662334,1.4423214197158813,199876800,0.0,0.0
1992-04-29,1.4489374506529835,1.4754022635327724,1.432396866887256,1.4737483263015747,137308800,0.0,0.0
1992-04-30,1.4820184050943366,1.4919426368376625,1.4522457098643586,1.458862066268921,95870400,0.0,0.0
1992-05-01,1.4621694807743477,1.5084827495556172,1.45886160647813,1.5051748752593994,62083200,0.0,0.0
1992-05-04,1.501866459233928,1.5349476265131383,1.4886343557583657,1.508482813835144,73920000,0.0,0.0
1992-05-05,1.5051748389158928,1.5547959807952427,1.4985584847563695,1.5415632724761963,59246400,0.0,0.0
1992-05-06,1.5481794968072962,1.5514873707462489,1.528331041720023,1.534947395324707,50016000,0.0,0.0
1992-05-07,1.5349475147960259,1.5415632631888623,1.5117905782406214,1.5217148065567017,40579200,0.0,0.0
1992-05-08,1.534947867434511,1.5481799729869494,1.4985588200065985,1.5150994062423706,59822400,0.0,0.0
1992-05-11,1.518407042873533,1.5250233974747491,1.4985585847967549,1.508482813835144,41112000,0.0,0.0
1992-05-12,1.5184072270238165,1.5250235824274547,1.4919424111362067,1.5117908716201782,49905600,0.0,0.0
1992-05-13,1.5051747556599184,1.5117905037266741,1.468785718385578,1.491942048072815,64320000,0.0,0.0
1992-05-14,1.4919422702920597,1.4952507505450194,1.4456296040194865,1.4654780626296997,72307200,0.0,0.0
1992-05-15,1.4588616444476188,1.4754022278128942,1.4489374155738255,1.4555537700653076,40814400,0.0,0.0
1992-05-18,1.4654778443522,1.5018662758997445,1.4621693645920262,1.491942048072815,37526400,0.0,0.0
1992-05-19,1.4985588200065985,1.5150994062423706,1.4985588200065985,1.5150994062423706,51240000,0.0,0.0
1992-05-20,1.5150993547407967,1.5481799203608941,1.5150993547407967,1.5448720455169678,58800000,0.0,0.0
1992-05-21,1.5481799481888163,1.5481799481888163,1.5250236124112166,1.5432181358337402,48566400,0.0,0.0
1992-05-22,1.5481799232439966,1.5481799232439966,1.5217151072624677,1.5316393375396729,36969600,0.0,0.0
1992-05-26,1.5349478738405324,1.5481799794481945,1.5217151625059029,1.5283315181732178,38217600,0.0,0.0
1992-05-27,1.531639034872782,1.538255388992444,1.5184069323602836,1.5217148065567017,31166400,0.0,0.0
1992-05-28,1.5184066051634966,1.5812598357123464,1.515098731679882,1.5746440887451172,62702400,0.0,0.0
1992-05-29,1.5845685751641803,1.6176491326133957,1.5812600954105023,1.6011085510253906,89918400,0.0,0.0
1992-06-01,1.5944933386170486,1.6441144943237305,1.5878769826138248,1.6441144943237305,68529600,0.0,0.0
1992-06-02,1.644113618645395,1.6474214920216872,1.6176488144550303,1.6259191036224365,42585600,0.0,0.0
1992-06-03,1.62095713583492,1.6441140730491564,1.62095713583492,1.6275734901428223,28190400,0.0,0.0
1992-06-04,1.6308818066898758,1.63419028760443,1.6209575754002274,1.6226121187210083,41755200,0.0,0.0
1992-06-05,1.620957006640279,1.62757336042084,1.5978006769985076,1.6011085510253906,40939200,0.0,0.0
1992-06-08,1.5978009554412125,1.6011088300445462,1.5647203922271729,1.5647203922271729,40228800,0.0,0.0
1992-06-09,1.5680280739406849,1.574644428060347,1.5084827040442033,1.5217148065567017,84604800,0.0,0.0
1992-06-10,1.5250237558102526,1.5283316310246786,1.482018349387654,1.488634705543518,65457600,0.0,0.0
1992-06-11,1.4886343230803807,1.5250233639979645,1.4224725957011894,1.4290889501571655,130732800,0.0,0.0
1992-06-12,1.4588620114326478,1.4952510616993824,1.4406674862992805,1.488634705543518,138028800,0.0,0.0
1992-06-15,1.4886338474016656,1.548179201297732,1.4886338474016656,1.5035204887390137,54940800,0.0,1.5
1992-06-16,1.498559017254226,1.5184074810589179,1.439013625840151,1.4439760446548462,57376000,0.0,0.0
1992-06-17,1.4390135229817895,1.453900172634757,1.4191650605958337,1.4365326166152954,70032000,0.0,0.0
1992-06-18,1.4489373146638305,1.483672416166441,1.4092404019333147,1.434051275253296,53356800,0.0,0.0
1992-06-19,1.458862066268921,1.4737487167474275,1.4439760215174495,1.458862066268921,43110400,0.0,0.0
1992-06-22,1.4538998680734516,1.4787101379951682,1.4191647633107989,1.4737483263015747,54080000,0.0,0.0
1992-06-23,1.4836729484907534,1.5035214119774054,1.4439760215174495,1.458862066268921,57420800,0.0,0.0
1992-06-24,1.4638239598011829,1.4638239598011829,1.424127047070667,1.434051275253296,34096000,0.0,0.0
1992-06-25,1.4340511042597428,1.4340511042597428,1.3199221909046173,1.3893917798995972,165340800,0.0,0.0
1992-06-26,1.3794676006119746,1.384430017146624,1.3050361984063663,1.3248846530914307,140982400,0.0,0.0
1992-06-29,1.3596192610201698,1.443975503435925,1.354657449792264,1.434051275253296,90963200,0.0,0.0
1992-06-30,1.4439753312590256,1.448937141895294,1.3794675529003144,1.3893917798995972,74048000,0.0,0.0
1992-07-01,1.3943545280827456,1.443975674887703,1.3794678811778136,1.4315699338912964,45136000,0.0,0.0
1992-07-02,1.4439752496166023,1.44893705997233,1.364581438111269,1.3869107961654663,80563200,0.0,0.0
1992-07-06,1.3893921941304377,1.3943546119729382,1.3447334621825653,1.3794679641723633,36224000,0.0,0.0
1992-07-07,1.3844301893622928,1.3844301893622928,1.3348090464770286,1.349695086479187,54396800,0.0,0.0
1992-07-08,1.3496952271947784,1.369543686418231,1.3000740791361467,1.36210036277771,93417600,0.0,0.0
1992-07-09,1.3695435523986816,1.4042786555041,1.3546575123012492,1.3695435523986816,61174400,0.0,0.0
1992-07-10,1.374506152056789,1.3893921941304377,1.342251950397852,1.3794679641723633,28905600,0.0,0.0
1992-07-13,1.3844299692633286,1.414202650261177,1.3596190989017487,1.3893917798995972,35113600,0.0,0.0
1992-07-14,1.3993164509273002,1.4191649112241413,1.3943546387165586,1.4117215871810913,41116800,0.0,0.0
1992-07-15,1.4241271942697062,1.4538998818949245,1.409240547593657,1.419164776802063,80172800,0.0,0.0
1992-07-16,1.4092404019333147,1.434051275253296,1.4042785907054092,1.434051275253296,42291200,0.0,0.0
1992-07-17,1.4241270275541835,1.4290888387140916,1.384430115367681,1.3943543434143066,59865600,0.0,0.0
1992-07-20,1.37946780825887,1.394354454376891,1.3596193505860805,1.3745059967041016,48707200,0.0,0.0
1992-07-21,1.3893922316617573,1.4439758007690833,1.3794680014356018,1.4241273403167725,45907200,0.0,0.0
1992-07-22,1.4241268772604598,1.4241268772604598,1.3794675529003144,1.3893917798995972,59008000,0.0,0.0
1992-07-23,1.3844302151955048,1.4340513590066903,1.3645817576710304,1.409240484237671,68441600,0.0,0.0
1992-07-24,1.4117218366769386,1.463824508459538,1.4092409301331132,1.4439760446548462,76259200,0.0,0.0
1992-07-27,1.443975723302535,1.4588617649796891,1.4340514936087956,1.4489375352859497,30512000,0.0,0.0
1992-07-28,1.4588618898713912,1.4787103509580768,1.4439758469198578,1.4687861204147339,45363200,0.0,0.0
1992-07-29,1.4787103509580768,1.483672769093229,1.4290891982413627,1.4687861204147339,145273600,0.0,0.0
1992-07-30,1.4588620827620633,1.4787105464731118,1.4489378509065391,1.4514187574386597,32035200,0.0,0.0
1992-07-31,1.4588620896448425,1.4588620896448425,1.4340518127525004,1.4439760446548462,35312000,0.0,0.0
1992-08-03,1.4439755763694029,1.4737482624210727,1.429088930480144,1.4638240337371826,31516800,0.0,0.0
1992-08-04,1.4687858039315518,1.4787100323364948,1.458861575526609,1.466304898262024,31430400,0.0,0.0
1992-08-05,1.4638240538924694,1.4638240538924694,1.4142029097897901,1.4290889501571655,60150400,0.0,0.0
1992-08-06,1.419164776802063,1.429089006010469,1.3943545066444882,1.419164776802063,3705600,0.0,0.0
1992-08-07,1.4191649168150848,1.4638242555223862,1.3993164564400487,1.4042788743972778,55008000,0.0,0.0
1992-08-10,1.4092405255443943,1.439013212703783,1.404278713881265,1.4067596197128296,42067200,0.0,0.0
1992-08-11,1.414202887333906,1.4266080217308827,1.3893920128131056,1.4166837930679321,33436800,0.0,0.0
1992-08-12,1.4241271302444531,1.4390131705243823,1.404278672719979,1.409240484237671,30441600,0.0,0.0
1992-08-13,1.4142029429343945,1.4241271719875241,1.3993162964912647,1.4067596197128296,28227200,0.0,0.0
1992-08-14,1.409240484237671,1.4241271302444531,1.404278672719979,1.409240484237671,33942400,0.0,0.0
1992-08-17,1.4042788419310126,1.409240654046587,1.3794679641723633,1.3794679641723633,63318400,0.0,0.0
1992-08-18,1.3695437342142887,1.4042788419310126,1.3496952742981396,1.3794679641723633,66313600,0.0,0.0
1992-08-19,1.37946780825887,1.3993162659316596,1.3645817678677068,1.3745059967041016,27433600,0.0,0.0
1992-08-20,1.379468011117612,1.4042788897206109,1.3695437808218018,1.3968355655670166,36534400,0.0,0.0
1992-08-21,1.3993168123092241,1.4067601382745574,1.3695441141749853,1.3844307661056519,52710400,0.0,0.0
1992-08-24,1.381948686767683,1.389392009679822,1.3645817409418195,1.3695435523986816,42800000,0.0,0.0
1992-08-25,1.3645819685373701,1.4042788897206109,1.3596195505259918,1.3968355655670166,37123200,0.0,0.0
1992-08-26,1.3943548168551796,1.434051742520423,1.3943548168551796,1.421645998954773,50016000,0.0,0.0
1992-08-27,1.4290893299862437,1.468786255819195,1.4290893299862437,1.4613429307937622,88028800,0.0,0.0
1992-08-28,1.4588614033176042,1.4787098577845104,1.4588614033176042,1.476228952407837,49468800,0.0,0.0
1992-08-31,1.4737483627442582,1.4886344039200137,1.4588617158416133,1.4787101745605469,25651200,0.0,0.0
1992-09-01,1.46878594520108,1.4811910804686912,1.4538999040253249,1.4787101745605469,30825600,0.0,0.0
1992-09-02,1.4787103404058362,1.503521219450621,1.4638242975605313,1.4960778951644897,61955200,0.0,0.0
1992-09-03,1.5035213776927192,1.5332940722437927,1.4985589590706963,1.520888328552246,85296000,0.0,0.0
1992-09-04,1.5134452312177735,1.518407042873533,1.4985585847967549,1.508482813835144,28585600,0.0,0.0
1992-09-08,1.5084825492669918,1.5258500984698486,1.4935965111836598,1.5233691930770874,49376000,0.0,0.0
1992-09-09,1.5233694350894196,1.5556230274996228,1.5184070177887714,1.5506606101989746,60982400,0.0,0.0
1992-09-10,1.5531420525985364,1.5680280923843384,1.5382554070859016,1.5680280923843384,53302400,0.0,0.0
1992-09-11,1.5581040648243611,1.5729907122562024,1.548179835112104,1.5630664825439453,30796800,0.0,0.0
1992-09-14,1.5829151935624148,1.6275739315023288,1.5829151935624148,1.6226121187210083,95100800,0.0,0.0
1992-09-15,1.6176496387494106,1.6226120570691893,1.5878769460116913,1.6126878261566162,44614400,0.0,0.0
1992-09-16,1.5829149696273201,1.6226118891699874,1.577952551821026,1.5953201055526733,35708800,0.0,0.0
1992-09-17,1.5978001633619277,1.6176486125962375,1.5928383539166504,1.6102052927017212,23590400,0.0,0.0
1992-09-18,1.6126883230951141,1.6176501372168564,1.5556238263320519,1.5853965282440186,71683200,0.0,0.0
1992-09-21,1.563066477363417,1.5779525190190098,1.5531422476840522,1.5705091953277588,31811200,0.0,0.0
1992-09-22,1.568028409063032,1.57050931524057,1.5382557177517087,1.5432181358337402,30777600,0.0,0.0
1992-09-23,1.5432180180046873,1.5829149367221467,1.5382556003015504,1.5705091953277588,37654400,0.0,0.0
1992-09-24,1.5729901921201004,1.5978004553333498,1.5729901921201004,1.5928386449813843,36953600,0.0,0.0
1992-09-25,1.5928391716807166,1.595320077677053,1.5084829162630757,1.5630664825439453,41817600,0.0,0.0
1992-09-28,1.5184072875357293,1.5531423976304226,1.513445475080469,1.5283315181732178,52854400,0.0,0.0
1992-09-29,1.52833137568759,1.5680282945366184,1.52833137568759,1.5630664825439453,39392000,0.0,0.0
1992-09-30,1.5829143380059187,1.597800374031067,1.5630658861546012,1.597800374031067,59843200,0.0,0.0
1992-10-01,1.5878768118795696,1.6077252720280644,1.5779525818053224,1.5804334878921509,47804800,0.0,0.0
1992-10-02,1.5729907122562024,1.5829149419684596,1.548179835112104,1.5630664825439453,36803200,0.0,0.0
1992-10-05,1.5581043124747904,1.6226121187210083,1.5035213432452281,1.6226121187210083,71347200,0.0,0.0
1992-10-06,1.6325358522295244,1.6573461200251725,1.6126873957022767,1.6374976634979248,74316800,0.0,0.0
1992-10-07,1.637497061830547,1.672232150853889,1.6077243879790826,1.6102052927017212,58153600,0.0,0.0
1992-10-08,1.6325355492473657,1.6771942652820533,1.6226113228255783,1.6548649072647095,59532800,0.0,0.0
1992-10-09,1.6573459200213077,1.6573459200213077,1.6176490117573241,1.6350165605545044,40182400,0.0,0.0
1992-10-12,1.6474217694349427,1.6672702244883757,1.6424599585349733,1.6647893190383911,34700800,0.0,0.0
1992-10-13,1.6821576947340955,1.694562833802847,1.6523849975328466,1.6722334623336792,86643200,0.0,0.0
1992-10-14,1.6747136804088893,1.6871188143770137,1.6474219010975546,1.6573461294174194,47456000,0.0,0.0
1992-10-15,1.6523844447092522,1.6821571319497173,1.642460215629097,1.6771947145462036,35942400,0.0,0.0
1992-10-16,1.682156825653308,1.697042863699572,1.662308371107114,1.6945619583129883,47644800,0.0,0.0
1992-10-19,1.687118606274917,1.751626385260569,1.687118606274917,1.74418306350708,83280000,0.0,0.0
1992-10-20,1.751626385260569,1.7813990665477732,1.726815514657856,1.74418306350708,84150400,0.0,0.0
1992-10-21,1.751626835802199,1.7863613367080688,1.7417026061538208,1.7863613367080688,60396800,0.0,0.0
1992-10-22,1.7863620175567,1.7913244371357044,1.7516275034122224,1.781400203704834,49174400,0.0,0.0
1992-10-23,1.7913235199711437,1.7913235199711437,1.7516266065726345,1.7590693235397339,46006400,0.0,0.0
1992-10-26,1.7565886477629344,1.7913237543957117,1.7417026061538208,1.7863613367080688,40121600,0.0,0.0
1992-10-27,1.7863610793243756,1.79132349629702,1.7367399382320319,1.7466641664505005,49116800,0.0,0.0
1992-10-28,1.7516264098421896,1.7615506370771972,1.7317779553721748,1.7565882205963135,36172800,0.0,0.0
1992-10-29,1.7615510654505773,1.7863613367080688,1.7565886477629344,1.7863613367080688,32774400,0.0,0.0
1992-10-30,1.7838806287034266,1.7863615349591262,1.7565888427098073,1.7615512609481812,24998400,0.0,0.0
1992-11-02,1.7665130105235856,1.7863614713159854,1.7417027373965621,1.7789181470870972,31091200,0.0,0.0
1992-11-03,1.7764371206213982,1.781399538346925,1.7392211077241382,1.7516268491744995,35267200,0.0,0.0
1992-11-04,1.7516264098421896,1.781399091547212,1.746663993361306,1.7565882205963135,23657600,0.0,0.0
1992-11-05,1.7665133923162641,1.8310212066969729,1.751627346368152,1.823577880859375,90361600,0.0,0.0
1992-11-06,1.8210971346320537,1.85086983487895,1.8111729012164217,1.8409456014633179,61155200,0.0,0.0
1992-11-09,1.8409454392380755,1.8409454392380755,1.7962860899395718,1.823577880859375,54796800,0.0,0.0
1992-11-10,1.8260584341337482,1.8508693135479617,1.816134203513456,1.843425989151001,38710400,0.0,0.0
1992-11-11,1.8409447749972059,1.885603502455078,1.831020546036916,1.8607932329177856,60748800,0.0,0.0
1992-11-12,1.8607934449399492,1.870717675031024,1.8260583367577212,1.8558310270309448,46960000,0.0,0.0
1992-11-13,1.8558312299150597,1.860793648366568,1.835982767563027,1.8508694171905518,25811200,0.0,0.0
1992-11-16,1.8459074153075654,1.8558316487231974,1.831021368047686,1.8409456014633179,19312000,0.0,0.0
1992-11-17,1.8434258086179702,1.8657551738950942,1.7714752950989554,1.7863613367080688,56649600,0.0,0.0
1992-11-18,1.7962864002455836,1.8359833372675853,1.783881258858005,1.826059103012085,33273600,0.0,0.0
1992-11-19,1.831020231027051,1.8856031780547282,1.831020231027051,1.8657547235488892,46857600,0.0,0.0
1992-11-20,1.8657550887057657,1.8856035470962524,1.8607932769715836,1.8856035470962524,41113600,0.0,0.0
1992-11-23,1.7913233187822193,1.8210960004872416,1.7317779553721748,1.7565882205963135,309884800,0.0,0.0
1992-11-24,1.811172045274033,1.8409447314506457,1.7714751303718828,1.8161338567733765,145513600,0.0,0.0
1992-11-25,1.8260580997803488,1.8359823285835029,1.7913236018327374,1.8086905479431152,53152000,0.0,0.0
1992-11-27,1.8161338837788124,1.835982341525029,1.806209654905704,1.8210963010787964,17593600,0.0,0.0
1992-11-30,1.8359824635075275,1.8508691106696873,1.821096422072268,1.848387598991394,35251200,0.0,0.0
1992-12-01,1.8409448811372142,1.8558309225724738,1.8260582339750544,1.848387598991394,33593600,0.0,0.0
1992-12-02,1.845906562022217,1.8558307908502936,1.7962854178818348,1.8012478351593018,49881600,0.0,0.0
1992-12-03,1.801248484142713,1.8359829946922723,1.7962860650773043,1.818615436553955,26048000,0.0,0.0
1992-12-04,1.8161338837788124,1.835982341525029,1.811172072205688,1.8210963010787964,23548800,0.0,0.0
1992-12-07,1.8260583777118256,1.8558310686527792,1.8062099170845232,1.8533501625061035,46422400,0.0,0.0
1992-12-08,1.8607933183048255,1.8657551301492228,1.8161339830707859,1.8359824419021606,26908800,0.0,0.0
1992-12-09,1.8210972887479289,1.8508699915144304,1.8111730544924285,1.826059103012085,26048000,0.0,0.0
1992-12-10,1.7863613300109176,1.8210964365134714,1.7565886411774023,1.7665128707885742,89296000,0.0,0.0
1992-12-11,1.7565882389912595,1.766512466330193,1.7020052914905073,1.714410424232483,112934400,0.0,0.0
1992-12-14,1.7218540857972542,1.7516267736865996,1.716891668285587,1.7292968034744263,51286400,0.0,0.0
1992-12-15,1.7317779735073084,1.7417022008462422,1.6970428749576574,1.714410424232483,45289600,0.0,0.0
1992-12-16,1.716891709415392,1.7516268156485177,1.6920814384433596,1.726815938949585,73792000,0.0,0.0
1992-12-17,1.7317783765054426,1.7913237543957117,1.7268159588178,1.7863613367080688,51859200,0.0,0.0
1992-12-18,1.7665128774113126,1.7913237543957117,1.7565886477629344,1.7863613367080688,74387200,0.0,0.0
1992-12-21,1.7813993506991797,1.826058076890134,1.771475122020429,1.7962853908538818,64928000,0.0,0.0
1992-12-22,1.8062097446261685,1.8161339739922462,1.7268159096975455,1.7417025566101074,56928000,0.0,0.0
1992-12-23,1.746664304688146,1.751626722053535,1.7069673886725065,1.7317782640457153,59974400,0.0,0.0
1992-12-24,1.731778264045715,1.731778264045715,1.7069673886725065,1.7317782640457153,32723200,0.0,0.0
1992-12-28,1.7317794892486666,1.7417037252737957,1.7069685963221959,1.736741304397583,45731200,0.0,0.0
1992-12-29,1.7317780525175825,1.7367398635500428,1.7119295969341535,1.7168914079666138,60035200,0.0,0.0
1992-12-30,1.7218542823980671,1.7268160947493867,1.6920815911092846,1.7044867277145386,50860800,0.0,0.0
1992-12-31,1.706967090972669,1.7119295074725986,1.6920810529264048,1.6945619583129883,30851200,0.0,0.0
1993-01-04,1.687120037072811,1.702006693204733,1.6771958015606179,1.689600944519043,72646400,0.0,0.0
1993-01-05,1.6871187245914703,1.7218538247258681,1.68215691355901,1.7168914079666138,71529600,0.0,0.0
1993-01-06,1.726815952343887,1.7714752884576126,1.7218541404017538,1.7665128707885742,87440000,0.0,0.0
1993-01-07,1.766512762695966,1.7838803148845253,1.7268158466803263,1.7317782640457153,58748800,0.0,0.0
1993-01-08,1.7317783150937027,1.7516267736865996,1.7119298565008056,1.7292968034744263,43977600,0.0,0.0
1993-01-11,1.7317784461400403,1.7714753663297613,1.71192998604518,1.768993854522705,58348800,0.0,0.0
1993-01-12,1.7665135506949592,1.8111729039974456,1.7615517368430929,1.781400203704834,85129600,0.0,0.0
1993-01-13,1.776436788893518,1.8310203450469418,1.7516265220796337,1.8111718893051147,83696000,0.0,0.0
1993-01-14,1.8310203450469418,1.8657548397317396,1.796285244635345,1.8111718893051147,121264000,0.0,0.0
1993-01-15,1.7367408504023474,1.8062104844184412,1.726816616971477,1.781400203704834,181958400,0.0,0.0
1993-01-18,1.7764368880243573,1.781399305100132,1.751626619825981,1.771475076675415,50611200,0.0,0.0
1993-01-19,1.7665124889724504,1.771474905568906,1.7516264506366312,1.7541073560714722,52960000,0.0,0.0
1993-01-20,1.756588261506313,1.7665124889724504,1.741702223170494,1.7541073560714722,47968000,0.0,0.0
1993-01-21,1.7417025444679974,1.7863612734405687,1.7218540858742133,1.7764370441436768,73363200,0.0,0.0
1993-01-22,1.7813991440683645,1.7913233715959689,1.7615506890131558,1.7739558219909668,49088000,0.0,0.0
1993-01-25,1.7714748643122045,1.7913233187822193,1.7417021826071823,1.7565882205963135,49609600,0.0,0.0
1993-01-26,1.7565883946689693,1.7863610793243756,1.7367399382320319,1.7466641664505005,42345600,0.0,0.0
1993-01-27,1.736739462973206,1.741701878587885,1.6970425609623898,1.711929202079773,64192000,0.0,0.0
1993-01-28,1.7119298975117456,1.7292968449014083,1.6821572089091665,1.726815938949585,77030400,0.0,0.0
1993-01-29,1.7367398635500428,1.7466640913417575,1.702005369142439,1.7168914079666138,39424000,0.0,0.0
1993-02-01,1.7119310171984086,1.746665540422712,1.6970443602970666,1.736741304397583,42854400,0.0,0.0
1993-02-02,1.734259275983992,1.776437100399746,1.7317783700129254,1.7665128707885742,70371200,0.0,0.0
1993-02-03,1.7764367164385877,1.7913233605011807,1.7466640340401756,1.7541073560714722,71728000,0.0,0.0
1993-02-04,1.7417028181009622,1.7417028181009622,1.677195014673121,1.6871192455291748,124214400,0.0,0.0
1993-02-05,1.6821572219570666,1.776437100399746,1.6325360739012078,1.7665128707885742,177216000,0.0,0.0
1993-02-08,1.7565891981216388,1.7665134308793882,1.6871195688173932,1.702006220817566,92665600,0.0,0.0
1993-02-09,1.7218537787487054,1.731778006275422,1.657345996961659,1.6647893190383911,64550400,0.0,0.0
1993-02-10,1.6771948400296663,1.7119299472724379,1.6672706102070056,1.6970432996749878,39193600,0.0,0.0
1993-02-11,1.711929186990741,1.7168909968350323,1.682156510745047,1.6920807361602783,31635200,0.0,0.0
1993-02-12,1.6920813110036157,1.6920813110036157,1.6523843958566318,1.6598271131515503,34752000,0.0,0.0
1993-02-16,1.6449408576701732,1.662308407206949,1.5829145872980028,1.5903573036193848,91180800,0.0,0.0
1993-02-17,1.6077246817639916,1.612687097842668,1.5332932863975326,1.5928386449813843,121913600,0.0,0.0
1993-02-18,1.6126879387409396,1.6424606335571383,1.5680285936531284,1.6201306581497192,138553600,0.0,0.0
1993-02-19,1.6250926510961674,1.6275735569158465,1.5779524118879242,1.5829148292541504,97094400,0.0,0.0
1993-02-22,1.5829145568639422,1.6077248222450833,1.5233691930770874,1.5233691930770874,76256000,0.0,0.0
1993-02-23,1.548179932360379,1.5978010840385966,1.5233696593847452,1.5779526233673096,105974400,0.0,0.0
1993-02-24,1.5680279492212106,1.6672702244883757,1.5630661383212412,1.6647893190383911,77548800,0.0,0.0
1993-02-25,1.6374979551811653,1.6871191053381704,1.6374979551811653,1.6747139692306519,60806400,0.0,0.0
1993-02-26,1.6722324549345147,1.6871184917038407,1.6474215860166914,1.6548649072647095,29833600,0.0,0.0
1993-03-01,1.6623085273688516,1.6623085273688516,1.6126873863388385,1.6176491975784302,26432000,0.0,0.0
1993-03-02,1.6226117175588568,1.6821570905752026,1.612687488722799,1.679675579071045,38380800,0.0,0.0
1993-03-03,1.6821571588516235,1.6970431998464848,1.6573462828910115,1.6821571588516235,42352000,0.0,0.0
1993-03-04,1.682157030688325,1.682157030688325,1.622611659791868,1.6623085737228394,56659200,0.0,0.0
1993-03-05,1.6573457867137462,1.687118465516987,1.6374973341782522,1.642459750175476,35724800,0.0,0.0
1993-03-08,1.6399786555780582,1.6771946649600693,1.6275735210263396,1.6598271131515503,48022400,0.0,0.0
1993-03-09,1.6672710432699334,1.687119508070766,1.662309229933263,1.6722334623336792,41312000,0.0,0.0
1993-03-10,1.677195014673121,1.7020058946767462,1.657346552961013,1.6871192455291748,26592000,0.0,0.0
1993-03-11,1.6920811413507244,1.7417022803092972,1.6871187245914703,1.7168914079666138,57779200,0.0,0.0
1993-03-12,1.7069674931215435,1.7714752884576126,1.6920814515682383,1.7665128707885742,73580800,0.0,0.0
1993-03-15,1.7714749324606083,1.7714749324606083,1.7268156053216566,1.7392207384109497,35347200,0.0,0.0
1993-03-16,1.7516267859761852,1.761551015342263,1.7268159096975455,1.7417025566101074,36336000,0.0,0.0
1993-03-17,1.7218537347456955,1.7367397727919598,1.6920810529264048,1.6945619583129883,39644800,0.0,0.0
1993-03-18,1.7020049615755095,1.7218534124059723,1.687118320589338,1.6920807361602783,34406400,0.0,0.0
1993-03-19,1.702006159534928,1.702006159534928,1.6672710432699334,1.6722334623336792,45404800,0.0,0.0
1993-03-22,1.6523840020909402,1.667270038860266,1.637497359594904,1.6548649072647095,34083200,0.0,0.0
1993-03-23,1.6573463828153805,1.687119072327034,1.6474221529781625,1.6499030590057373,34409600,0.0,0.0
1993-03-24,1.6523838490635487,1.721853427582477,1.6474214334488697,1.711929202079773,50576000,0.0,0.0
1993-03-25,1.7168916948110167,1.7516268007486755,1.7144107888802969,1.7342592477798462,43833600,0.0,0.0
1993-03-26,1.7466645341057525,1.7516269521229357,1.7069676128760762,1.7193727493286133,28380800,0.0,0.0
1993-03-29,1.7218541270459387,1.756588627552164,1.7218541270459387,1.726815938949585,48262400,0.0,0.0
1993-03-30,1.7565887701380385,1.8111723398702093,1.7317784971521057,1.806209921836853,140777600,0.0,0.0
1993-03-31,1.8111721712263888,1.870717547720513,1.8012479418107015,1.8359824419021606,179660800,0.0,0.0
1993-04-01,1.835982149006218,1.8806414771157134,1.835982149006218,1.845906376838684,100412800,0.0,0.0
1993-04-02,1.8210971374283162,1.8260589512801824,1.781400203704834,1.781400203704834,73251200,0.0,0.0
1993-04-05,1.761550901646345,1.831020502725108,1.7466642556946133,1.8161338567733765,61187200,0.0,0.0
1993-04-06,1.8210971374283162,1.8459074181419235,1.7714759702739633,1.781400203704834,55699200,0.0,0.0
1993-04-07,1.786361363252108,1.796285593047953,1.7714753214217986,1.7913237810134888,39417600,0.0,0.0
1993-04-08,1.7863613300109176,1.791323747679956,1.751626829235269,1.7665128707885742,40185600,0.0,0.0
1993-04-12,1.7615511420181027,1.811172292416825,1.7565887241147637,1.7888423204421997,48976000,0.0,0.0
1993-04-13,1.7913237897674066,1.8310207091447794,1.7615511002343769,1.764032006263733,53337600,0.0,0.0
1993-04-14,1.7665128707885742,1.791323747679956,1.7417025996240971,1.7665128707885742,38592000,0.0,0.0
1993-04-15,1.7466643561749324,1.7838803674683357,1.7069674389891385,1.7292968034744263,109152000,0.0,0.0
1993-04-16,1.7317783565801317,1.7417025861143247,1.697043250347006,1.726815938949585,49600000,0.0,0.0
1993-04-19,1.726815938949585,1.7317783565801317,1.687119020812813,1.726815938949585,45673600,0.0,0.0
1993-04-20,1.721854329109192,1.73674037229394,1.6871192187998274,1.721854329109192,46009600,0.0,0.0
1993-04-21,1.721854155383182,1.721854155383182,1.672233006895582,1.6846381425857544,92528000,0.0,0.0
1993-04-22,1.677194306541318,1.687118533207243,1.644940721308743,1.6523840427398682,79872000,0.0,0.0
1993-04-23,1.64742228888143,1.6523847070728706,1.6027635537933094,1.6151686906814575,89296000,0.0,0.0
1993-04-26,1.6176494713636933,1.6374979311350268,1.5829149696273201,1.5953201055526733,65376000,0.0,0.0
1993-04-27,1.5978007504434297,1.6424600804931482,1.5928389391750293,1.6374976634979248,58208000,0.0,0.0
1993-04-28,1.6474223261655763,1.7069677114486694,1.6424605135888097,1.7069677114486694,55372800,0.0,0.0
1993-04-29,1.7020057174497771,1.7020057174497771,1.6672706102070056,1.6970432996749878,49660800,0.0,0.0
1993-04-30,1.687119069852327,1.7218541770950986,1.687119069852327,1.6970432996749878,46825600,0.0,0.0
1993-05-03,1.69704320241926,1.7268158901810016,1.6871189731653464,1.7094483375549316,38096000,0.0,0.0
1993-05-04,1.7218538987677388,1.7565883946689693,1.7168914817950942,1.7466641664505005,49664000,0.0,0.0
1993-05-05,1.746664202750206,1.7863611164490742,1.736739974325489,1.771475076675415,51868800,0.0,0.0
1993-05-06,1.766512762695966,1.7813994090652647,1.7218540350418052,1.7317782640457153,47244800,0.0,0.0
1993-05-07,1.7317783565801317,1.7417025861143247,1.716891709415392,1.726815938949585,31798400,0.0,0.0
1993-05-10,1.75658871839515,1.7863614085374409,1.7466644883477198,1.768993854522705,69091200,0.0,0.0
1993-05-11,1.7516267859761852,1.761551015342263,1.7317783272440295,1.7417025566101074,38220800,0.0,0.0
1993-05-12,1.736739462973206,1.7466636884759101,1.702004976577069,1.711929202079773,48272000,0.0,0.0
1993-05-13,1.702006220817566,1.706968034332892,1.6771953360596439,1.702006220817566,43708800,0.0,0.0
1993-05-14,1.7069675294976485,1.7218541770950986,1.6821572578044557,1.6970432996749878,49116800,0.0,0.0
1993-05-17,1.702005369142439,1.719372313482844,1.6920811413507244,1.7168914079666138,27763200,0.0,0.0
1993-05-18,1.7218537281371673,1.7615506370771972,1.7168913116562836,1.7565882205963135,84185600,0.0,0.0
1993-05-19,1.8012479418107015,1.845906671317848,1.7764370654080366,1.8359824419021606,181017600,0.0,0.0
1993-05-20,1.8310210088266405,1.8905663976384497,1.8260585902288138,1.8682364225387573,150256000,0.0,0.0
1993-05-21,1.8558309007335354,1.870717547720513,1.8260582124864733,1.8359824419021606,75500800,0.0,0.0
1993-05-24,1.8310207641119591,1.8657552667464292,1.8260583461773563,1.828539252281189,64252800,0.0,0.0
1993-05-25,1.8210961171760283,1.8260579282480855,1.7863610167644315,1.8111718893051147,36716800,0.0,0.0
1993-05-26,1.8161348846449747,1.8905669450759888,1.8111730703374105,1.8905669450759888,87484800,0.0,0.0
1993-05-27,1.885603979040623,1.895528210509258,1.8459070531660835,1.8682364225387573,95052800,0.0,0.0
1993-05-28,1.8558312199514058,1.8607936383762718,1.8210967138853327,1.8384636640548706,35136000,0.0,0.0
1993-06-01,1.845907009080048,1.9451493213961797,1.8409451963277434,1.9104148149490356,173088000,0.0,0.0
1993-06-02,1.9004905223846436,1.9352250277108332,1.8905662914733061,1.9004905223846436,70710400,0.0,0.0
1993-06-03,1.9004902084228181,1.9054520201953014,1.8756793323797498,1.8781602382659912,23936000,0.0,0.0
1993-06-04,1.8657547235488892,1.8756789508018088,1.8558304962959695,1.8657547235488892,32652800,0.0,0.0
1993-06-07,1.8707178795425843,1.9004905730706334,1.8459069987390433,1.8508694171905518,52761600,0.0,0.0
1993-06-08,1.8459063942503238,1.8508688110767633,1.8012476714463783,1.8310203552246094,48131200,0.0,0.0
1993-06-09,1.8409450308894981,1.8459068431959047,1.8012481095304462,1.806209921836853,62480000,0.0,0.0
1993-06-10,1.8111720594390455,1.8359823285835029,1.7764369557645785,1.8086905479431152,56544000,0.0,0.0
1993-06-11,1.8210960541787817,1.8359820926067993,1.766512499913569,1.7739558219909668,67542400,0.0,0.0
1993-06-14,1.8062094825460158,1.8310203552246094,1.7913234435203012,1.8310203552246094,40489600,0.0,0.0
1993-06-15,1.845906671317848,1.845906671317848,1.8161339830707859,1.8359824419021606,42345600,0.0,0.0
1993-06-16,1.8409445729178553,1.8508688007887688,1.7714749778214607,1.8111718893051147,66966400,0.0,0.0
1993-06-17,1.8161333538872213,1.8210957697393257,1.7962849019321696,1.8037282228469849,28083200,0.0,0.0
1993-06-18,1.7962867205483573,1.811173377449699,1.726817068372454,1.736741304397583,75910400,0.0,0.0
1993-06-21,1.7615508349222617,1.7714750632718892,1.7268157328351523,1.7590693235397339,68102400,0.0,0.0
1993-06-22,1.7714750398600825,1.781399268078551,1.7317781269862074,1.7466641664505005,41062400,0.0,0.0
1993-06-23,1.7466641895344068,1.7714750632718892,1.7417023782230072,1.7590693235397339,33129600,0.0,0.0
1993-06-24,1.7516264098421896,1.7764366750663283,1.7317779553721748,1.7565882205963135,35782400,0.0,0.0
1993-06-25,1.7565882205963135,1.7714748643122045,1.7218537281371673,1.7565882205963135,45484800,0.0,0.0
1993-06-28,1.7615510916259536,1.7913237810134888,1.756588673864573,1.7913237810134888,52224000,0.0,0.0
1993-06-29,1.791323747679956,1.8210964365134714,1.7565886411774023,1.7665128707885742,42361600,0.0,0.0
1993-06-30,1.7714750398600825,1.79132349629702,1.7317781269862074,1.7466641664505005,56422400,0.0,0.0
1993-07-01,1.7516267736865996,1.756588585471381,1.716891668285587,1.7292968034744263,57907200,0.0,0.0
1993-07-02,1.731778264045715,1.7367400756842362,1.7168916176764164,1.7317782640457153,25404800,0.0,0.0
1993-07-06,1.721854360632934,1.741702822393965,1.6920816679913875,1.7069677114486694,47721600,0.0,0.0
1993-07-07,1.630054038346886,1.6722324549345147,1.612687096403791,1.6548649072647095,182569600,0.0,0.0
1993-07-08,1.6672705891833668,1.697043278275927,1.6672705891833668,1.6846381425857544,70105600,0.0,0.0
1993-07-09,1.6871189021298028,1.6871189021298028,1.6573462156216296,1.679675579071045,50000000,0.0,0.0
1993-07-12,1.682157030688325,1.682157030688325,1.6573461566180498,1.6623085737228394,26540800,0.0,0.0
1993-07-13,1.6672700129814932,1.6672700129814932,1.6374973341782522,1.642459750175476,36476800,0.0,0.0
1993-07-14,1.6474225784691008,1.6970437404711822,1.6374983460686847,1.6722334623336792,43491200,0.0,0.0
1993-07-15,1.6722327747606296,1.6722327747606296,1.6424600898010353,1.6573461294174194,34432000,0.0,0.0
1993-07-16,1.6523837016195795,1.6523837016195795,1.6027625785338053,1.6102052927017212,86217600,0.0,0.0
1993-07-19,1.5779525242488754,1.5928391716807166,1.548179835112104,1.5630664825439453,122435200,0.0,0.0
1993-07-20,1.57299011208026,1.597800374031067,1.5481792444027729,1.597800374031067,74822400,0.0,0.0
1993-07-21,1.5581038639515261,1.5680280923843384,1.5233693673000996,1.5680280923843384,178963200,0.0,0.0
1993-07-22,1.6027631998309284,1.6226116567593185,1.5233693721173673,1.5407363176345825,147584000,0.0,0.0
1993-07-23,1.5283311834860476,1.5531420575099528,1.5233693721173673,1.5407363176345825,92790400,0.0,0.0
1993-07-26,1.5531418323516846,1.5729902864026535,1.5432176053262001,1.5531418323516846,65801600,0.0,0.0
1993-07-27,1.5581041408690395,1.563066558830819,1.498558759689331,1.498558759689331,112220800,0.0,0.0
1993-07-28,1.508482507873631,1.577952097052022,1.4836722431732936,1.5531418323516846,113459200,0.0,0.0
1993-07-29,1.5481796355187138,1.6027631947625978,1.5382554070859016,1.5680280923843384,96534400,0.0,0.0
1993-07-30,1.4489376593280483,1.4737485385498863,1.4290891982413627,1.4687861204147339,287936000,0.0,0.0
1993-08-02,1.4836729722642297,1.5035214360689213,1.4340518127525004,1.4439760446548462,148208000,0.0,0.0
1993-08-03,1.4489375352859497,1.4538999529962744,1.429089075898471,1.4489375352859497,85136000,0.0,0.0
1993-08-04,1.4538999529962744,1.4638241826900138,1.4241272639150564,1.4489375352859497,94416000,0.0,0.0
1993-08-05,1.4588615077247222,1.488634191555839,1.453899696616271,1.4836723804473877,67910400,0.0,0.0
1993-08-06,1.4836721826154573,1.5060015410797114,1.443975276133796,1.4538995027542114,71760000,0.0,0.0
1993-08-09,1.4538999529962744,1.4687859946734285,1.4340514936087956,1.4489375352859497,70876800,0.0,0.0
1993-08-10,1.4489373992866195,1.4538998165311645,1.3968353497165877,1.409240484237671,192028800,0.0,0.0
1993-08-11,1.4142032478628455,1.4489377541747672,1.41172173576935,1.4365326166152954,95974400,0.0,0.0
1993-08-12,1.4390134287847054,1.4787103509580768,1.4340516163765151,1.4687861204147339,77366400,0.0,0.0
1993-08-13,1.468785799215668,1.5035209013848587,1.4489373424695104,1.4935966730117798,61900800,0.0,0.0
1993-08-16,1.503521214085309,1.553142366270848,1.4985587960032773,1.5432181358337402,78451200,0.0,0.0
1993-08-17,1.548179885458367,1.5581041154933566,1.5084829653184089,1.5332938432693481,54272000,0.0,0.0
1993-08-18,1.5432180733043377,1.5729907634093063,1.5184071953533984,1.5332938432693481,66012800,0.0,0.0
1993-08-19,1.5332937009859438,1.545698835946802,1.4638240971875132,1.4737483263015747,114742400,0.0,0.0
1993-08-20,1.4588618095049128,1.5233696073464855,1.4538999973700613,1.5134453773498535,73683200,0.0,0.0
1993-08-23,1.4985588262607523,1.5531423976304226,1.4985588262607523,1.5283315181732178,59472000,0.0,0.0
1993-08-24,1.51840708451679,1.5283313138273573,1.5035210434143824,1.5060019493103027,39417600,0.0,0.0
1993-08-25,1.4886343671092297,1.5084828253373526,1.4464565448061868,1.4737483263015747,68800000,0.0,0.0
1993-08-26,1.4588617160657453,1.463824133609686,1.4191647986217795,1.4315699338912964,136256000,0.0,0.0
1993-08-27,1.4340517683884455,1.4390135813225966,1.414203305197789,1.4266084432601929,67763200,0.0,0.0
1993-08-30,1.4390128444218957,1.4538994870551352,1.424126807515372,1.4414937496185303,54012800,0.0,0.0
1993-08-31,1.4638236866971892,1.4985581759926059,1.4588612706682984,1.491114854812622,93020800,0.0,0.0
1993-09-01,1.4935965111836598,1.5332934203748965,1.4886340946713734,1.5233691930770874,86035200,0.0,0.0
1993-09-02,1.5332940722437927,1.5581043481728432,1.5109640970352216,1.520888328552246,55497600,0.0,0.0
1993-09-03,1.518406524349699,1.5233689400377026,1.4935962630896693,1.5035204887390137,26800000,0.0,0.0
1993-09-07,1.503520836334799,1.5134450642785044,1.4737481525036822,1.4836723804473877,38659200,0.0,0.0
1993-09-08,1.46878594520108,1.483672592103725,1.4538999040253249,1.4787101745605469,54777600,0.0,0.0
1993-09-09,1.488634499494809,1.5184071894847053,1.478710269498177,1.5134453773498535,29856000,0.0,0.0
1993-09-10,1.528331758120121,1.5531426414726155,1.5134457126902747,1.5481802225112915,56540800,0.0,0.0
1993-09-13,1.5581039442467377,1.5581039442467377,1.5134452168610595,1.5159261226654053,33481600,0.0,0.0
1993-09-14,1.5084827127079834,1.5134451297579374,1.4737482162656221,1.4935966730117798,57756800,0.0,0.0
1993-09-15,1.5035214192043806,1.5233698827864381,1.476229630347292,1.5184074640274048,60428800,0.0,0.0
1993-09-16,1.5233694602561627,1.5332936892945517,1.5035210021793843,1.508482813835144,25641600,0.0,0.0
1993-09-17,1.4985585847967549,1.518407042873533,1.4935967731409954,1.508482813835144,25286400,0.0,0.0
1993-09-20,1.5134445245497121,1.5432171977632156,1.4886336606751658,1.5010387897491455,34691200,0.0,0.0
1993-09-21,1.4985585847967549,1.5357745951224315,1.4836725441026062,1.508482813835144,57846400,0.0,0.0
1993-09-22,1.5084829653184089,1.548179885458367,1.49359692312939,1.5332938432693481,72051200,0.0,0.0
1993-09-23,1.5332937934071742,1.5729907122562024,1.523369563694917,1.5630664825439453,72214400,0.0,0.0
1993-09-24,1.5581036388874054,1.6027629632475509,1.5581036388874054,1.587876319885254,91481600,0.0,0.0
1993-09-27,1.6226113502309691,1.6374973872517156,1.612687123641565,1.6325355768203735,73472000,0.0,0.0
1993-09-28,1.6325361578388506,1.6722330783245742,1.6325361578388506,1.6672706604003906,84012800,0.0,0.0
1993-09-29,1.6623087221887107,1.6672705340098186,1.6027633459740744,1.6474220752716064,87529600,0.0,0.0
1993-09-30,1.6424600804931482,1.652384308756772,1.6325358522295244,1.6374976634979248,38400000,0.0,0.0
1993-10-01,1.637497718741254,1.6523843645023235,1.6275734901428223,1.6275734901428223,46048000,0.0,0.0
1993-10-04,1.6374977414797085,1.6672704276884305,1.6374977414797085,1.6399786472320557,40505600,0.0,0.0
1993-10-05,1.6424598160739432,1.682156722737643,1.637497399877618,1.6523840427398682,86931200,0.0,0.0
1993-10-06,1.6523845475005419,1.697043278275927,1.6474221297883267,1.6846381425857544,77321600,0.0,0.0
1993-10-07,1.6871190786370494,1.7020057263120134,1.662308806814671,1.669751524925232,41596800,0.0,0.0
1993-10-08,1.6722329028695622,1.6821571319497173,1.6325359865489422,1.6771947145462036,38086400,0.0,0.0
1993-10-11,1.6771948905218215,1.682157308446005,1.6325361578388506,1.6672706604003906,36457600,0.0,0.0
1993-10-12,1.6722334623336792,1.6920819271345118,1.632536532732014,1.6722334623336792,79296000,0.0,0.0
1993-10-13,1.6623082694057931,1.672232496071718,1.6126871360761683,1.6523840427398682,62409600,0.0,0.0
1993-10-14,1.6623091589331371,1.66727097205788,1.62757404415174,1.6300549507141113,63257600,0.0,0.0
1993-10-15,1.632535982337302,1.647422023055695,1.5928390661190925,1.602763295173645,126425600,0.0,0.0
1993-10-18,1.6077251577951823,1.6523844928196048,1.6027633459740744,1.6474220752716064,67750400,0.0,0.0
1993-10-19,1.6275731346252755,1.667270040347843,1.577952002472066,1.5928386449813843,91392000,0.0,0.0
1993-10-20,1.5978007956787392,1.6226116699036304,1.572990527180688,1.6077250242233276,81590400,0.0,0.0
1993-10-21,1.563066580727319,1.587876853702953,1.548179932360379,1.5779526233673096,127142400,0.0,0.0
1993-10-22,1.5729907397416534,1.602763429398654,1.5729907397416534,1.5953201055526733,47625600,0.0,0.0
1993-10-25,1.597800374031067,1.6126870157828952,1.5680276962540907,1.597800374031067,48553600,0.0,0.0
1993-10-26,1.5978010840385966,1.6027635020698927,1.5729908110629625,1.5779526233673096,66944000,0.0,0.0
1993-10-27,1.5779532013342341,1.5978016692755452,1.5779532013342341,1.5853965282440186,45564800,0.0,0.0
1993-10-28,1.5829147378969732,1.5978007776827752,1.5630662810313487,1.5680280923843384,56009600,0.0,0.0
1993-10-29,1.577952170690306,1.592838814786621,1.5729903598093844,1.5903573036193848,39843200,0.0,0.0
1993-11-01,1.5928391434192843,1.6176494143962676,1.582914913883111,1.6052442789077759,30163200,0.0,0.0
1993-11-02,1.612687097842668,1.6176489081946337,1.577952002472066,1.5928386449813843,42422400,0.0,0.0
1993-11-03,1.587876848354461,1.5978010786566763,1.5432181148579653,1.558104157447815,56796800,0.0,0.0
1993-11-04,1.5630668099505534,1.5680286229825489,1.5184074640274048,1.5184074640274048,63177600,0.0,0.0
1993-11-05,1.51344533398266,1.5680282945366184,1.5084829162630757,1.5630664825439453,56432000,0.0,0.0
1993-11-08,1.5680283877500303,1.5779526180522456,1.5432181148579653,1.558104157447815,28819200,0.0,0.0
1993-11-09,1.5680278700265375,1.5878763240775065,1.5481794159755689,1.5531418323516846,36320000,0.0,0.0
1993-11-10,1.5878769049459567,1.6201305031459292,1.5680284436341323,1.6151686906814575,57177600,0.0,0.0
1993-11-11,1.6126879387409396,1.6374982148909252,1.6077255200747265,1.6201306581497192,31158400,0.0,0.0
1993-11-12,1.6226119578918008,1.6374980004873028,1.6226119578918008,1.62509286403656,34339200,0.0,0.0
1993-11-15,1.6275730518080433,1.6275730518080433,1.597800374031067,1.597800374031067,29244800,0.0,0.0
1993-11-16,1.6077247074835024,1.642459803409778,1.5978004808940982,1.6325355768203735,47664000,0.0,0.0
1993-11-17,1.6424602113918545,1.647422023055695,1.602763295173645,1.602763295173645,72217600,0.0,0.0
1993-11-18,1.6027628714120261,1.6176489081946337,1.5878762289027077,1.5928386449813843,48438400,0.0,0.0
1993-11-19,1.5829145872980028,1.592838814786621,1.577952170690306,1.5903573036193848,38403200,0.0,0.0
1993-11-22,1.5829150895428878,1.5829150895428878,1.5184072875357293,1.5283315181732178,80355200,0.0,0.0
1993-11-23,1.5432179117637241,1.5581039523945055,1.533293682767581,1.5357745885849,98256000,0.0,0.0
1993-11-24,1.538255605399847,1.5829149419684596,1.538255605399847,1.5630664825439453,32467200,0.0,0.0
1993-11-26,1.5680280923843384,1.572990509464161,1.5630662810313487,1.5680280923843384,6403200,0.0,0.0
1993-11-29,1.568028393031666,1.587876853702953,1.568028393031666,1.5779526233673096,32105600,0.0,0.0
1993-11-30,1.5581036388874054,1.5978005468845367,1.5531418282511367,1.587876319885254,44153600,0.0,0.0
1993-12-01,1.597800741166425,1.6325358427508438,1.597800741166425,1.6176491975784302,58886400,0.0,0.0
1993-12-02,1.627574129284785,1.6474225942760627,1.622612315900506,1.6449416875839233,51936000,0.0,0.0
1993-12-03,1.6623092897865683,1.7168922670906415,1.6573468705441452,1.702006220817566,114502400,0.0,0.0
1993-12-06,1.6871190485784069,1.697043278275927,1.6672705891833668,1.6846381425857544,59337600,0.0,0.0
1993-12-07,1.687119069852327,1.7069675294976485,1.687119069852327,1.6970432996749878,32780800,0.0,0.0
1993-12-08,1.6474219010975546,1.662308546440765,1.6325358614811705,1.6573461294174194,105900800,0.0,0.0
1993-12-09,1.6573455110648567,1.6573455110648567,1.5978001633619277,1.6102052927017212,61465600,0.0,0.0
1993-12-10,1.6126877275858171,1.6325361881977845,1.6027634972798337,1.62509286403656,19916800,0.0,0.0
1993-12-13,1.6176495969136933,1.6275738275696057,1.6027635537933094,1.6151686906814575,20112000,0.0,0.0
1993-12-14,1.6077247738838196,1.6176490008831024,1.5729902822497024,1.587876319885254,47414400,0.0,0.0
1993-12-15,1.5878766408935088,1.6077250989046776,1.5829148292541504,1.5829148292541504,35219200,0.0,0.0
1993-12-16,1.587876319885254,1.6077247738838196,1.5829145092489854,1.587876319885254,29113600,0.0,0.0
1993-12-17,1.597800374031067,1.597800374031067,1.5829143380059187,1.597800374031067,26112000,0.0,0.0
1993-12-20,1.6077250329459587,1.6275734901428223,1.5978008043475267,1.6275734901428223,35462400,0.0,0.0
1993-12-21,1.627573435234301,1.6374976634979248,1.6176492069706774,1.6374976634979248,31008000,0.0,0.0
1993-12-22,1.6325352523852696,1.637497061830547,1.6077243879790826,1.6102052927017212,24169600,0.0,0.0
1993-12-23,1.6077251848600942,1.632536061563978,1.6027633729554578,1.6052442789077759,31820800,0.0,0.0
1993-12-27,1.6027627898572363,1.6126870157828952,1.5829143380059187,1.597800374031067,24537600,0.0,0.0
1993-12-28,1.5978004291072643,1.6474215604459992,1.5978004291072643,1.642459750175476,27776000,0.0,0.0
1993-12-29,1.6424600709568464,1.6573461104024407,1.597800741166425,1.6176491975784302,48988800,0.0,0.0
1993-12-30,1.6226120570691893,1.6325362879817624,1.602763595244043,1.6126878261566162,25328000,0.0,0.0
1993-12-31,1.607725158062144,1.617649387432898,1.5928391168694582,1.600281834602356,22995200,0.0,0.0
1994-01-03,1.5978006256675423,1.6027630422752392,1.5729903598093844,1.5903573036193848,36646400,0.0,0.0
1994-01-04,1.5928385639315776,1.6027627898572363,1.57299011208026,1.597800374031067,45302400,0.0,0.0
1994-01-05,1.5928386704627562,1.6374973872517156,1.5878762543046938,1.6325355768203735,53974400,0.0,0.0
1994-01-06,1.6399786637268143,1.6821570905752026,1.6374977579495145,1.679675579071045,82006400,0.0,0.0
1994-01-07,1.6722322853298155,1.7020049615755095,1.6523838344993527,1.6920807361602783,70832000,0.0,0.0
1994-01-10,1.6871195688173932,1.7168922670906415,1.6871195688173932,1.702006220817566,74185600,0.0,0.0
1994-01-11,1.687118320589338,1.706966771419801,1.674713190251961,1.6920807361602783,35360000,0.0,0.0
1994-01-12,1.687119069852327,1.7020057174497771,1.6623087981591342,1.6970432996749878,39488000,0.0,0.0
1994-01-13,1.682156825653308,1.697042863699572,1.6672701818802813,1.6945619583129883,40755200,0.0,0.0
1994-01-14,1.6970434963070162,1.7069677272795718,1.6821574527116767,1.6995244026184082,45216000,0.0,0.0
1994-01-17,1.6920813880904917,1.7069674290853531,1.6771947413687482,1.6821571588516235,30755200,0.0,0.0
1994-01-18,1.6920813194112603,1.6970431309658602,1.6672704444576874,1.679675579071045,43686400,0.0,0.0
1994-01-19,1.6623082694057931,1.672232496071718,1.637497399877618,1.6523840427398682,76563200,0.0,0.0
1994-01-20,1.6523838490635487,1.7144101070237856,1.6523838490635487,1.711929202079773,145004800,0.0,0.0
1994-01-21,1.711929202079773,1.726815237470502,1.687118335459686,1.711929202079773,99078400,0.0,0.0
1994-01-24,1.706966771419801,1.7268152222502637,1.687118320589338,1.6920807361602783,38374400,0.0,0.0
1994-01-25,1.69208245769254,1.694563365138772,1.667271566048425,1.689600944519043,70361600,0.0,0.0
1994-01-26,1.687119508070766,1.687119508070766,1.6672710432699334,1.6722334623336792,50489600,0.0,0.0
1994-01-27,1.6672710432699334,1.6821576947340955,1.6523849975328466,1.6722334623336792,51129600,0.0,0.0
1994-01-28,1.677194818880887,1.697043278275927,1.672233006895582,1.6846381425857544,41875200,0.0,0.0
1994-01-31,1.69208245769254,1.704487600650965,1.682158222180347,1.689600944519043,62566400,0.0,0.0
1994-02-01,1.687120037072811,1.702006693204733,1.6771958015606179,1.689600944519043,44003200,0.0,0.0
1994-02-02,1.682157308446005,1.6970433507646834,1.6672706604003906,1.6672706604003906,40924800,0.0,0.0
1994-02-03,1.6722329028695622,1.6771947145462036,1.6573462563858934,1.6771947145462036,31792000,0.0,0.0
1994-02-04,1.667270793312276,1.677195024224849,1.6126878261566162,1.6126878261566162,78217600,0.0,0.0
1994-02-07,1.5829148370645403,1.6126875242281973,1.5779524196738286,1.602763295173645,118851200,0.0,0.0
1994-02-08,1.5978009836733895,1.5978009836733895,1.548179835112104,1.5630664825439453,149875200,0.0,0.0
1994-02-09,1.5581041216568277,1.59283922978016,1.5481798915825804,1.5804334878921509,98585600,0.0,0.0
1994-02-10,1.5829149634501123,1.602763423143989,1.5680283158162451,1.5754716396331787,66620800,0.0,0.0
1994-02-11,1.5729907122562024,1.5779525242488754,1.548179835112104,1.5630664825439453,53747200,0.0,0.0
1994-02-14,1.5680282893396449,1.5779525190190098,1.563066477363417,1.5705091953277588,55270400,0.0,0.0
1994-02-15,1.5829148292541504,1.592839058259735,1.572990600248566,1.5829148292541504,28876800,0.0,0.0
1994-02-16,1.5928391716807166,1.5928391716807166,1.5630664825439453,1.5630664825439453,43731200,0.0,0.0
1994-02-17,1.5680281063768158,1.577952334898188,1.5481796493340714,1.5605847835540771,85017600,0.0,0.0
1994-02-18,1.5581036388874054,1.6027629632475509,1.5581036388874054,1.587876319885254,79465600,0.0,0.0
1994-02-22,1.587876853702953,1.5928392717342492,1.5581041626960226,1.5779526233673096,63235200,0.0,0.0
1994-02-23,1.5829147557252765,1.6275734813125047,1.5531420700915113,1.6077250242233276,139462400,0.0,0.0
1994-02-24,1.5878774353048897,1.6027640891244586,1.5729913872124919,1.5853965282440186,82553600,0.0,0.0
1994-02-25,1.592838984269865,1.612687441359042,1.5829147557252765,1.6077250242233276,52995200,0.0,0.0
1994-02-28,1.6126873957022767,1.6474218917615486,1.6077249787070536,1.6374976634979248,55494400,0.0,0.0
1994-03-01,1.647421626543543,1.6523840427398682,1.6325355894080182,1.6523840427398682,48070400,0.0,0.0
1994-03-02,1.6226112976399822,1.6474215604459992,1.6077246553750113,1.642459750175476,68499200,0.0,0.0
1994-03-03,1.6474219384016815,1.6523843555373956,1.5978007956787392,1.6077250242233276,31564800,0.0,0.0
1994-03-04,1.6077250242233276,1.617649252767916,1.5978007956787392,1.6077250242233276,25705600,0.0,0.0
1994-03-07,1.6126878261566162,1.6325362879817624,1.602763595244043,1.6126878261566162,30540800,0.0,0.0
1994-03-08,1.612687441359042,1.612687441359042,1.5829147557252765,1.6077250242233276,24723200,0.0,0.0
1994-03-09,1.612687602491631,1.6226118320278045,1.5878767257877473,1.6052442789077759,37024000,0.0,0.0
1994-03-10,1.6176494143962676,1.632536061563978,1.5978009553239207,1.6052442789077759,46588800,0.0,0.0
1994-03-11,1.607725468923032,1.6325363500106567,1.6027636561417116,1.6226121187210083,34857600,0.0,0.0
1994-03-14,1.637497541908226,1.672232641115123,1.6325357310082567,1.6647893190383911,69203200,0.0,0.0
1994-03-15,1.6672705891833668,1.692081466290622,1.6573463594858469,1.6846381425857544,62934400,0.0,0.0
1994-03-16,1.6871189706076164,1.6920813880904917,1.6771947413687482,1.6821571588516235,41286400,0.0,0.0
1994-03-17,1.6821571319497173,1.6920813610298724,1.6771947145462036,1.6771947145462036,30992000,0.0,0.0
1994-03-18,1.6771947413687482,1.6871189706076164,1.6573462828910115,1.6821571588516235,36857600,0.0,0.0
1994-03-21,1.687118533207243,1.6945618546383678,1.647421626543543,1.6523840427398682,65078400,0.0,0.0
1994-03-22,1.6325360126572819,1.70200561732936,1.6325360126572819,1.6821571588516235,89024000,0.0,0.0
1994-03-23,1.692080751074365,1.736739462973206,1.687118335459686,1.711929202079773,116441600,0.0,0.0
1994-03-24,1.7020055770339855,1.731778264045715,1.6871189306646865,1.7317782640457153,60166400,0.0,0.0
1994-03-25,1.726817068372454,1.7714764333491828,1.726817068372454,1.736741304397583,102051200,0.0,0.0
1994-03-28,1.736739784313392,1.7466640116523258,1.6623083821347726,1.714410424232483,118403200,0.0,0.0
1994-03-29,1.7168914896069152,1.7168914896069152,1.6374976634979248,1.6374976634979248,78339200,0.0,0.0
1994-03-30,1.6424601670698857,1.6871188937468153,1.6374977498130854,1.6598271131515503,86860800,0.0,0.0
1994-03-31,1.6573462828910115,1.70200561732936,1.6374978244132747,1.6821571588516235,72297600,0.0,0.0
1994-04-04,1.6374977982255834,1.7020055901100275,1.6275735691454283,1.6771947145462036,73996800,0.0,0.0
1994-04-05,1.692081409779718,1.7417025566101074,1.6871189922332341,1.7417025566101074,101878400,0.0,0.0
1994-04-06,1.7367401819550587,1.7714752884576126,1.7317783700129254,1.7665128707885742,80780800,0.0,0.0
1994-04-07,1.7714759702739633,1.7888429244826334,1.7615517368430929,1.781400203704834,76630400,0.0,0.0
1994-04-08,1.7813995042510968,1.7863613161547431,1.7218541270459387,1.726815938949585,118710400,0.0,0.0
1994-04-11,1.726815938949585,1.7317783565801317,1.706967479881199,1.726815938949585,40400000,0.0,0.0
1994-04-12,1.7218540758070968,1.7218540758070968,1.6672705121298799,1.6821571588516235,84969600,0.0,0.0
1994-04-13,1.6821572365931021,1.697043278275927,1.6474221297883267,1.6846381425857544,69644800,0.0,0.0
1994-04-14,1.677194848762714,1.6920814964376778,1.662308806814671,1.669751524925232,53088000,0.0,0.0
1994-04-15,1.6573463594858469,1.692081466290622,1.6573463594858469,1.6846381425857544,35241600,0.0,0.0
1994-04-18,1.682157180926923,1.702005639665135,1.6325360340813926,1.6474220752716064,78006400,0.0,0.0
1994-04-19,1.726815787127624,1.776436930435889,1.702005518336915,1.7491451501846313,291273600,0.0,0.0
1994-04-20,1.7565885855498926,1.7789179500361783,1.7268158976592165,1.7764370441436768,104732800,0.0,0.0
1994-04-21,1.776436941871226,1.8210962739995706,1.7714751303718828,1.8161338567733765,141980800,0.0,0.0
1994-04-22,1.8260581126519206,1.840944758825013,1.8012478433325798,1.8210963010787964,66060800,0.0,0.0
1994-04-25,1.8260581286933386,1.8707174618780755,1.8161338997330487,1.8607932329177856,142745600,0.0,0.0
1994-04-26,1.8756795597597617,1.8905662083356196,1.8657553292848423,1.8843634128570557,113193600,0.0,0.0
1994-04-28,1.8905661449655686,1.8905661449655686,1.821096533969691,1.828539252281189,141382400,0.0,0.0
1994-04-29,1.8260582124864733,1.8558309007335354,1.8111721712263888,1.8359824419021606,56803200,0.0,0.0
1994-05-02,1.8409449959020698,1.8967683362070935,1.8260583478118735,1.895527958869934,79260800,0.0,0.0
1994-05-03,1.890566135213173,1.895527947395243,1.8508692148488748,1.8558310270309448,41929600,0.0,0.0
1994-05-04,1.8607932362269126,1.8905659231607281,1.8409447782710353,1.8880844116210938,68889600,0.0,0.0
1994-05-05,1.8905654610679872,1.9104139141724978,1.86575459182399,1.8731979131698608,56374400,0.0,0.0
1994-05-06,1.8508690888891381,1.870717547720513,1.8037288477329,1.8359824419021606,96403200,0.0,0.0
1994-05-09,1.8210961272985322,1.8583115277262194,1.8186146160219114,1.8310203552246094,47600000,0.0,0.0
1994-05-10,1.8459062690430499,1.8756789508018088,1.8409444582799706,1.8657547235488892,65305600,0.0,0.0
1994-05-11,1.8657552571220195,1.870717675031024,1.8409449847578,1.8558310270309448,57433600,0.0,0.0
1994-05-12,1.855830914759762,1.8914959630602188,1.8508691028778639,1.87567937374115,58998400,0.0,0.0
1994-05-13,1.93522500559456,1.93522500559456,1.875679620807035,1.9153765439987183,179920000,0.0,0.0
1994-05-16,1.9104144229478008,1.9203386521430443,1.8806417353620706,1.8856035470962524,56633600,0.0,0.0
1994-05-17,1.8856035616516003,1.8905659791509677,1.8558308738360487,1.8781602382659912,122464000,0.0,0.0
1994-05-18,1.8905662088259028,1.9352249431111426,1.8806419783484096,1.9265410900115967,96953600,0.0,0.0
1994-05-19,1.930263007180956,1.964997508765369,1.9253005893963717,1.952592372894287,89651200,0.0,0.0
1994-05-20,1.9451489082943019,1.9699597839676157,1.9302628674718136,1.9401870965957642,78140800,0.0,0.0
1994-05-23,1.9451486949301964,2.0245425192130613,1.92530023885948,2.0071749687194824,74947200,0.0,2.0
1994-05-24,2.034466586763849,2.0592774577584962,1.9947696777538229,2.0295047760009766,85144000,0.0,0.0
1994-05-25,2.024542249952044,2.094011836960202,1.9947695698056902,2.084087610244751,86003200,0.0,0.0
1994-05-26,2.0940124289347573,2.0940124289347573,2.0344670518086505,2.064239740371704,64296000,0.0,0.0
1994-05-27,2.0543140682773537,2.0940109584856117,2.0344656231732245,2.079124927520752,47544000,0.0,0.0
1994-05-31,2.0741633559382238,2.1343292824636677,2.059277318926429,2.1337087154388428,76000000,0.0,0.0
1994-06-01,2.1237860940537363,2.1237860940537363,2.0791273435376905,2.1039376258850098,100764800,0.0,0.0
1994-06-02,2.1138610737175463,2.1188234917775426,2.0642399217523457,2.0741641521453857,60291200,0.0,0.0
1994-06-03,2.084088058603265,2.1237849740052317,2.074163829752773,2.0989747047424316,86841600,0.0,0.0
1994-06-06,2.089049844485465,2.1684436512929564,2.054314751143849,2.1634812355041504,764504000,0.0,0.0
1994-06-07,2.1436339843132557,2.1535582157221134,2.1237855214955403,2.1287479400634766,166171200,0.0,0.0
1994-06-08,2.1287475351217693,2.1287475351217693,2.049353698953627,2.064239740371704,203835200,0.0,0.0
1994-06-09,2.059278109419302,2.086569288704948,2.0543156913593057,2.0741641521453857,79356800,0.0,0.0
1994-06-10,2.074163935551878,2.1039366236220007,2.059277894380261,2.08656907081604,53726400,0.0,0.0
1994-06-13,2.08905047589194,2.118823162443415,2.059277789340465,2.0989747047424316,56628800,0.0,0.0
1994-06-14,2.1088997648719032,2.148596695921472,2.103937345627158,2.1262667179107666,59249600,0.0,0.0
1994-06-15,2.1287475067958255,2.1684444243516743,2.113860859848937,2.153557777404785,58860800,0.0,0.0
1994-06-16,2.1535585094391196,2.1535585094391196,2.1237858111519428,2.1262667179107666,48478400,0.0,0.0
1994-06-17,2.1237860940537363,2.128748513959507,2.098975811706417,2.1039376258850098,47622400,0.0,0.0
1994-06-20,2.084088336641543,2.1237852573394775,2.079126524417771,2.1237852573394775,45668800,0.0,0.0
1994-06-21,2.0692023093123932,2.11882346054618,2.064239891325543,2.089050769805908,86995200,0.0,0.0
1994-06-22,2.094012299787651,2.103936528696597,2.0344669263339736,2.04439115524292,82924800,0.0,0.0
1994-06-23,2.0443907905611653,2.074163471977105,1.9848454277292868,1.9898078441619873,85979200,0.0,0.0
1994-06-24,1.984846591949463,1.9997332442526385,1.955073893070221,1.9649981260299683,81454400,0.0,0.0
1994-06-27,1.9749217541361608,2.0692022412423037,1.9600357121191994,2.0592780113220215,76161600,0.0,0.0
1994-06-28,2.0642395067288475,2.0940121919220522,1.9922890022769777,2.036947727203369,99417600,0.0,0.0
1994-06-29,2.039428949356079,2.0592774033365435,2.0195804953756147,2.039428949356079,53435200,0.0,0.0
1994-06-30,2.054315411204723,2.0692020576276127,2.0245427240858143,2.04935359954834,40827200,0.0,0.0
1994-07-01,2.049353980401988,2.0543157929804785,1.9792637969205034,1.9947704076766968,66622400,0.0,0.0
1994-07-05,1.9997325363941694,2.0245428071477285,1.9451489715733077,1.9501113891601562,40430400,0.0,0.0
1994-07-06,1.9277810399746995,1.9451485895271718,1.8955274520392338,1.9178568124771118,89254400,0.0,0.0
1994-07-07,1.9253002426601449,2.0046940670997384,1.9029708809682118,1.999732255935669,89667200,0.0,0.0
1994-07-08,1.979884778333144,2.019581710172133,1.950112079453902,1.9649981260299683,48945600,0.0,0.0
1994-07-11,1.969960020677055,1.969960020677055,1.8955279904402718,1.9203388690948486,85406400,0.0,0.0
1994-07-12,1.9153763620803754,1.9153763620803754,1.8607934007394724,1.9054521322250366,83752000,0.0,0.0
1994-07-13,1.9153769612312317,1.9649981260299683,1.9004909146551654,1.9649981260299683,82956800,0.0,0.0
1994-07-14,1.9600358898319357,1.9699601206520292,1.9203389665515622,1.935225009918213,81446400,0.0,0.0
1994-07-15,1.9352248545982766,1.9600357325206939,1.905452164527534,1.9302630424499512,45520000,0.0,0.0
1994-07-18,2.044391624998338,2.0543158561876504,1.9649977754838395,2.004694700241089,150499200,0.0,0.0
1994-07-19,2.00965629843928,2.00965629843928,1.9699593898846943,1.9898078441619873,70126400,0.0,0.0
1994-07-20,1.9848460632882425,1.9848460632882425,1.9004904084619663,1.9203388690948486,112604800,0.0,0.0
1994-07-21,1.930263067262433,1.9401872974135845,1.8856037287187826,1.895527958869934,85740800,0.0,0.0
1994-07-22,1.92530023885948,2.0146182911777033,1.8756790986826892,2.0071749687194824,152916800,0.0,0.0
1994-07-25,2.009656398987645,2.049353309528371,1.9947697546714807,2.0319857597351074,51513600,0.0,0.0
1994-07-26,2.0295049401005163,2.034466751264586,1.9749213829348908,1.999732255935669,54308800,0.0,0.0
1994-07-27,1.9997332442526385,1.9997332442526385,1.9649981260299683,1.9649981260299683,29291200,0.0,0.0
1994-07-28,1.9649981260299683,1.9947708249092102,1.955073893070221,1.9649981260299683,39899200,0.0,0.0
1994-07-29,1.9798839701982007,2.049353572560824,1.9699597412892544,2.04439115524292,67064000,0.0,0.0
1994-08-01,2.0493536837398136,2.128747519318559,2.044391266152694,2.118823289871216,83934400,0.0,0.0
1994-08-02,2.1337085267437654,2.168443619577346,2.0890498139310667,2.0964925289154053,95249600,0.0,0.0
1994-08-03,2.133709331178783,2.1436335606261263,2.1088990604238727,2.118823289871216,58771200,0.0,0.0
1994-08-04,2.123784704795946,2.1287471214555893,2.0940120220184326,2.0940120220184326,40192000,0.0,0.0
1994-08-05,2.0890500264658405,2.0989742531812916,2.0741633835293,2.084087610244751,31204800,0.0,0.0
1994-08-08,2.0791273435376905,2.1039376258850098,2.0642406895475567,2.1039376258850098,34537600,0.0,0.0
1994-08-09,2.1039367969905105,2.1386719054646726,2.0940125668160268,2.1237852573394775,40198400,0.0,0.0
1994-08-10,2.1237849353978904,2.158520038606607,2.113860706727807,2.1485958099365234,48646400,0.0,0.0
1994-08-11,2.1386708201719955,2.223026430984428,2.1386708201719955,2.193253755569458,81428800,0.0,0.0
1994-08-12,2.1982161710019357,2.208140396140259,2.178367720725289,2.193253755569458,38088000,0.0,0.0
1994-08-15,2.203178301740693,2.203178301740693,2.1585195849741745,2.1610004901885986,36113600,0.0,0.0
1994-08-16,2.17836856842041,2.1882927974206696,2.1436334640560677,2.17836856842041,56779200,0.0,0.0
1994-08-17,2.198216805832074,2.2329513009839768,2.1882925778277005,2.2180652618408203,79790400,0.0,0.0
1994-08-18,2.218066009322757,2.2379144720203787,2.198217546625135,2.203179359436035,61276800,0.0,0.0
1994-08-19,2.2180654844214485,2.2230272960581443,2.1734061510568465,2.17836856842041,74761600,0.0,0.0
1994-08-22,2.1833301960289724,2.1833301960289724,2.163481739701436,2.1684441566467285,62835200,0.0,0.0
1994-08-23,2.1684448525787023,2.2379144720203787,2.163482434040791,2.203179359436035,58363200,0.0,0.0
1994-08-24,2.203180251100138,2.22302872183077,2.203180251100138,2.213104486465454,35246400,0.0,0.0
1994-08-25,2.2180657594106523,2.2528002623544077,2.213103341431863,2.230470895767212,55174400,0.0,0.0
1994-08-26,2.237914446464584,2.2924974153962303,2.232952027983341,2.257762908935547,60961600,0.0,0.0
1994-08-29,2.277611125299887,2.3073838157892523,2.2627244771917354,2.2652053833007812,56625600,0.0,0.0
1994-08-30,2.2627246153903458,2.322270000005881,2.24783857209995,2.317308187484741,39851200,0.0,0.0
1994-08-31,2.3173075268137318,2.3520420217397353,2.2924966541007548,2.3073832988739014,60968000,0.0,0.0
1994-09-01,2.26272392949584,2.26272392949584,2.213102790691107,2.227989435195923,115568000,0.0,0.0
1994-09-02,2.2428756867136275,2.2428756867136275,2.213103000606809,2.223027229309082,46964800,0.0,0.0
1994-09-06,2.21806541782137,2.2329514580113545,2.2106220948629534,2.223027229309082,28804800,0.0,0.0
1994-09-07,2.232952027983341,2.2949783217733497,2.2279902152291022,2.257762908935547,43588800,0.0,0.0
1994-09-08,2.262723866337889,2.3024207762736415,2.262723866337889,2.2999398708343506,28377600,0.0,0.0
1994-09-09,2.2279902152291022,2.2974598338774728,2.218065983993621,2.257762908935547,60800000,0.0,0.0
1994-09-12,2.2676863462397097,2.2676863462397097,2.218065207434976,2.227989435195923,36238400,0.0,0.0
1994-09-13,2.2379136263749895,2.297458991967316,2.2379136263749895,2.285053253173828,41134400,0.0,0.0
1994-09-14,2.292497241378454,2.30738388996517,2.2825730108962965,2.2875354290008545,29968000,0.0,0.0
1994-09-15,2.287534997678309,2.312345266342163,2.2776107690673983,2.312345266342163,40640000,0.0,0.0
1994-09-16,2.3024216466317116,2.3073840651129545,2.252800490454304,2.257762908935547,52921600,0.0,0.0
1994-09-19,2.2676871401710286,2.272648952925267,2.2478386777000656,2.257762908935547,48350400,0.0,0.0
1994-09-20,2.257762332630461,2.267686561332734,2.2205463235652263,2.223027229309082,40276800,0.0,0.0
1994-09-21,2.235432795094065,2.2776112295124182,2.183330735785472,2.272648811340332,82948800,0.0,0.0
1994-09-22,2.2726491083178604,2.282573340231912,2.247838831396254,2.2627248764038086,44320000,0.0,0.0
1994-09-23,2.257762332630461,2.282572601522718,2.223027229309082,2.223027229309082,48371200,0.0,0.0
1994-09-26,2.2230279000712305,2.2230279000712305,2.1932552049809906,2.205660343170166,29921600,0.0,0.0
1994-09-27,2.203179365765732,2.2428762912750244,2.1783690901859303,2.2428762912750244,50585600,0.0,0.0
1994-09-28,2.247838831396254,2.282573340231912,2.242876412575705,2.2627248764038086,33355200,0.0,0.0
1994-09-29,2.2577629412045153,2.2726489854069936,2.237914478449869,2.2428762912750244,27105600,0.0,0.0
1994-09-30,2.242875473973947,2.2825723850177333,2.227989435195923,2.227989435195923,34608000,0.0,0.0
1994-10-03,2.2279894898451937,2.2379137178495667,2.203178616970857,2.2180652618408203,28833600,0.0,0.0
1994-10-04,2.223027211969549,2.2279896291454033,2.1783684860210832,2.1833302974700928,42622400,0.0,0.0
1994-10-05,2.178369083927513,2.218066009322757,2.1485963898810803,2.203179359436035,50985600,0.0,0.0
1994-10-06,2.203178138907896,2.2180647805476386,2.153557009653214,2.1634812355041504,40790400,0.0,0.0
1994-10-07,2.168443732677875,2.1783679589012825,2.1386710540076526,2.1585195064544678,51518400,0.0,0.0
1994-10-10,2.1585203204481727,2.1982172403117994,2.1585203204481727,2.1734063625335693,39480000,0.0,0.0
1994-10-11,2.1882930988913514,2.247838481096191,2.1882930988913514,2.2155842781066895,55692800,0.0,0.0
1994-10-12,2.2180658365014825,2.2428761100769044,2.2131034183502196,2.2329518795013428,27912000,0.0,0.0
1994-10-13,2.2478385376607983,2.2924972725747454,2.2478385376607983,2.272648811340332,63033600,0.0,0.0
1994-10-14,2.272648537012978,2.27761095458606,2.1907737957357183,2.2205464839935303,99878400,0.0,0.0
1994-10-17,2.223027239529739,2.2329514682776392,2.183330324538136,2.1882927417755127,31160000,0.0,0.0
1994-10-18,2.193253763741498,2.2527991147933033,2.1858104434283634,2.2478373050689697,52686400,0.0,0.0
1994-10-19,2.247838507072223,2.302421471860612,2.2329518584855075,2.2875354290008545,59488000,0.0,0.0
1994-10-20,2.3123454887859753,2.376853283825859,2.297459447301019,2.366929054260254,136558400,0.0,0.0
1994-10-21,2.352041273557479,2.366927913595199,2.317306789680484,2.357003688812256,67099200,0.0,0.0
1994-10-24,2.3619663251365677,2.3619663251365677,2.3173076008440354,2.337156057357788,57145600,0.0,0.0
1994-10-25,2.332194259143817,2.3718911827037115,2.3173082156723477,2.369410276412964,44780800,0.0,0.0
1994-10-26,2.3768533946584016,2.4264745448002585,2.3718909767807506,2.4215121269226074,97904000,0.0,0.0
1994-10-27,2.426474222102564,2.4463226795196533,2.4115875761763226,2.4463226795196533,41238400,0.0,0.0
1994-10-28,2.4463225697037703,2.4760952544929027,2.4363983414407264,2.4661710262298584,58414400,0.0,0.0
1994-10-31,2.471133771396819,2.53067916347867,2.461209539383177,2.500906467437744,59932800,0.0,0.0
1994-11-01,2.4909815788269043,2.495943996389209,2.4661713081960586,2.4909815788269043,39624000,0.0,0.0
1994-11-02,2.4909822354241022,2.5455658143626585,2.4810580034104603,2.500906467437744,61408000,0.0,0.0
1994-11-03,2.5009056516598576,2.5108298804362854,2.4760953825822147,2.4860196113586426,63441600,0.0,0.0
1994-11-04,2.486019566770598,2.505868023967462,2.433916912333699,2.4413602352142334,46947200,0.0,0.0
1994-11-07,2.4413599703104074,2.4612084253535813,2.4165497043698285,2.4562466144561768,47094400,0.0,0.0
1994-11-08,2.4562474050241843,2.535641250750591,2.4488040805555906,2.52571702003479,43328000,0.0,0.0
1994-11-09,2.5505267292845484,2.565413374925893,2.505868003814191,2.5306782722473145,60206400,0.0,0.0
1994-11-10,2.5207551545054874,2.5554902724901787,2.5207551545054874,2.528198480606079,24689600,0.0,0.0
1994-11-11,2.471133232116699,2.488500785782181,2.4115878530295496,2.471133232116699,132899200,0.0,0.0
1994-11-14,2.490981661072073,2.5604512691497803,2.490981661072073,2.5604512691497803,48934400,0.0,0.0
1994-11-15,2.560451259906397,2.585262136993751,2.5505270302168372,2.562932014465332,52544000,0.0,0.0
1994-11-16,2.570375764385554,2.5753381826243027,2.5604515336350304,2.5654139518737793,30196800,0.0,0.0
1994-11-17,2.5654139833853855,2.5703757959581073,2.53564129076811,2.550527334213257,33232000,0.0,0.0
1994-11-18,2.545565366744995,2.570375639552882,2.5406029487472503,2.545565366744995,25694400,0.0,0.0
1994-11-21,2.5604517403550036,2.570375971906767,2.515793001235579,2.520754814147949,35560000,0.0,0.0
1994-11-22,2.51083045236526,2.535641332821298,2.4562474845251634,2.461209297180176,56358400,0.0,0.0
1994-11-23,2.446322652376871,2.4636895981289944,2.4239926837352668,2.4413602352142334,87507200,0.0,0.0
1994-11-25,2.4512847724209825,2.476095649904088,2.446322960360513,2.471133232116699,12563200,0.0,0.0
1994-11-28,2.481056795011827,2.5207537037320167,2.47113256783178,2.515791893005371,43449600,0.0,0.0
1994-11-29,2.525716906207907,2.5554895970135387,2.5207544882101627,2.545565366744995,37673600,0.0,0.0
1994-11-30,2.550527226173631,2.550527226173631,2.490981843461406,2.4959442615509033,40934400,0.0,0.0
1994-12-01,2.4860201396410835,2.51703336115777,2.4810577213349223,2.4835386276245117,43096000,0.0,0.0
1994-12-02,2.490981467627725,2.5108299255371094,2.461208780763649,2.5108299255371094,37715200,0.0,0.0
1994-12-05,2.515791943574041,2.550526436539009,2.5058677161945115,2.513310432434082,38166400,0.0,0.0
1994-12-06,2.510829476551969,2.545564574545513,2.500905249371922,2.515791893005371,38830400,0.0,0.0
1994-12-07,2.520754931465028,2.5356415823490166,2.500906467437744,2.500906467437744,36744000,0.0,0.0
1994-12-08,2.5058682823899727,2.5306785535812377,2.4711331758499147,2.4810574054718018,41934400,0.0,0.0
1994-12-09,2.481057084361816,2.510829769374158,2.4711328560243686,2.5058679580688477,79956800,0.0,0.0
1994-12-12,2.5058679580688477,2.520753997711605,2.4463225880441644,2.5058679580688477,65313600,0.0,0.0
1994-12-13,2.5157924551846422,2.5207542670200547,2.471133120031471,2.4909815788269043,30219200,0.0,0.0
1994-12-14,2.481057238673033,2.52571657183258,2.481057238673033,2.5108299255371094,33641600,0.0,0.0
1994-12-15,2.515793001235579,2.5455656958908697,2.500906351044422,2.520754814147949,28854400,0.0,0.0
1994-12-16,2.5257161201854186,2.5505263852721587,2.508968532524021,2.515791893005371,54020800,0.0,0.0
1994-12-19,2.5157922976879266,2.5257165264643544,2.4810571941070014,2.4860196113586426,31507200,0.0,0.0
1994-12-20,2.486019251517501,2.490981062324086,2.3321934248851,2.3768527507781982,253456000,0.0,0.0
1994-12-21,2.3917390922220743,2.446322652376871,2.38677728078628,2.4413602352142334,69395200,0.0,0.0
1994-12-22,2.4413612124902833,2.4612096776324806,2.3917400496347896,2.4066267013549805,57355200,0.0,0.0
1994-12-23,2.406625692624381,2.4363983778585374,2.396701464212996,2.4165499210357666,19486400,0.0,0.0
1994-12-27,2.421511465629923,2.446322336788694,2.4066254275160723,2.4115872383117676,20566400,0.0,0.0
1994-12-28,2.411587896894236,2.4215121269226074,2.381815206809122,2.4215121269226074,34961600,0.0,0.0
1994-12-29,2.416549989009091,2.4562469037712376,2.4066257603185544,2.453765392303467,23446400,0.0,0.0
1994-12-30,2.456247020293448,2.456247020293448,2.4264743328094482,2.4264743328094482,20686400,0.0,0.0
1995-01-03,2.441361168589929,2.441361168589929,2.386778193293935,2.389259099960327,39545600,0.0,0.0
1995-01-04,2.3917400496347896,2.411588514776987,2.3619673519214937,2.4066267013549805,51611200,0.0,0.0
1995-01-05,2.4165502020882794,2.4215120140076305,2.357004824694649,2.366929054260254,39824000,0.0,0.0
1995-01-06,2.3768540036416845,2.4314369799191846,2.3718915844925923,2.4066267013549805,46681600,0.0,0.0
1995-01-09,2.416550968339068,2.4215127818317335,2.3718916182696077,2.391740083694458,46000000,0.0,0.0
1995-01-10,2.4066260847435155,2.44136058697935,2.401663666865865,2.4215121269226074,42184000,0.0,0.0
1995-01-11,2.4264749895728066,2.4512852663279903,2.411588338938063,2.436399221420288,31512000,0.0,0.0
1995-01-12,2.431436061859131,2.4661711656062613,2.421511833035216,2.431436061859131,26996800,0.0,0.0
1995-01-13,2.4612088906337544,2.5009058082246214,2.456247078798342,2.4909815788269043,41307200,0.0,0.0
1995-01-16,2.5108302579416186,2.5604514092843385,2.5009060276730746,2.545565366744995,74648000,0.0,0.0
1995-01-17,2.570375764385554,2.585262413374826,2.555489721123256,2.5654139518737793,73932800,0.0,0.0
1995-01-18,2.5753382704230443,2.590224314192839,2.5505273898373932,2.5827808380126953,50504000,0.0,0.0
1995-01-19,2.5604517403550036,2.5803002034585307,2.518273907691764,2.520754814147949,67108800,0.0,0.0
1995-01-20,2.495943823062376,2.5207540919703124,2.4314360335934113,2.4463226795196533,82388800,0.0,0.0
1995-01-23,2.421511353997308,2.5009051688824657,2.4016629002760186,2.493461847305298,53843200,0.0,0.0
1995-01-24,2.500905531552942,2.5058679485662614,2.461208618353689,2.46182918548584,36739200,0.0,0.0
1995-01-25,2.4463240248612426,2.4711343074134486,2.4215131365818534,2.4512858390808105,52459200,0.0,0.0
1995-01-26,2.4165496601379446,2.42151147094453,2.3718903342448465,2.3768527507781982,80836800,0.0,0.0
1995-01-27,2.3867769781181347,2.39173878892472,2.3718903342448465,2.3768527507781982,58376000,0.0,0.0
1995-01-30,2.3867776007886032,2.3867776007886032,2.33715645114359,2.342118263244629,55164800,0.0,0.0
1995-01-31,2.347079464029313,2.371889723123365,2.3123443744257073,2.357003688812256,59945600,0.0,0.0
1995-02-01,2.3570051770176983,2.4115881449240884,2.341497960276533,2.347080945968628,66705600,0.0,0.0
1995-02-02,2.332194033315626,2.3570049110015954,2.3173079912855847,2.342118263244629,46312000,0.0,0.0
1995-02-03,2.361966997241998,2.401663921565393,2.352042766161149,2.386777877807617,60332800,0.0,0.0
1995-02-06,2.38677723580161,2.426474149447152,2.38677723580161,2.4165499210357666,48345600,0.0,0.0
1995-02-07,2.411587896894236,2.4264745448002585,2.4066260847435155,2.4215121269226074,33152000,0.0,0.0
1995-02-08,2.4314357427888202,2.4612084253535813,2.4215115152672335,2.4562466144561768,49150400,0.0,0.0
1995-02-09,2.4661708419777635,2.4810568803967556,2.4512841978319946,2.4562466144561768,42398400,0.0,0.0
1995-02-10,2.461209297180176,2.4860201776362136,2.441360835106142,2.461209297180176,49862400,0.0,0.0
1995-02-13,2.461209297180176,2.490981990291226,2.4463232534881465,2.461209297180176,38160000,0.0,0.0
1995-02-14,2.4661708419777635,2.4711326528751685,2.4413599703104074,2.4562466144561768,31121600,0.0,0.0
1995-02-15,2.3867769728797614,2.4363981094705385,2.3669285182434505,2.4115872383117676,147001600,0.0,0.0
1995-02-16,2.4165499210357666,2.426474149447152,2.391739047143887,2.4165499210357666,56744000,0.0,0.0
1995-02-17,2.41158689506491,2.416549310881058,2.391738443253676,2.396700859069824,37824000,0.0,0.0
1995-02-21,2.4016632295552656,2.4115874577765686,2.361966316670055,2.3718905448913574,55392000,0.0,0.0
1995-02-22,2.3718906350252107,2.461208692411097,2.3669288235894164,2.4413602352142334,60902400,0.0,0.0
1995-02-23,2.4314360335934113,2.4661711369367425,2.421511804884867,2.4463226795196533,59939200,0.0,0.0
1995-02-24,2.436398479134517,2.4562469367823465,2.431436061859131,2.431436061859131,34177600,0.0,0.0
1995-02-27,2.4363997906949235,2.4612100732471296,2.4264755565286045,2.4512858390808105,28592000,0.0,0.0
1995-02-28,2.456247726239882,2.510830699451386,2.451285307369535,2.500906467437744,52544000,0.0,0.0
1995-03-01,2.5058681139231958,2.540602612401186,2.490981467627725,2.5108299255371094,52032000,0.0,0.0
1995-03-02,2.5108298152100805,2.5306782722473145,2.505868003814191,2.5306782722473145,26038400,0.0,0.0
1995-03-03,2.52571702003479,2.535641250750591,2.5058685586031886,2.52571702003479,31776000,0.0,0.0
1995-03-06,2.510830635821804,2.555489981614959,2.49594459104211,2.5530083179473877,45156800,0.0,0.0
1995-03-07,2.5554897148972504,2.6206174790388874,2.5505272966705914,2.5939455032348633,91750400,0.0,0.0
1995-03-08,2.610071780907847,2.724200697765298,2.610071780907847,2.71923828125,140096000,0.0,0.0
1995-03-09,2.7192384726324796,2.729162700634788,2.654731293480879,2.6944282054901123,58238400,0.0,0.0
1995-03-10,2.694429423461038,2.729163934306858,2.639845841911361,2.7217204570770264,44324800,0.0,0.0
1995-03-13,2.724201064699931,2.766379036422354,2.709314418875653,2.7390871047973633,34550400,0.0,0.0
1995-03-14,2.753974776298409,2.858178912970247,2.7490123572665226,2.848254680633545,78643200,0.0,0.0
1995-03-15,2.8482535248952554,2.853215941913538,2.7936705720551007,2.7986323833465576,57294400,0.0,0.0
1995-03-16,2.7787845396660478,2.798633000663662,2.7638984967813163,2.7837469577789307,47510400,0.0,0.0
1995-03-17,2.798632743445976,2.848253891379415,2.7738224723427076,2.77630352973938,59868800,0.0,0.0
1995-03-20,2.783746497351344,2.838329453203364,2.7787840800592374,2.8234434127807617,37772800,0.0,0.0
1995-03-21,2.828404836108167,2.8383290636032834,2.793670342738648,2.7961513996124268,74772800,0.0,0.0
1995-03-22,2.7986332307512614,2.818481693380703,2.773822955327964,2.8160009384155273,52464000,0.0,0.0
1995-03-23,2.8333681696122825,2.9077995970486774,2.8284057513954712,2.887951135635376,105286400,0.0,0.0
1995-03-24,2.907798922648275,2.942534024928991,2.902837111309219,2.932609796524048,65683200,0.0,0.0
1995-03-27,2.88795084087816,2.9326101773634425,2.8829890288947455,2.8978750705718994,61008000,0.0,0.0
1995-03-28,2.8929134093730715,2.9375721424591488,2.8929134093730715,2.9226861000061035,47603200,0.0,0.0
1995-03-29,2.9226853910342507,2.9375714298763076,2.86065836153473,2.8681018352508545,65763200,0.0,0.0
1995-03-30,2.87802638512767,2.887950614041903,2.793670742220118,2.863140344619751,75011200,0.0,0.0
1995-03-31,2.8482536820607183,2.8631403282101795,2.7986325377739463,2.8234434127807617,63080000,0.0,0.0
1995-04-03,2.8184804677963258,2.8333671111586227,2.758935105800629,2.7787835597991943,65617600,0.0,0.0
1995-04-04,2.788707629124827,2.83832876131566,2.7688591762484935,2.7738215923309326,66689600,0.0,0.0
1995-04-05,2.773822850093086,2.803595542907715,2.7291635080076495,2.803595542907715,65792000,0.0,0.0
1995-04-06,2.803594430160774,2.8135186571600572,2.7564543519141806,2.7787835597991943,35414400,0.0,0.0
1995-04-07,2.788709366595682,2.808557831838356,2.758936668731671,2.763899087905884,43148800,0.0,0.0
1995-04-10,2.7589363054923783,2.828405924695424,2.7539744926985223,2.8160009384155273,43169600,0.0,0.0
1995-04-11,2.8432918867912846,2.8637603060634595,2.823443428962818,2.863140344619751,43624000,0.0,0.0
1995-04-12,2.863140696596639,2.9077994293373277,2.8085571279947565,2.843292236328125,40430400,0.0,0.0
1995-04-13,2.8482530898061293,2.878025770187378,2.823442825685122,2.878025770187378,32814400,0.0,0.0
1995-04-17,2.997117156835291,3.10132186415823,2.997117156835291,3.0715491771698,187913600,0.0,0.0
1995-04-18,3.071548781474524,3.0765105924699516,3.0169652261640816,3.0467379093170166,75609600,0.0,0.0
1995-04-19,3.0417765302293187,3.0566625710560893,2.9971171962952563,3.021928071975708,59163200,0.0,0.0
1995-04-20,3.036813528434779,3.051700172123819,2.9375712562637077,2.987192392349243,83913600,0.0,0.0
1995-04-21,3.002080292376268,3.012004523746558,2.9723075982653975,2.977269411087036,53555200,0.0,0.0
1995-04-24,2.9921561357398603,3.0870566005885505,2.9822319041216967,3.0864360332489014,68089600,0.0,0.0
1995-04-25,3.0814727861406936,3.180715056133522,3.0814727861406936,3.175752639770508,69371200,0.0,0.0
1995-04-26,3.1658290257999506,3.185677483641957,3.1410187563608747,3.160867214202881,44305600,0.0,0.0
1995-04-27,3.160867197842435,3.1956016960227305,3.0318522225371694,3.1211702823638916,128844800,0.0,0.0
1995-04-28,3.1310951690707447,3.26011017148182,3.1211709381160464,3.2452235221862793,92104000,0.0,0.0
1995-05-01,3.2501861466812043,3.324617580699013,3.2452237280256035,3.260110378265381,65550400,0.0,0.0
1995-05-02,3.260109958414557,3.2650717707041292,3.1559052373371217,3.158385992050171,78099200,0.0,0.0
1995-05-03,3.185677681111668,3.2154503697201884,3.185677681111668,3.2104885578155518,61566400,0.0,0.0
1995-05-04,3.2352983951568604,3.3047679925988787,3.215449938744855,3.2352983951568604,66524800,0.0,0.0
1995-05-05,3.230336191129936,3.240260418129219,3.1707908291342393,3.175752639770508,43707200,0.0,0.0
1995-05-08,3.170793056488037,3.1906415244293482,3.1410203545760704,3.170793056488037,43988800,0.0,0.0
1995-05-09,3.1757534018858093,3.190640048820595,3.1410189019161288,3.1683099269866943,36748800,0.0,0.0
1995-05-10,3.1807147367409683,3.1906389627437064,3.1310936067272768,3.145979642868042,38688000,0.0,0.0
1995-05-11,3.141019305459705,3.2352991938273865,3.1360568872682646,3.230337381362915,38673600,0.0,0.0
1995-05-12,3.2303365094796654,3.2650710045368676,3.1906395975704025,3.2055256366729736,36192000,0.0,0.0
1995-05-15,3.2005639448888816,3.2551468979359797,3.1707912598467844,3.2278549671173096,35232000,0.0,0.0
1995-05-16,3.2352988813915333,3.374858664376364,3.2352988813915333,3.369276285171509,86708800,0.0,0.0
1995-05-17,3.384162730255792,3.4486705338426344,3.3792009176790256,3.413935422897339,66515200,0.0,0.0
1995-05-18,3.3990487900363426,3.4437075183912342,3.359351873397827,3.359351873397827,58326400,0.0,0.0
1995-05-19,3.3444645910336597,3.394085727399144,3.3345403637605626,3.3891239166259766,45190400,0.0,0.0
1995-05-22,3.389124633818557,3.4734802806274936,3.334541069402394,3.4635560512542725,91382400,0.0,0.0
1995-05-23,3.4734795322525973,3.513176441192627,3.4151746972469286,3.513176441192627,55516800,0.0,0.0
1995-05-24,3.5379904458221527,3.5528764969961983,3.453634136744908,3.473482608795166,68684800,0.0,0.0
1995-05-25,3.4883667210554603,3.5479120937699755,3.4585940346982023,3.542949676513672,43440000,0.0,0.0
1995-05-26,3.540471504828435,3.5429522609710693,3.453634136744908,3.473482608795166,52934400,0.0,0.0
1995-05-30,3.493328737925334,3.5082153848424387,3.2799581093529993,3.294844150543213,99612800,0.0,0.0
1995-05-31,3.3047691753356103,3.364314565882198,3.215451089515729,3.3618338108062744,119756800,0.0,0.0
1995-06-01,3.374238267942135,3.39904914630518,3.3295795349063715,3.339503765106201,61153600,0.0,0.0
1995-06-02,3.324617105820312,3.339503753933723,3.2799583729339563,3.299806833267212,55556800,0.0,0.0
1995-06-05,3.279958191967413,3.389124717777227,3.245223085437201,3.364313840866089,55852800,0.0,0.0
1995-06-06,3.3692764444336065,3.4145557445688457,3.299806833267212,3.299806833267212,49036800,0.0,0.0
1995-06-07,3.2898825881178104,3.364314011165074,3.2601098977535177,3.3345413208007812,64590400,0.0,0.0
1995-06-08,3.339503765106201,3.359352225505861,3.319655304706542,3.339503765106201,29320000,0.0,0.0
1995-06-09,3.3246169486692136,3.408973203961589,3.2799582178938285,3.369276285171509,81214400,0.0,0.0
1995-06-12,3.3593512926890763,3.3643131035477367,3.304767738883175,3.3246161937713623,45832000,0.0,0.0
1995-06-13,3.3395028656034986,3.364313131556901,3.309730183023349,3.3295786380767822,37691200,0.0,0.0
1995-06-14,3.3097308583540848,3.3395035470091727,3.284919981611394,3.3270976543426514,43096000,0.0,0.0
1995-06-15,3.3345411783667336,3.3742380971568138,3.3295793663814286,3.369276285171509,43912000,0.0,0.0
1995-06-16,3.374238041625626,3.473480336967556,3.3692762297219794,3.45363187789917,92278400,0.0,0.0
1995-06-19,3.463555034920862,3.568379676916139,3.4486689980925815,3.5652780532836914,78982400,0.0,0.0
1995-06-20,3.58760977612064,3.6273066997528076,3.562798895987043,3.6273066997528076,56670400,0.0,0.0
1995-06-21,3.6471543423043165,3.667002799661818,3.572722324350262,3.5925707817077637,57224000,0.0,0.0
1995-06-22,3.597534599013237,3.6521175751257595,3.597534599013237,3.64715576171875,46296000,0.0,0.0
1995-06-23,3.6024946897482377,3.6595593024354707,3.5826462341573384,3.6173813343048096,46356800,0.0,0.0
1995-06-26,3.6124213412611597,3.617383761351767,3.5528759345370746,3.562800168991089,41048000,0.0,0.0
1995-06-27,3.55287450422113,3.592571426056003,3.4437079691752293,3.4486703872680664,66004800,0.0,0.0
1995-06-28,3.4437068022199777,3.5330248460815907,3.3692754018653424,3.48836612701416,107286400,0.0,0.0
1995-06-29,3.4933280897167207,3.562797682409951,3.4933280897167207,3.5479116439819336,57643200,0.0,0.0
1995-06-30,3.5578361294977916,3.612419081994183,3.5578361294977916,3.587608814239502,53342400,0.0,0.0
1995-07-03,3.607458279021466,3.6173825100425336,3.587609816979332,3.6099393367767334,16763200,0.0,0.0
1995-07-05,3.637229103280541,3.6521151393002182,3.5876079736704836,3.600013256072998,48547200,0.0,0.0
1995-07-06,3.5975345760548225,3.6918144817300886,3.587610343577053,3.6818902492523193,47070400,0.0,0.0
1995-07-07,3.6868506718138847,3.7960171699523926,3.6818882553987584,3.7960171699523926,66699200,0.0,0.0
1995-07-10,3.810903223790283,3.9597666309695905,3.8009789966449956,3.925032138824463,111982400,0.0,0.0
1995-07-11,3.9299953959766447,3.9349578142390937,3.8307530879974365,3.8307530879974365,78227200,0.0,0.0
1995-07-12,3.840676389673578,3.96969135883574,3.840676389673578,3.9647295475006104,94675200,0.0,0.0
1995-07-13,3.9746556282043457,4.029238606962198,3.8952617640277505,3.9746556282043457,84811200,0.0,0.0
1995-07-14,3.900223237770127,4.1135945320129395,3.8902990056129516,4.1135945320129395,89905600,0.0,0.0
1995-07-17,4.277341341753618,4.336886696859238,4.227720212498936,4.326962471008301,155830400,0.0,0.0
1995-07-18,4.24756904105389,4.252531457282973,4.0193118262309016,4.044122695922852,289624000,0.0,0.0
1995-07-19,3.850601042389239,3.920070648824096,3.5131772397056458,3.7513587474823,305092800,0.0,0.0
1995-07-20,3.7811308924120923,3.8654871338201247,3.731509752091724,3.815865993499756,177848000,0.0,0.0
1995-07-21,3.731512080068174,3.8109059541121773,3.6421939717686693,3.65211820602417,169257600,0.0,0.0
1995-07-24,3.6769268701049165,3.7215855943739933,3.6570784136015884,3.7166237831115723,94811200,0.0,0.0
1995-07-25,3.7910553025178384,3.8754115479765505,3.771206845436593,3.8257904052734375,109422400,0.0,0.0
1995-07-26,3.8754120613732352,3.8952605210839124,3.766245532964509,3.8109042644500732,77470400,0.0,0.0
1995-07-27,3.8307530879974365,3.875412429451569,3.820828857199516,3.8307530879974365,52916800,0.0,0.0
1995-07-28,3.8109046175439403,3.8109046175439403,3.6521169251462764,3.6769278049468994,158468800,0.0,0.0
1995-07-31,3.6967754856980704,3.7116615258527723,3.572722324350262,3.5925707817077637,101435200,0.0,0.0
1995-08-01,3.6024952347718138,3.6080776137513153,3.488366900720998,3.5528740882873535,166144000,0.0,0.0
1995-08-02,3.6124195784665223,3.676927373802591,3.4933288231324613,3.5330257415771484,129804800,0.0,0.0
1995-08-03,3.4933281839982913,3.627305562100259,3.473479728407392,3.6173813343048096,113536000,0.0,0.0
1995-08-04,3.627305443342777,3.7265477180480957,3.622343026744124,3.7265477180480957,77705600,0.0,0.0
1995-08-07,3.7513582791289855,3.7910551921356412,3.6421917683606817,3.7166237831115723,64273600,0.0,0.0
1995-08-08,3.736472932153043,3.766245622426267,3.70670024187982,3.7116620540618896,43913600,0.0,0.0
1995-08-09,3.880374241987041,3.8952608910474105,3.810904626401595,3.8307530879974365,144384000,0.0,0.0
1995-08-10,3.8506016770036,3.855564095430248,3.726549090788375,3.736473321914673,71883200,0.0,0.0
1995-08-11,3.761283472411991,3.8357155062598856,3.657079351897311,3.8307530879974365,97195200,0.0,0.0
1995-08-14,3.845639931563567,3.939919826048839,3.800980587850643,3.9200713634490967,88872000,0.0,0.0
1995-08-15,3.9399192473729876,3.9448816651575718,3.8456393667350786,3.905184745788574,63267200,0.0,0.0
1995-08-16,3.905185319362794,3.925033781962536,3.855564162863438,3.9200713634490967,38118400,0.0,0.0
1995-08-17,3.9250344633426533,3.99946590814937,3.9157301920203125,3.9349586963653564,74564800,0.0,0.0
1995-08-18,3.957287242347767,3.9597679971265953,3.8506014608649597,3.8555638790130615,77502400,0.0,0.0
1995-08-21,3.8704495013706266,3.9002221898427085,3.7463969356004014,3.7513587474823,110491200,0.0,0.0
1995-08-22,3.7761688220278486,3.9448806875358535,3.7463961398793773,3.942399024963379,94320000,0.0,0.0
1995-08-23,3.969691077947033,3.9895395333367683,3.870448800998357,3.8853354454040527,111188800,0.0,0.0
1995-08-24,3.8952598180123457,3.8952598180123457,3.791055120476166,3.815865993499756,95275200,0.0,0.0
1995-08-25,3.825789638757764,3.8406756757227876,3.7463958263397217,3.7463958263397217,73489600,0.0,0.0
1995-08-28,3.7463964857811742,3.7463964857811742,3.567760376397016,3.5752029418945312,112622400,0.0,0.0
1995-08-29,3.5776861339310315,3.64715576171875,3.453632924303707,3.64715576171875,163929600,0.0,0.0
1995-08-30,3.6868523131251076,3.7215868205870763,3.6322687368929865,3.7017383575439453,79499200,0.0,0.0
1995-08-31,3.7066999896226736,3.7315102602984456,3.6322679661415718,3.6719648838043213,38764800,0.0,0.0
1995-09-01,3.6421940446232024,3.652118279077216,3.547914120173668,3.562800168991089,80262400,0.0,0.0
1995-09-05,3.607457615334428,3.7761695116535665,3.58264673948288,3.771207094192505,92052800,0.0,0.0
1995-09-06,3.7811316646994118,3.8307528151547845,3.6918135938797407,3.7116620540618896,100265600,0.0,0.0
1995-09-07,3.7414343071087246,3.8357147848197237,3.7017373913834333,3.7563209533691406,93932800,0.0,0.0
1995-09-08,3.7215863066818073,3.796018335678913,3.7017378463795043,3.791055917739868,64417600,0.0,0.0
1995-09-11,3.7860939203137245,3.8853362169703503,3.7712072729517767,3.8754119873046875,77408000,0.0,0.0
1995-09-12,3.880375026727652,3.880375026727652,3.7960193507492965,3.8208296298980713,71155200,0.0,0.0
1995-09-13,3.815865993499756,3.8506004888606085,3.7761690812434607,3.815865993499756,61208000,0.0,0.0
1995-09-14,3.815865545969232,3.8307515834560806,3.7612819951550636,3.766244411468506,54230400,0.0,0.0
1995-09-15,3.761283697527427,3.7860945788706664,3.6719656150003903,3.709181785583496,88316800,0.0,0.0
1995-09-18,3.7017393773016725,3.7067017972930167,3.607459454738012,3.65211820602417,76827200,0.0,0.0
1995-09-19,3.6521157799807122,3.751358056610623,3.63226732465473,3.7042176723480225,58011200,0.0,0.0
1995-09-20,3.7116621944934662,3.756321534456465,3.6769276907239847,3.6967761516571045,44652800,0.0,0.0
1995-09-21,3.6223437350963734,3.6942940954642935,3.592571046862705,3.5975334644317627,83836800,0.0,0.0
1995-09-22,3.5677625890816964,3.6024971068071454,3.533027465629046,3.562800168991089,99899200,0.0,0.0
1995-09-25,3.5925710398019852,3.59753345736129,3.5131772046682395,3.582026243209839,57878400,0.0,0.0
1995-09-26,3.5876092359745346,3.6471546124577063,3.4982911712497775,3.5032529830932617,76548800,0.0,0.0
1995-09-27,3.493328487825295,3.523101173801079,3.3097305605047187,3.518139362335205,140756800,0.0,0.0
1995-09-28,3.5330254262913767,3.6322677135467525,3.5280636147920337,3.632267713546753,105510400,0.0,0.0
1995-09-29,3.637230113625566,3.68188883981652,3.575203078656526,3.5925707817077637,95158400,0.0,0.0
1995-10-02,3.5925710478180193,3.6074576948022585,3.4982911712497775,3.5032529830932617,67731200,0.0,0.0
1995-10-03,3.4982913229944366,3.5429500544305212,3.4635562156757755,3.528064012527466,80736000,0.0,0.0
1995-10-04,3.4982912269403963,3.4982912269403963,3.3940865135725256,3.4188973903656006,73473600,0.0,0.0
1995-10-05,3.4139371926443918,3.473482608795166,3.374240248543875,3.473482608795166,101289600,0.0,0.0
1995-10-06,3.4734806503579616,3.5330260329355268,3.3940868069212082,3.408973455429077,76616000,0.0,0.0
1995-10-09,3.3692764444336065,3.4040109471533344,3.284920185153801,3.299806833267212,108614400,0.0,0.0
1995-10-10,3.2253739193304263,3.339502837800889,3.190639426139485,3.3246161937713623,157644800,0.0,0.0
1995-10-11,3.4089732856880564,3.468518665300713,3.374238178050544,3.4387459754943848,107009600,0.0,0.0
1995-10-12,3.453631556109022,3.498290887715233,3.438745516058181,3.478442430496216,78700800,0.0,0.0
1995-10-13,3.5131757155708647,3.523099940756093,3.41393346371858,3.4238576889038086,68644800,0.0,0.0
1995-10-16,3.404011257100174,3.4685190619203796,3.394087026029911,3.4437081813812256,61067200,0.0,0.0
1995-10-17,3.463555500611942,3.632267373134587,3.4437070450210427,3.6173813343048096,123140800,0.0,0.0
1995-10-18,3.9002212516757737,3.9151078951944007,3.7662444886418904,3.7960171699523926,294329600,0.0,0.0
1995-10-19,3.781131408011267,3.8506010139327334,3.761282949176562,3.840676784515381,95840000,0.0,0.0
1995-10-20,3.8307528383444738,3.84563948643467,3.766245645225458,3.791055917739868,79984000,0.0,0.0
1995-10-23,3.771206845436593,3.855563090895305,3.7513583883553476,3.8257904052734375,93473600,0.0,0.0
1995-10-24,3.8257912840094948,3.8952608997501486,3.8257912840094948,3.870450019836426,68681600,0.0,0.0
1995-10-25,3.875412631443855,3.8803744442379435,3.805943012237549,3.805943012237549,60211200,0.0,0.0
1995-10-26,3.8009781953023403,3.8952586361692365,3.7860921605861404,3.890296220779419,82841600,0.0,0.0
1995-10-27,3.8704499244689945,3.9752746099233627,3.8654881120446953,3.9696922302246094,130683200,0.0,0.0
1995-10-30,3.939918239621351,4.103668292997963,3.9101455577098543,4.078857421875,125464000,0.0,0.0
1995-10-31,4.088782997131347,4.103669645858172,3.959767999649048,3.9696922302246094,91958400,0.0,0.0
1995-11-01,3.97465435468432,4.009388856268733,3.90022232800399,3.905184745788574,72819200,0.0,0.0
1995-11-02,3.915109264922503,3.984578878951434,3.900222616195679,3.9696922302246094,63504000,0.0,0.0
1995-11-03,3.9696930640905945,3.9746554832842533,3.920071900789462,3.9498445987701416,40635200,0.0,0.0
1995-11-06,3.850600453869609,3.9250324665371923,3.8456386427460663,3.8654870986938477,87729600,0.0,0.0
1995-11-07,3.830751943331893,3.865487043608922,3.6868509426245333,3.691812753677368,115921600,0.0,0.0
1995-11-08,3.726550425435037,3.791057647995436,3.7067019560738044,3.7811334133148193,71280000,0.0,0.0
1995-11-09,3.8307539224624634,3.9306168194834754,3.8109054565429688,3.9299962520599365,99814400,0.0,0.0
1995-11-10,3.910145690365054,3.929994145646095,3.8350937188336185,3.8456385135650635,60819200,0.0,0.0
1995-11-13,3.8357143583767583,3.860524625083304,3.813384240037012,3.8233084678649902,59003200,0.0,0.0
1995-11-14,3.805941454358056,3.810903265121135,3.7265476363346988,3.7315094470977783,75657600,0.0,0.0
1995-11-15,3.746396090840538,3.756320318093458,3.6471538183113417,3.7315094470977783,108686400,0.0,0.0
1995-11-16,3.592571696353604,3.64591413621911,3.5578371899982164,3.5677614212036133,195126400,0.0,0.0
1995-11-17,3.572722601918879,3.597533478406763,3.4685184955596924,3.4685184955596924,143803200,0.0,0.0
1995-11-20,3.5082159191257274,3.5479128426477895,3.4040111920168235,3.413935422897339,115296000,0.0,0.0
1995-11-21,3.4089726959074267,3.5231010175564075,3.34446490962397,3.493328332901001,130163200,0.0,0.0
1995-11-22,3.508215413358791,3.5528741430193294,3.4635560779713574,3.4685184955596924,65428800,0.0,0.0
1995-11-24,3.478442293436708,3.50325256111947,3.4685180652182392,3.493328332901001,15014400,0.0,0.0
1995-11-27,3.518139615670435,3.552874115613265,3.459214200903488,3.4635560512542725,79100800,0.0,0.0
1995-11-28,3.4536315964870763,3.6322677135467525,3.433783139036001,3.632267713546753,86537600,0.0,0.0
1995-11-29,3.6471564647138095,3.6719667479852447,3.5429517000830604,3.562800168991089,91067200,0.0,0.0
1995-11-30,3.5528744455608923,3.5627986758557553,3.448670330328306,3.458594560623169,93512000,0.0,0.0
1995-12-01,3.4585927799154255,3.488365455471111,3.4089716539892834,3.4238576889038086,96124800,0.0,0.0
1995-12-04,3.418896537344016,3.5578357166843038,3.3841614396455686,3.48836612701416,130436800,0.0,0.0
1995-12-05,3.4883674573646966,3.498291688245212,3.3792009176790256,3.413935422897339,104528000,0.0,0.0
1995-12-06,3.4188973350297496,3.6124195056851507,3.4139349174606917,3.5975334644317627,145272000,0.0,0.0
1995-12-07,3.6173816562680643,3.652116153780268,3.527443031003462,3.5925707817077637,132876800,0.0,0.0
1995-12-08,3.676927329165544,3.7563211650910953,3.661420114859437,3.7513587474823,147041600,0.0,0.0
1995-12-11,3.7513591163597066,3.7612833468262665,3.691813733560346,3.6967761516571045,61924800,0.0,0.0
1995-12-12,3.691813897791588,3.696776316109101,3.6173824688447658,3.6273066997528076,44739200,0.0,0.0
1995-12-13,3.6173823287120976,3.6570792508064582,3.592571449539642,3.6421926021575928,39577600,0.0,0.0
1995-12-14,3.6620407849969996,3.7116619338451975,3.518139756200683,3.523101568222046,92822400,0.0,0.0
1995-12-15,3.5379873945413562,3.5627976603433127,3.463555385681939,3.5082147121429443,115470400,0.0,0.0
1995-12-18,3.508215443200682,3.533025714172714,3.3891246887903654,3.45363187789917,99460800,0.0,0.0
1995-12-19,3.4685172820086088,3.613038822806328,3.4685172820086088,3.6074564456939697,84340800,0.0,0.0
1995-12-20,3.617382245340974,3.627306475635837,3.453632142612264,3.458594560623169,84980800,0.0,0.0
1995-12-21,3.4834046065807343,3.5727226734161377,3.468518564971621,3.5727226734161377,60593600,0.0,0.0
1995-12-22,3.5776847415530617,3.607457427589314,3.5379878268380587,3.5925707817077637,36057600,0.0,0.0
1995-12-26,3.5826470851898193,3.622344005801341,3.567761042823968,3.5826470851898193,34707200,0.0,0.0
1995-12-27,3.587609391593525,3.597533621437868,3.5082155528387795,3.528064012527466,40539200,0.0,0.0
1995-12-28,3.503252995770456,3.5131772252202307,3.4635560779713574,3.4685184955596924,49777600,0.0,0.0
1995-12-29,3.4635561769164864,3.5231015553161966,3.423859257983346,3.4834046363830566,52342400,0.0,0.0
1996-01-02,3.488368713449583,3.562800168991089,3.4685202445415544,3.562800168991089,57779200,0.0,0.0
1996-01-03,3.5379884613965307,3.5776853832314037,3.4437079691752293,3.4486703872680664,62857600,0.0,0.0
1996-01-04,3.4635560779713574,3.473480307421132,3.3692762010619455,3.4685184955596924,102353600,0.0,0.0
1996-01-05,3.423858431932116,3.478441985159634,3.418896621126032,3.428820848464966,62083200,0.0,0.0
1996-01-08,3.433781914089037,3.4784412302858825,3.418895879174512,3.4238576889038086,11377600,0.0,0.0
1996-01-09,3.413933783712168,3.413933783712168,3.170790546747176,3.1831958293914795,177424000,0.0,0.0
1996-01-10,3.195601115250665,3.3047676129766193,3.1949805481956655,3.270033121109009,181571200,0.0,0.0
1996-01-11,3.3146927984378878,3.4486702054298277,3.299806756398186,3.4387459754943848,116617600,0.0,0.0
1996-01-12,3.4337841831907934,3.4486708336693,3.329580052749388,3.4040114879608154,80544000,0.0,0.0
1996-01-15,3.408972711418182,3.408972711418182,3.2501850592002017,3.2749953269958496,84572800,0.0,0.0
1996-01-16,3.3196543477366953,3.433162092198983,3.3047677038649117,3.428820848464966,122006400,0.0,0.0
1996-01-17,3.364313867459294,3.473480394132014,3.359352055473989,3.369276285171509,143078400,0.0,0.0
1996-01-18,3.39408618445197,3.528063573543759,3.3742377272329525,3.478442430496216,121331200,0.0,0.0
1996-01-19,3.582647947338041,3.7017387378312723,3.5578376688488267,3.64715576171875,227440000,0.0,0.0
1996-01-22,3.6372321575045135,3.6818909087906713,3.607459454738012,3.65211820602417,82643200,0.0,0.0
1996-01-23,3.6273061108774867,3.6421921519593816,3.542949858990461,3.5528740882873535,66473600,0.0,0.0
1996-01-24,3.567760349404285,3.6719644428932505,3.5528737042048206,3.6223433017730713,92217600,0.0,0.0
1996-01-25,3.627305464202768,3.6372296917303726,3.533024999827138,3.5479116439819336,59881600,0.0,0.0
1996-01-26,3.5379878268380587,3.607457427589314,3.5330254096352594,3.5925707817077637,50881600,0.0,0.0
1996-01-29,3.602494853746946,3.6223433102414195,3.5472913341216916,3.587608814239502,39587200,0.0,0.0
1996-01-30,3.607457840396092,3.6273063000248826,3.597533610581697,3.604976177215576,45120000,0.0,0.0
1996-01-31,3.60249527789451,3.6769273013756116,3.577685007218738,3.6719648838043213,68774400,0.0,0.0
1996-02-01,3.6620412856039395,3.741435134614323,3.6521170544776416,3.736473321914673,78587200,0.0,0.0
1996-02-02,3.7315096650072324,3.7364720817868635,3.657078259127135,3.691812753677368,44686400,0.0,0.0
1996-02-05,3.681889541187887,3.860525691434199,3.681889541187887,3.8555638790130615,126480000,0.0,0.0
1996-02-06,3.8307530879974365,3.87045001118912,3.7960185830682023,3.8307530879974365,98158400,0.0,0.0
1996-02-07,3.8109034139598497,3.855562741205584,3.790434391587884,3.8456385135650635,65555200,0.0,0.0
1996-02-08,3.8357140945168777,3.9498424038243036,3.7910547694997083,3.925032138824463,103924800,0.0,0.0
1996-02-09,3.92007204371938,3.9796174418518264,3.9101478106973055,3.9746556282043457,122832000,0.0,0.0
1996-02-12,3.959768831430368,4.01435241392516,3.9349585526433475,3.9498445987701416,87779200,0.0,0.0
1996-02-13,3.8803735911993824,3.979615882534405,3.87044936206588,3.954805612564087,114513600,0.0,0.0
1996-02-14,3.974654938461892,3.974654938461892,3.905185319362794,3.9200713634490967,80212800,0.0,0.0
1996-02-15,3.910146951675415,3.9349578316434446,3.880374259149968,3.910146951675415,52195200,0.0,0.0
1996-02-16,3.920069939472695,3.9399183948624303,3.8853354454040527,3.8853354454040527,62206400,0.0,0.0
1996-02-20,3.860525257447186,3.910146404715145,3.8456392161302464,3.88037371635437,64182400,0.0,0.0
1996-02-21,3.8803733032619356,3.9746537758977,3.870449074864846,3.9647295475006104,80046400,0.0,0.0
1996-02-22,3.969691206769246,4.073895903810342,3.969691206769246,4.068933486938477,106500800,0.0,0.0
1996-02-23,4.073897578235356,4.113594506619004,4.044124881947621,4.1086320877075195,102640000,0.0,0.0
1996-02-26,4.088782906760807,4.098707137117022,3.9895406031986513,3.9945030212402344,63696000,0.0,0.0
1996-02-27,3.999465907895975,4.001946663287937,3.9591484083802415,3.9746556282043457,60958400,0.0,0.0
1996-02-28,3.999465907895975,4.049087073006347,3.9647313951822714,3.9746556282043457,60051200,0.0,0.0
1996-02-29,3.9299936910372026,3.9746530131168916,3.912625991811938,3.917588710784912,61723200,0.0,0.0
1996-03-01,3.9051848673415788,3.9151090974927305,3.7563214150743067,3.791055917739868,157652800,0.0,0.0
1996-03-04,3.8109053970931415,3.8654889803838066,3.7910569314832814,3.8208296298980713,72564800,0.0,0.0
1996-03-05,3.81090314841082,3.9008417579993813,3.8009789214618332,3.895259380340576,57369600,0.0,0.0
1996-03-06,3.9002233116897114,3.9250341954164134,3.850602149963379,3.850602149963379,44256000,0.0,0.0
1996-03-07,3.8555630724794803,3.8754115294659206,3.8357146154930395,3.8630056381225586,44291200,0.0,0.0
1996-03-08,3.791055340174724,3.8704491692883307,3.7612826542571214,3.7761693000793457,108524800,0.0,0.0
1996-03-11,3.7761701214723606,3.8357155062598856,3.7761701214723606,3.8307530879974365,74592000,0.0,0.0
1996-03-12,3.8208292700914424,3.835715920760515,3.7612838788692384,3.800980806350708,76888000,0.0,0.0
1996-03-13,3.899601210690759,4.009388290697343,3.880373320947181,4.0044264793396,156710400,0.0,0.0
1996-03-14,4.014350987365101,4.044123674765608,3.9548056125640874,3.954805612564087,60640000,0.0,0.0
1996-03-15,3.969691054072598,4.093744202375759,3.954805015483218,4.063971519470215,121721600,0.0,0.0
1996-03-18,4.063972714279687,4.202911942020411,4.063972714279687,4.178101062774658,119472000,0.0,0.0
1996-03-19,4.2227586637689924,4.250049680821341,4.158250888882401,4.242607116699219,92491200,0.0,0.0
1996-03-20,4.217797459451913,4.232684106289892,4.117934599092623,4.153290271759033,92944000,0.0,0.0
1996-03-21,4.138403232281025,4.143365649331827,3.989539806659405,3.9994640350341797,66313600,0.0,0.0
1996-03-22,4.014350414276123,4.026755698922021,3.9597668589707755,4.014350414276123,48046400,0.0,0.0
1996-03-25,4.029236729218276,4.063971831471504,3.92255097108615,3.9647295475006104,63379200,0.0,0.0
1996-03-26,3.9448806561366485,4.083819838390299,3.9200697850136863,4.078857421875,79899200,0.0,0.0
1996-03-27,4.098706170989246,4.128478855040015,4.014350535708804,4.068933486938477,52729600,0.0,0.0
1996-03-28,4.044123036676725,4.1086302130029955,4.014350353973804,4.059009075164795,54955200,0.0,0.0
1996-03-29,4.0639725412374,4.133442152149775,4.054048311107061,4.093745231628418,53508800,0.0,0.0
1996-04-01,4.094364027037238,4.1086301037864965,4.054047156478802,4.078857421875,31692800,0.0,0.0
1996-04-02,4.078858249022908,4.168176312870126,4.073896437228173,4.153290271759033,54396800,0.0,0.0
1996-04-03,4.133442261564688,4.173139183136849,4.103669570385567,4.1483283042907715,46072000,0.0,0.0
1996-04-04,4.153289610885402,4.163213838622611,4.108630283204566,4.143365383148193,28961600,0.0,0.0
1996-04-08,4.068934394652585,4.123517963785786,4.044124121938906,4.118555545806885,73753600,0.0,0.0
1996-04-09,4.128479594852717,4.128479594852717,4.0292372968995265,4.0341997146606445,66942400,0.0,0.0
1996-04-10,4.0292372968995265,4.088782675671441,4.019313067104208,4.0341997146606445,51910400,0.0,0.0
1996-04-11,4.029236452987806,4.063971552859717,3.954805047975811,4.014350414276123,62465600,0.0,0.0
1996-04-12,4.014350414276123,4.03419886970956,3.9895395421209314,4.014350414276123,33737600,0.0,0.0
1996-04-15,4.009389569436205,4.11359430417863,4.009389569436205,4.109252452850342,50102400,0.0,0.0
1996-04-16,4.138404140563022,4.188025293327567,4.128479910010113,4.178101062774658,80116800,0.0,0.0
1996-04-17,4.178100901692643,4.2078735922035175,4.140884735690581,4.205392837524414,62630400,0.0,0.0
1996-04-18,4.2078717607970635,4.336886696859238,4.188023309095191,4.326962471008301,133958400,0.0,0.0
1996-04-19,4.431168197587428,4.451016654002765,4.346811954958835,4.356736183166504,169492800,0.0,0.0
1996-04-22,4.386509157337264,4.500638092122365,4.376584928474511,4.475827217102051,92758400,0.0,0.0
1996-04-23,4.475826106296003,4.495674559095542,4.421243163960626,4.470864295959473,57139200,0.0,0.0
1996-04-24,4.485754385122804,4.49071680566909,4.416284737565592,4.426208972930908,69251200,0.0,0.0
1996-04-25,4.426206072788281,4.515524132553066,4.376584928474511,4.475827217102051,63896000,0.0,0.0
1996-04-26,4.475827288522594,4.520486621981044,4.460941247854357,4.5055999755859375,54296000,0.0,0.0
1996-04-29,4.500636975158781,4.5055987854953115,4.446053427096695,4.470864295959473,34267200,0.0,0.0
1996-04-30,4.470864346720183,4.4956746101379395,4.441091667182845,4.4956746101379395,28441600,0.0,0.0
1996-05-01,4.480789404833206,4.575069271335712,4.470865176478899,4.570107460021973,65014400,0.0,0.0
1996-05-02,4.570108254153827,4.575070066329763,4.411320572892924,4.431169033050537,87340800,0.0,0.0
1996-05-03,4.465905401518062,4.545299275322828,4.371625479238496,4.401398181915283,75300800,0.0,0.0
1996-05-06,4.406357361966331,4.460940920439687,4.3517744092198,4.436130046844482,75852800,0.0,0.0
1996-05-07,4.4311677561922265,4.505599157472109,4.4311677561922265,4.490713119506836,47366400,0.0,0.0
1996-05-08,4.480790718654487,4.5403361062397485,4.396434450045196,4.535373687744141,77851200,0.0,0.0
1996-05-09,4.53537266264928,4.570107767086616,4.495675746564823,4.5055999755859375,47776000,0.0,0.0
1996-05-10,4.540335067099717,4.570727715526935,4.53041083810685,4.560183525085449,43913600,0.0,0.0
1996-05-13,4.565145683319401,4.718971547251229,4.565145683319401,4.709047317504883,95606400,0.0,0.0
1996-05-14,4.733858405041094,4.763631099412421,4.693540911883078,4.723934173583984,76832000,0.0,0.0
1996-05-15,4.723932622640279,4.7537053072367526,4.659425442211332,4.669349670410156,56323200,0.0,0.0
1996-05-16,4.604841992888265,4.6594255521329,4.589955953102258,4.649501323699951,67092800,0.0,0.0
1996-05-17,4.679274461972937,4.684236273806319,4.619729085610992,4.6445393562316895,35392000,0.0,0.0
1996-05-20,4.659426299219097,4.679274759267471,4.629653609146538,4.634615421295166,38457600,0.0,0.0
1996-05-21,4.634614641461557,4.639577058502125,4.570107460021973,4.570107460021973,42113600,0.0,0.0
1996-05-22,4.565144898757044,4.654462951124029,4.550258859559284,4.6395769119262695,45646400,0.0,0.0
1996-05-23,4.639577212777723,4.7288952709365,4.639577212777723,4.704084396362305,51976000,0.0,0.0
1996-05-24,4.704084396362305,4.723932853730922,4.694160167677996,4.704084396362305,26443200,0.0,0.0
1996-05-28,4.714009629637956,4.729516240261765,4.6495024323064,4.654464244842529,43376000,0.0,0.0
1996-05-29,4.6594255521329,4.694160048784805,4.6296528668340535,4.649501323699951,33569600,0.0,0.0
1996-05-30,4.65446401700913,4.6941609382629395,4.629653744088974,4.6941609382629395,33824000,0.0,0.0
1996-05-31,4.706563429133323,4.73881776628639,4.684234225624486,4.7140069007873535,40259200,0.0,0.0
1996-06-03,4.714010860301429,4.743783560471754,4.689200579689726,4.699124813079834,31684800,0.0,0.0
1996-06-04,4.709047247819453,4.718971477418939,4.614766763760886,4.679274559020996,65852800,0.0,0.0
1996-06-05,4.684234781086727,4.813249722091235,4.679272970834519,4.79836368560791,50968000,0.0,0.0
1996-06-06,4.8331000480974255,4.88272119848857,4.753706207471595,4.7561869621276855,88136000,0.0,0.0
1996-06-07,4.669351852602012,4.813252925872803,4.669351852602012,4.813252925872803,70198400,0.0,0.0
1996-06-10,4.803326266379796,4.813250494202894,4.763008787985059,4.788440227508545,45819200,0.0,0.0
1996-06-11,4.793401243959816,4.892643505739522,4.788439433734178,4.847984790802002,65259200,0.0,0.0
1996-06-12,4.8777591620210154,4.977001458239887,4.872796744346619,4.9621148109436035,88844800,0.0,0.0
1996-06-13,4.967075453339942,4.996848131564577,4.912491907064767,4.9472270011901855,62577600,0.0,0.0
1996-06-14,4.9521900706174895,4.962114299215922,4.877758658992673,4.882720470428467,55944000,0.0,0.0
1996-06-17,4.8876816447409155,4.962113037439159,4.8579089665162805,4.9472270011901855,57499200,0.0,0.0
1996-06-18,4.942266280799607,4.942266280799607,4.843023986004433,4.857910633087158,74585600,0.0,0.0
1996-06-19,4.862871571487959,4.887682443593639,4.818212849715239,4.833098888397217,73409600,0.0,0.0
1996-06-20,4.843023116094131,4.862251004393508,4.723932383731161,4.833098888397217,102228800,0.0,0.0
1996-06-21,4.8579098293551795,4.927379424218188,4.823174729060278,4.917455196380615,56806400,0.0,0.0
1996-06-24,4.922418143900728,4.967077482343941,4.8827212233854,4.927380561828613,48102400,0.0,0.0
1996-06-25,4.932342324100557,4.932342324100557,4.818213981637752,4.843024253845215,41145600,0.0,0.0
1996-06-26,4.838063750170801,4.843025563663467,4.723934771114365,4.783480167388916,71457600,0.0,0.0
1996-06-27,4.783477182728687,4.803325635769054,4.7239318236075825,4.761147975921631,77582400,0.0,0.0
1996-06-28,4.783479833312428,4.803328297351069,4.728896860069692,4.768593788146973,52000000,0.0,0.0
1996-07-01,4.773554578758217,4.862872647799431,4.768592766674944,4.855429172515869,47862400,0.0,0.0
1996-07-02,4.857910562609889,4.867834791945429,4.813251227736519,4.8281378746032715,38548800,0.0,0.0
1996-07-03,4.828139423442894,4.877760586038776,4.788442493366188,4.808290958404541,44243200,0.0,0.0
1996-07-05,4.768594446810592,4.768594446810592,4.699124813079834,4.699124813079834,35331200,0.0,0.0
1996-07-08,4.704084945343252,4.793403013925719,4.689198903442967,4.776035308837891,64432000,0.0,0.0
1996-07-09,4.798364537330751,4.818212993316138,4.76362943649292,4.76362943649292,35571200,0.0,0.0
1996-07-10,4.76362954622532,4.76362954622532,4.68919813742896,4.743781089782715,77980800,0.0,0.0
1996-07-11,4.6941610819387645,4.699123500110851,4.515524930829043,4.545297622680664,140915200,0.0,0.0
1996-07-12,4.572589381629081,4.572589381629081,4.385889194688295,4.460941791534424,139478400,0.0,0.0
1996-07-15,4.46094098501038,4.515523938546981,4.36169870064671,4.3914713859558105,111832000,0.0,0.0
1996-07-16,4.376585335177217,4.589956578417795,4.267418807542411,4.5800323486328125,182100800,0.0,0.0
1996-07-17,4.674311591918907,4.6891982374317465,4.589955953102258,4.649501323699951,126208000,0.0,0.0
1996-07-18,4.654464174847701,4.763630711997647,4.599881209136211,4.758668899536133,98537600,0.0,0.0
1996-07-19,4.674311832511196,4.828137684002916,4.674311832511196,4.802706241607666,99208000,0.0,0.0
1996-07-22,4.80394624797645,4.823174134176808,4.679273151143947,4.75370454788208,144475200,0.0,0.0
1996-07-23,4.763630316411808,4.763630316411808,4.376585353203349,4.451017379760742,257678400,0.0,0.0
1996-07-24,4.346812728183721,4.594918477509276,4.346812728183721,4.5552215576171875,192225600,0.0,0.0
1996-07-25,4.604842109519218,4.714008625046613,4.570107611987562,4.704084396362305,100920000,0.0,0.0
1996-07-26,4.743781705616125,4.743781705616125,4.694160558067838,4.728895664215088,59304000,0.0,0.0
1996-07-29,4.7338567754502385,4.758667648415583,4.634614495042477,4.6395769119262695,56748800,0.0,0.0
1996-07-30,4.679274628265843,4.7140091295146,4.609805020041418,4.709047317504883,66976000,0.0,0.0
1996-07-31,4.72393328935523,4.748744166217397,4.66935032942151,4.679274559020996,56320000,0.0,0.0
1996-08-01,4.679273721454459,4.798364455331644,4.659425265808261,4.788440227508545,96025600,0.0,0.0
1996-08-02,4.847985709378546,4.917455305787156,4.788440341028308,4.89760684967041,109289600,0.0,0.0
1996-08-05,4.902568482275616,4.912492709972531,4.813250433003389,4.833098888397217,55072000,0.0,0.0
1996-08-06,4.828138702372187,4.927381012742356,4.798366009261137,4.922418594360352,67388800,0.0,0.0
1996-08-07,4.937303882744274,4.967076567648078,4.877758512936666,4.952189922332764,76790400,0.0,0.0
1996-08-08,4.927380490646163,4.996850100544409,4.912493842804503,4.972039222717285,54379200,0.0,0.0
1996-08-09,4.952190694081256,4.981963383624831,4.917456192477212,4.942266464233398,44313600,0.0,0.0
1996-08-12,4.932342302775431,5.006774330529872,4.922418072789967,4.972039222717285,66187200,0.0,0.0
1996-08-13,4.962117083159535,4.996852205605244,4.897609863942053,4.902571678161621,72508800,0.0,0.0
1996-08-14,4.917457345289133,4.967078506161237,4.9124949263383915,4.957154273986816,52032000,0.0,0.0
1996-08-15,4.952191083280972,4.991888005792243,4.937305040202729,4.967077732086182,35556800,0.0,0.0
1996-08-16,4.967076678314306,4.972038489712076,4.9124931185778,4.932341575622559,47598400,0.0,0.0
1996-08-19,4.917458332274691,4.92738256644101,4.852950507330026,4.902571678161621,43131200,0.0,0.0
1996-08-20,4.9124928888945645,4.927379533845529,4.892644432777819,4.89760684967041,25678400,0.0,0.0
1996-08-21,4.862874741496345,4.902571678161621,4.833102038997388,4.902571678161621,49345600,0.0,0.0
1996-08-22,4.927380310130451,4.967077228618,4.902569433212281,4.9621148109436035,50236800,0.0,0.0
1996-08-23,4.957152673370477,4.9621144849920364,4.892644882202148,4.892644882202148,44006400,0.0,0.0
1996-08-26,4.89760791707713,4.912493959545615,4.872797038660398,4.8777594566345215,31944000,0.0,0.0
1996-08-27,4.887682741237933,4.952189922332764,4.882720324223887,4.952189922332764,28038400,0.0,0.0
1996-08-28,4.962113776538828,4.991886459198061,4.9571519656256795,4.986924648284912,32070400,0.0,0.0
1996-08-29,4.9720392945448895,4.9720392945448895,4.907532101570949,4.927380561828613,34182400,0.0,0.0
1996-08-30,4.932341725485665,4.932341725485665,4.862872123718262,4.862872123718262,28088000,0.0,0.0
1996-09-03,4.843023292485954,4.89760684967041,4.788440341028308,4.89760684967041,48524800,0.0,0.0
1996-09-04,4.89760684967041,4.907531077728783,4.880239450568258,4.89760684967041,27126400,0.0,0.0
1996-09-05,4.872795613214312,4.872795613214312,4.823174476623535,4.823174476623535,40372800,0.0,0.0
1996-09-06,4.843023666070432,4.872796352542177,4.828137625697988,4.862872123718262,41921600,0.0,0.0
1996-09-09,4.862873765466286,4.962116087210497,4.8529495332918655,4.957154273986816,41747200,0.0,0.0
1996-09-10,4.952189581655251,4.967076225946464,4.907530860235178,4.93730354309082,38904000,0.0,0.0
1996-09-11,4.919937636604049,4.981963775164425,4.907532348319276,4.967077732086182,36387200,0.0,0.0
1996-09-12,4.981964093078187,5.140751793255978,4.9695591068653,5.106017589569092,95944000,0.0,0.0
1996-09-13,5.145712328446509,5.2151819177599865,5.11593964731216,5.2002949714660645,80137600,0.0,0.0
1996-09-16,5.205259010074282,5.284652846556225,5.200296289567259,5.220144748687744,62409600,0.0,0.0
1996-09-17,5.274726657601367,5.344196238717309,5.249915487190426,5.314423561096191,75624000,0.0,0.0
1996-09-18,5.319385940775329,5.473212072774527,5.2896132582709905,5.418628215789795,86049600,0.0,0.0
1996-09-19,5.418628656280019,5.488098254437455,5.388855971355404,5.468249797821045,75912000,0.0,0.0
1996-09-20,5.438478440396718,5.502986545872923,5.393820007835762,5.483138084411621,104849600,0.0,0.0
1996-09-23,5.463288289393767,5.483136746010178,5.408704427971814,5.468249797821045,46385600,0.0,0.0
1996-09-24,5.4583259925095655,5.493061400006954,5.403743338311342,5.433516025543213,72520000,0.0,0.0
1996-09-25,5.458327966974865,5.473214921702797,5.373972595030527,5.383896827697754,44067200,0.0,0.0
1996-09-26,5.38885604522445,5.40374299361765,5.230068390116547,5.239992618560791,92604800,0.0,0.0
1996-09-27,5.259841960410387,5.3690084916641885,5.210220809840479,5.3342742919921875,98372800,0.0,0.0
1996-09-30,5.299537041884923,5.354120894297729,5.230067455193548,5.235030174255371,89574400,0.0,0.0
1996-10-01,5.230066688804179,5.3144232088663665,5.195332506275,5.244953632354736,69124800,0.0,0.0
1996-10-02,5.274730012405894,5.388858076813934,5.254881548034572,5.349161148071289,68760000,0.0,0.0
1996-10-03,5.349157249749597,5.364044192905947,5.3044988431870275,5.319384574890137,58294400,0.0,0.0
1996-10-04,5.344197132425376,5.423590952692022,5.329310185398602,5.413666725158691,45166400,0.0,0.0
1996-10-07,5.413666965888327,5.483136561710747,5.393818509939063,5.458325386047363,42432000,0.0,0.0
1996-10-08,5.468252017393439,5.468252017393439,5.3590854616923,5.373972415924072,48465600,0.0,0.0
1996-10-09,5.398781645253688,5.403744366463446,5.28961510463275,5.339236259460449,64955200,0.0,0.0
1996-10-10,5.309462547302246,5.403743329102708,5.29457680943855,5.309462547302246,51739200,0.0,0.0
1996-10-11,5.344199547644206,5.448403378110525,5.32931259388953,5.443441867828369,36523200,0.0,0.0
1996-10-14,5.453364779453239,5.483137468299788,5.413667860991173,5.4235920906066895,36091200,0.0,0.0
1996-10-15,5.5079457397039855,5.522832685267742,5.453363099361566,5.512908458709717,61206400,0.0,0.0
1996-10-16,5.507946895516437,5.515390066996865,5.438477295032446,5.478174209594727,36427200,0.0,0.0
1996-10-17,5.488099002310271,5.517871691292062,5.378932476043701,5.378932476043701,49097600,0.0,0.0
1996-10-18,5.319388451514306,5.359085380256951,5.3020210451894,5.349161148071289,69646400,0.0,0.0
1996-10-21,5.349157249749597,5.398778374515363,5.29953612498383,5.319384574890137,71401600,0.0,0.0
1996-10-22,5.284651662502273,5.29457588983894,5.210219351750499,5.259840488433838,113806400,0.0,0.0
1996-10-23,5.264805132945888,5.349160490425989,5.230069718839511,5.339236259460449,67443200,0.0,0.0
1996-10-24,5.354122483298074,5.453364779453239,5.314425564836008,5.4235920906066895,81417600,0.0,0.0
1996-10-25,5.42359053101654,5.4732116648252305,5.403742077493065,5.416146755218506,53084800,0.0,0.0
1996-10-28,5.426072542283664,5.463289009068756,5.40870514045651,5.4235920906066895,51240000,0.0,0.0
1996-10-29,5.433517809942876,5.45336627461581,5.354123951251138,5.373972415924072,66756800,0.0,0.0
1996-10-30,5.373973404870843,5.43848032120171,5.354124936545289,5.408707618713379,60526400,0.0,0.0
1996-10-31,5.413667730855548,5.453364648363366,5.403743501478594,5.448401927947998,37028800,0.0,0.0
1996-11-01,5.4484026048957634,5.507947988555826,5.418629913065732,5.453365325927734,56531200,0.0,0.0
1996-11-04,5.448401523673016,5.493061158282427,5.428553066391876,5.478174209594727,36006400,0.0,0.0
1996-11-05,5.49802330947175,5.617114067077637,5.490580137121382,5.617114067077637,86417600,0.0,0.0
1996-11-06,5.612151428683052,5.736203670501709,5.597264481250803,5.736203670501709,71438400,0.0,0.0
1996-11-07,5.746130522950601,5.800714406529535,5.681623618489108,5.69650936126709,76742400,0.0,0.0
1996-11-08,5.69154785082581,5.69650936126709,5.617115502573472,5.69650936126709,67369600,0.0,0.0
1996-11-11,5.6915470977118385,5.74612976261417,5.676660145449578,5.701471328735352,38593600,0.0,0.0
1996-11-12,5.716356065538195,5.790788390868441,5.6171137727337115,5.62703800201416,81156800,0.0,0.0
1996-11-13,5.701468898735866,5.785824220756005,5.681620445148368,5.756051540374756,90409600,0.0,0.0
1996-11-14,5.765978732666553,5.939653396606445,5.765978732666553,5.939653396606445,114969600,0.0,0.0
1996-11-15,5.984310303758455,5.989273024165078,5.8503338131325435,5.9148406982421875,104041600,0.0,0.0
1996-11-18,5.929725437751894,6.024004975798016,5.899952760771014,5.969422340393066,98585600,0.0,0.0
1996-11-19,5.974385498828976,6.1877570152282715,5.964461270425606,6.1877570152282715,104739200,0.0,0.0
1996-11-20,6.192719850026764,6.272113694257877,6.083553314208984,6.083553314208984,123857600,0.0,0.0
1996-11-21,6.133171458061242,6.138134176618053,5.954535396175963,5.969422340393066,130718400,0.0,0.0
1996-11-22,5.9843090119155935,6.053778602435344,5.9297263679482635,5.974384784698486,94424000,0.0,0.0
1996-11-25,5.9991962610431955,6.0984385382196455,5.974385086022293,6.093475818634033,75129600,0.0,0.0
1996-11-26,6.113325891262147,6.167909763875366,6.048818999759869,6.1034016609191895,108238400,0.0,0.0
1996-11-27,6.11828939832493,6.182796298115966,6.103402445170658,6.172872066497803,44446400,0.0,0.0
1996-11-29,6.172869848633314,6.237377936701147,6.172869848633314,6.227453708648682,17152000,0.0,0.0
1996-12-02,6.2522651578658355,6.2621893882751465,6.162947084182038,6.2621893882751465,64502400,0.0,0.0
1996-12-03,6.287002811238706,6.3316612582736544,6.138139302031645,6.14061975479126,77563200,0.0,0.0
1996-12-04,6.1579856489026135,6.162947158440097,6.038894882555945,6.083553314208984,102542400,0.0,0.0
1996-12-05,6.088516809523201,6.167910663851431,6.028971418777028,6.073629856109619,74950400,0.0,0.0
1996-12-06,5.914841701744827,6.1331747846951385,5.885689273055438,6.068667888641357,110238400,0.0,0.0
1996-12-09,6.222492808595709,6.5003712753272564,6.192720115731616,6.490447044372559,94718400,0.0,2.0
1996-12-10,6.69885509796725,6.713742048356314,6.490446272697158,6.500370502471924,125725600,0.0,0.0
1996-12-11,6.430898383282114,6.639307127184774,6.361428801981226,6.6194586753845215,113558400,0.0,0.0
1996-12-12,6.7484754103201405,6.768323867409318,6.4309000968933105,6.4309000968933105,78272800,0.0,0.0
1996-12-13,6.440823322534561,6.510292911529541,6.290719389170408,6.351505279541016,74532000,0.0,0.0
1996-12-16,6.371354194728093,6.411051105598673,6.073627363198743,6.093475818634033,64883200,0.0,0.0
1996-12-17,6.083555547657521,6.3614341044836396,6.063707079312798,6.341585636138916,68944800,0.0,0.0
1996-12-18,6.4606732499761765,6.569839771865175,6.351506728087179,6.559915542602539,61796800,0.0,0.0
1996-12-19,6.669082012373147,6.7584000750388595,6.589688178892515,6.738551616668701,94609600,0.0,0.0
1996-12-20,6.78817284588322,6.798097075190067,6.619460947666824,6.639309406280518,90414400,0.0,0.0
1996-12-23,6.679005069875005,6.728626207095473,6.579762795434069,6.649232387542725,36892800,0.0,0.0
1996-12-24,6.679006241558227,6.7584000750388595,6.599612408077594,6.738551616668701,16246400,0.0,0.0
1996-12-26,6.76832473905463,6.837794347813255,6.7584005092319694,6.788173198699951,27905600,0.0,0.0
1996-12-27,6.788174739577296,6.808023203728107,6.670324483681857,6.688932418823242,19079200,0.0,0.0
1996-12-30,6.778247942467649,6.798096399107379,6.629384517669678,6.629384517669678,27279200,0.0,0.0
1996-12-31,6.669082064491537,6.6889305230168095,6.549991313339903,6.559915542602539,34367200,0.0,0.0
1997-01-02,6.5996134007323946,6.5996134007323946,6.411053017854326,6.480522632598877,54480800,0.0,0.0
1997-01-03,6.530142912308257,6.728627499308508,6.510294453608232,6.718703269958496,44131200,0.0,0.0
1997-01-06,6.718703382280138,6.768324529859755,6.599612628089057,6.698854923248291,55948000,0.0,0.0
1997-01-07,6.708780058692484,6.758401212972753,6.619461980987998,6.748476982116699,36880800,0.0,0.0
1997-01-08,6.748473612086168,6.767081535648906,6.599610223584268,6.6194586753845215,50593600,0.0,0.0
1997-01-09,6.649232265258234,6.649232265258234,6.53014153811928,6.540065765380859,47763200,0.0,0.0
1997-01-10,6.510296241465944,6.698856650898647,6.480523545239729,6.688932418823242,66556800,0.0,0.0
1997-01-13,6.758398889427755,6.788171571760036,6.629383932654537,6.649232387542725,50361600,0.0,0.0
1997-01-14,6.688929779812322,6.877490114851542,6.688929779812322,6.778247833251953,63728000,0.0,0.0
1997-01-15,6.798097104758596,6.847718251508659,6.698854811258471,6.718703269958496,53058400,0.0,0.0
1997-01-16,6.7484769987505535,6.917188923719317,6.7484769987505535,6.827870845794678,58688000,0.0,0.0
1997-01-17,6.798097410024154,6.9668093165503,6.7881731802284975,6.9171881675720215,65368800,0.0,0.0
1997-01-20,6.907263511468556,7.373702283076347,6.877490823919123,7.204990386962891,146220800,0.0,0.0
1997-01-21,7.19506616655149,7.547376908709511,7.115672332989543,7.54241418838501,114592000,0.0,0.0
1997-01-22,7.552338079861407,7.8202922561508394,7.512641164855565,7.730974197387695,129236800,0.0,0.0
1997-01-23,7.790520033924435,7.91953501537796,7.502717382989647,7.522565841674805,105048000,0.0,0.0
1997-01-24,7.552336574331351,7.760745336566513,7.492791213692733,7.616844654083252,89817600,0.0,0.0
1997-01-27,7.661504673554777,7.73221480412353,7.582110842740738,7.631731986999512,53263200,0.0,0.0
1997-01-28,7.810366372501149,7.840139052447151,7.522563799689798,7.592033386230469,64656800,0.0,0.0
1997-01-29,7.681353345934713,7.7309744915802865,7.6019595129017965,7.721050262451172,48933600,0.0,0.0
1997-01-30,7.800443573846805,8.0386250570177,7.780595116915897,8.028700828552246,79937600,0.0,0.0
1997-01-31,8.08824605217167,8.197412563305274,8.008852225892683,8.098170280456543,86516000,0.0,0.0
1997-02-03,8.14779149568998,8.208577394485474,8.028700755192684,8.12794303894043,60804800,0.0,0.0
1997-02-04,8.127945078069514,8.19741469412139,7.979081615101208,8.187490463256836,56464000,0.0,0.0
1997-02-05,8.187490254829921,8.217262946665667,7.691278724234168,7.810369491577148,110099200,0.0,0.0
1997-02-06,7.8004448754446845,7.8103691055661155,7.621808733258929,7.711126804351807,102122400,0.0,0.0
1997-02-07,7.810367659049788,7.97907953986789,7.740898061065863,7.969155311584473,62448000,0.0,0.0
1997-02-10,7.998928939594942,8.058474316316492,7.750823203255148,7.76074743270874,66804800,0.0,0.0
1997-02-11,7.800445441667199,7.830218134192646,7.552339670621804,7.82029390335083,88834400,0.0,0.0
1997-02-12,7.810368345138874,7.939383324156417,7.740898741052506,7.929459095001221,72001600,0.0,0.0
1997-02-13,7.979081382751465,8.028702535629273,7.889763307571411,7.939384460449219,58292000,0.0,0.0
1997-02-14,7.889760664139671,7.9790787093940825,7.7508214826328095,7.770669937133789,57395200,0.0,0.0
1997-02-18,7.750822654890616,7.770671112393537,7.641656138624551,7.730974197387695,52545600,0.0,0.0
1997-02-19,7.730975808852758,7.790521193773318,7.661506193112104,7.740900039672852,56383200,0.0,0.0
1997-02-20,7.6912818774776515,7.740903050880733,7.552342591949023,7.562266826629639,75395200,0.0,0.0
1997-02-21,7.532489959189767,7.57218687597074,7.463020354823063,7.54241418838501,61131200,0.0,0.0
1997-02-24,7.482872268829156,7.9592354901869795,7.46302380127258,7.949311256408691,68599200,0.0,0.0
1997-02-25,7.939386128181189,8.020020518545529,7.8500680342391504,7.899689197540283,63941600,0.0,0.0
1997-02-26,7.899684111673636,7.969153695570263,7.810366075235115,7.959229469299316,48849600,0.0,0.0
1997-02-27,7.9592315391074235,7.9592315391074235,7.6218077581477575,7.631731986999512,56628800,0.0,0.0
1997-02-28,7.6317335006518245,7.810369655413505,7.577150836868289,7.740900039672852,78412000,0.0,0.0
1997-03-03,7.701204544335753,7.949310360841415,7.671431846355074,7.899689197540283,53874400,0.0,0.0
1997-03-04,7.879841626517258,7.949311263023079,7.83022045758453,7.869917392730713,63920800,0.0,0.0
1997-03-05,7.899685496882139,8.018776233016041,7.879837040859822,8.008852005004883,46393600,0.0,0.0
1997-03-06,7.998928939594942,8.008853169048534,7.759506904027041,7.76074743270874,57018400,0.0,0.0
1997-03-07,7.810368551456343,7.899686616212515,7.661505110196058,7.681353569030762,46032000,0.0,0.0
1997-03-10,7.711127157211304,7.949308691024781,7.616847572470434,7.939384460449219,45997600,0.0,0.0
1997-03-11,7.909611797696299,7.984044133012628,7.810369491577148,7.810369491577148,47577600,0.0,0.0
1997-03-12,7.760748876499224,7.89968811469742,7.760748876499224,7.840142726898193,43234400,0.0,0.0
1997-03-13,7.800444696299555,7.949308144702218,7.780596236512532,7.909611225128174,45505600,0.0,0.0
1997-03-14,7.919537901878357,7.959234833717346,7.850068271160126,7.859992504119873,61327200,0.0,0.0
1997-03-17,7.820293936563368,7.998930092474714,7.7805970130275135,7.979081630706787,83958400,0.0,0.0
1997-03-18,7.989005064276261,8.00389201484345,7.850065845767109,7.909611225128174,59012000,0.0,0.0
1997-03-19,7.760747404369582,7.800444322038991,7.537452848206046,7.681353569030762,111560000,0.0,0.0
1997-03-20,7.671429678176841,7.760747746874889,7.572187379623453,7.6218085289001465,81410400,0.0,0.0
1997-03-21,7.6615034392539485,7.7111245755185465,7.373700848919279,7.463018894195557,85829600,0.0,0.0
1997-03-24,7.393551768939141,7.423324460626145,6.956885624196428,7.155370235443115,186269600,0.0,0.0
1997-03-25,7.195064190948237,7.254609549769878,7.0561250203644095,7.170254230499268,89701600,0.0,0.0
1997-03-26,7.2049920957347755,7.5126432733763435,7.195067864197951,7.482870578765869,81270400,0.0,0.0
1997-03-27,7.55233850034078,7.631732334772746,7.22483893330892,7.443171977996826,93919200,0.0,0.0
1997-03-31,7.393551274961691,7.502717803853743,7.24468782647253,7.279423236846924,93825600,0.0,0.0
1997-04-01,7.155370927048752,7.443173641174153,7.125598232484055,7.403476715087891,86680800,0.0,0.0
1997-04-02,7.373706051836844,7.433251457369846,7.224842538004336,7.30423641204834,63331200,0.0,0.0
1997-04-03,7.224838116479139,7.572186102848328,7.195065431933209,7.552337646484375,92252800,0.0,0.0
1997-04-04,7.443172722694262,7.681354249820479,7.443172722694262,7.477908134460449,94964000,0.0,0.0
1997-04-07,7.592036609077702,7.750824302862334,7.542415454770005,7.611885070800781,76511200,0.0,0.0
1997-04-08,7.671429615894347,7.8004446029663095,7.582111547921451,7.800444602966309,53339200,0.0,0.0
1997-04-09,7.869910467035916,7.879834692088925,7.76074399145282,7.780592441558838,73762400,0.0,0.0
1997-04-10,7.760747404369582,7.760747404369582,7.582111274857238,7.681353569030762,67913600,0.0,0.0
1997-04-11,7.582111105165984,7.721050313899392,7.537452679514268,7.54241418838501,60033600,0.0,0.0
1997-04-14,7.522565393607025,7.730974197387695,7.413398877340961,7.730974197387695,59107200,0.0,0.0
1997-04-15,7.770672185080392,7.85999025617327,7.611884503137498,7.711126804351807,84440000,0.0,0.0
1997-04-16,7.671429615894347,7.820293062515842,7.6416569265700485,7.800444602966309,42710400,0.0,0.0
1997-04-17,7.82029048652406,7.939381204592954,7.7408966744781305,7.790517807006836,71720800,0.0,0.0
1997-04-18,8.256959921806947,8.54476261138916,8.177566076404958,8.54476261138916,231764000,0.0,0.0
1997-04-21,8.495141458012917,8.882186454347618,8.425671843286176,8.54476261138916,155695200,0.0,0.0
1997-04-22,8.544761273012323,8.797829721319703,8.534837043891518,8.782942771911621,82300000,0.0,0.0
1997-04-23,8.782941759215115,9.1898351062522,8.763093303262087,9.140213966369629,102814400,0.0,0.0
1997-04-24,9.259307097761942,9.358549403204192,8.951655950890967,9.060822486877441,118163200,0.0,0.0
1997-04-25,9.01119775216047,9.160061151149906,8.991349298961879,9.021121978759766,58566400,0.0,0.0
1997-04-28,9.031048038968324,9.135253045144802,8.862336152526058,9.120366096496582,67224000,0.0,0.0
1997-04-29,9.318853338225548,9.457792578625078,9.249383718025785,9.447868347167969,73953600,0.0,0.0
1997-04-30,9.418091724929495,9.73566699911047,9.398243270293184,9.64634895324707,90204000,0.0,0.0
1997-05-01,9.686048964823573,9.785291269791028,9.467715893895173,9.60665512084961,72325600,0.0,0.0
1997-05-02,9.686044744329669,9.805135458399297,9.442901808830875,9.58680248260498,96192000,0.0,0.0
1997-05-05,9.497487047010779,9.586805107014015,9.16998749366558,9.542146682739258,111063200,0.0,0.0
1997-05-06,9.47763770548149,9.507410389373055,9.239456234348971,9.313888549804688,74770400,0.0,0.0
1997-05-07,9.239458243052164,9.447867075602213,9.140215941837855,9.169988632202148,70532800,0.0,0.0
1997-05-08,9.1501400145501,9.378397303416317,9.140215784599395,9.239458084106445,53834400,0.0,0.0
1997-05-09,9.3684731428322,9.408170062928946,9.189837002396839,9.269230842590332,58392000,0.0,0.0
1997-05-12,9.328775839830833,9.408169676765562,9.289078921363467,9.378396987915039,42976000,0.0,0.0
1997-05-13,9.398244418409472,9.467714018123164,9.279153676043144,9.348623275756836,49813600,0.0,0.0
1997-05-14,9.398244046084702,9.418092502359434,9.179911027062673,9.199759483337402,60744800,0.0,0.0
1997-05-15,9.209683641171125,9.358547062095228,9.199759413109518,9.299001693725586,41861600,0.0,0.0
1997-05-16,9.239456819777768,9.28907796274113,9.120366076665704,9.16502571105957,59913600,0.0,0.0
1997-05-19,9.219607790181742,9.299001613993857,9.140213966369629,9.140213966369629,45632000,0.0,0.0
1997-05-20,9.199761344653487,9.467715558575433,9.1501401939272,9.457791328430176,64876800,0.0,0.0
1997-05-21,9.576883910229643,9.76048280853623,9.507414286010361,9.557035446166992,76620000,0.0,0.0
1997-05-22,9.606652183730368,9.656273321043024,9.507409909105053,9.576879501342773,33655200,0.0,0.0
1997-05-23,9.636428143218962,9.765443144106548,9.596731219868936,9.755518913269043,28904800,0.0,0.0
1997-05-27,9.745591623997287,10.112788049748712,9.715818940828253,10.053242683410645,69036000,0.0,0.0
1997-05-28,10.102862705658776,10.102862705658776,9.914302399757483,9.993696212768555,52241600,0.0,0.0
1997-05-29,10.102862705658776,10.246763991741343,9.924226626383867,9.993696212768555,51111200,0.0,0.0
1997-05-30,9.328777174795826,9.973852192201921,9.328777174795826,9.844837188720703,83337600,0.0,0.0
1997-06-02,9.924227268851583,9.96392417792699,9.775363859818809,9.874606132507324,38939200,0.0,0.0
1997-06-03,9.795211232226828,9.805135458399297,9.576878256432511,9.58680248260498,41995200,0.0,0.0
1997-06-04,9.576883258108921,9.705898265731115,9.38832286235341,9.46275520324707,54639200,0.0,0.0
1997-06-05,9.548349743033386,9.646351513814162,9.487563834574424,9.571920394897461,35892000,0.0,0.0
1997-06-06,9.636428532510152,9.86964857234013,9.606655838794879,9.849800109863281,35964000,0.0,0.0
1997-06-09,9.914306049937611,10.01354835273979,9.725745674613473,9.934154510498047,48200000,0.0,0.0
1997-06-10,9.934150819214306,10.087976937126664,9.824984326695468,9.909340858459473,53135200,0.0,0.0
1997-06-11,9.909345810162957,10.112791951247088,9.810103494645322,10.083019256591797,49056800,0.0,0.0
1997-06-12,10.06317079348827,10.172337340557668,9.95400424641887,10.083019256591797,44614400,0.0,0.0
1997-06-13,10.063167500288989,10.326159550345851,10.048281763559766,10.291424751281738,50116000,0.0,0.0
1997-06-16,10.291426344670986,10.430365562438965,10.231880965627566,10.430365562438965,40612800,0.0,0.0
1997-06-17,10.44029170099835,10.713208071509237,10.390670542723642,10.65366268157959,53191200,0.0,0.0
1997-06-18,10.579229925323208,10.599078386721564,10.326162042494182,10.33608627319336,55657600,0.0,0.0
1997-06-19,10.19218698338416,10.380747404693116,10.162414285282745,10.266618728637695,65519200,0.0,0.0
1997-06-20,10.271573810191883,10.430361424648956,10.202104228866915,10.311270713806152,64240000,0.0,0.0
1997-06-23,10.311274025369237,10.440289003549987,10.162410589006832,10.167372703552246,35724800,0.0,0.0
1997-06-24,10.281503329838952,10.489912181119472,10.19218525071873,10.484950065612793,39319200,0.0,0.0
1997-06-25,10.549454687655,10.57922737256842,10.306311094195408,10.355932235717773,49576000,0.0,0.0
1997-06-26,10.33112397110253,10.38570723896138,10.152487821746291,10.182260513305664,37312000,0.0,0.0
1997-06-27,10.251728059731278,10.321197659361596,10.102864631952023,10.122713088989258,38198400,0.0,0.0
1997-06-30,10.152484588170264,10.22195417968267,10.018508124551676,10.033393859863281,38286400,0.0,0.0
1997-07-01,10.038361299750628,10.073095506113622,9.785292777367518,9.919270515441895,59377600,0.0,0.0
1997-07-02,9.973850449893584,10.202107723871249,9.849798189328261,10.192183494567871,53237600,0.0,0.0
1997-07-03,10.32616065495036,10.32616065495036,10.202107787879836,10.286463737487793,28764000,0.0,0.0
1997-07-07,10.370819835589199,10.460137901158866,10.27157754051179,10.281501770019531,39320000,0.0,0.0
1997-07-08,10.271576295580184,10.425401834306264,10.236841496513003,10.420439720153809,36007200,0.0,0.0
1997-07-09,10.51968125950538,10.529605487108688,10.281499797026013,10.380742073059082,48266400,0.0,0.0
1997-07-10,10.360891843323987,10.42043719874539,10.231876906577616,10.311270713806152,43780800,0.0,0.0
1997-07-11,10.34104559830388,10.405553080443013,10.19714429199351,10.301348686218262,38094400,0.0,0.0
1997-07-14,10.385706264890473,10.79756179283405,10.360895690917967,10.79259967803955,57424000,0.0,0.0
1997-07-15,10.961311812541792,11.05559199562839,10.847183169858017,10.993565559387207,75503200,0.0,0.0
1997-07-16,11.303691193430048,11.86937196430407,11.11513093647204,11.785016059875488,111217600,0.0,0.0
1997-07-17,11.948772883335485,11.96862134327458,11.631197524309956,11.869379043579102,131668000,0.0,0.0
1997-07-18,11.512105066156897,11.700665407757743,11.115135925944589,11.15483283996582,158927200,0.0,0.0
1997-07-21,11.184606746805125,11.194530976394127,10.618925660232017,10.79259967803955,127223200,0.0,0.0
1997-07-22,10.867031185087285,11.49721975152842,10.857106955694512,11.442636489868164,101384000,0.0,0.0
1997-07-23,11.531957138337974,11.660972149352084,11.194533263378,11.229268074035645,95556000,0.0,0.0
1997-07-24,10.986121105111163,11.144908763360286,10.76778807501862,10.956348419189453,141855200,0.0,0.0
1997-07-25,10.996044158935547,11.29377098634355,10.89680188313288,10.996044158935547,90308800,0.0,0.0
1997-07-28,11.055589216468979,11.065513443772812,10.777710851961679,10.876953125,56404000,0.0,0.0
1997-07-29,10.8571026160175,11.120094589805857,10.807481488887621,11.110170364379883,79061600,0.0,0.0
1997-07-30,11.174685539874067,11.273927862608295,11.085367449413262,11.204458236694336,78324000,0.0,0.0
1997-07-31,11.273925349524756,11.283849579585958,11.184607278973944,11.22430419921875,42240800,0.0,0.0
1997-08-01,11.22430022684733,11.259035019768609,11.05062626224094,11.164754867553711,58912800,0.0,0.0
1997-08-04,11.134986634917606,11.273925862091266,11.070479136586979,11.239191055297852,46312800,0.0,0.0
1997-08-05,11.293769269128893,11.462481112340836,11.27392081698631,11.378125190734863,59333600,0.0,0.0
1997-08-06,11.378129664069947,11.48233407878668,11.293773709299257,11.388053894042969,43410400,0.0,0.0
1997-08-07,11.457521364474577,11.462483478534548,11.273923144255624,11.427748680114746,43947200,0.0,0.0
1997-08-08,11.338429346680641,11.363239914178848,11.115134239196777,11.115134239196777,66815200,0.0,0.0
1997-08-11,11.115135482594937,11.134983938813857,10.827332867420603,10.9761962890625,72696000,0.0,0.0
1997-08-12,11.065514863413922,11.09528754914508,10.782674348967916,10.797560691833496,60887200,0.0,0.0
1997-08-13,10.966272428597557,10.976196657039727,10.698318260658976,10.802522659301758,66731200,0.0,0.0
1997-08-14,10.797566769101204,10.857112174077866,10.648703256659552,10.817415237426758,45900800,0.0,0.0
1997-08-15,10.757865428475984,10.797562348876264,10.539532366274441,10.549456596374512,51078400,0.0,0.0
1997-08-18,10.559375638276144,10.62884521484375,10.400588034693044,10.62884521484375,69969600,0.0,0.0
1997-08-19,10.69831847285752,11.035742246584011,10.688394244218506,11.020855903625488,91013600,0.0,0.0
1997-08-20,11.035745725042293,11.169722853898472,10.876958016768302,11.159798622131348,51433600,0.0,0.0
1997-08-21,11.244152331071232,11.30369770970003,10.916652748612847,10.946425437927246,64412000,0.0,0.0
1997-08-22,10.738016185864725,10.916652314649905,10.648698121472135,10.896803855895996,72161600,0.0,0.0
1997-08-25,10.946422934095501,11.03574098160852,10.767786839069464,10.83725643157959,38856800,0.0,0.0
1997-08-26,10.797563058358651,10.867032673623827,10.698320750836972,10.718169212341309,34327200,0.0,0.0
1997-08-27,10.738012963209494,10.742975076408758,10.559376888035953,10.683429718017578,49371200,0.0,0.0
1997-08-28,10.59907872226641,10.618927184293126,10.479987950106114,10.484950065612793,43641600,0.0,0.0
1997-08-29,10.48494595872595,10.628847252054417,10.460135390910697,10.49487018585205,37857600,0.0,0.0
1997-09-02,10.569304429317118,10.916652462205473,10.559380199806021,10.891841888427734,50112800,0.0,0.0
1997-09-03,10.926579137143063,11.02582145446498,10.812450472222858,10.842223167419434,42872800,0.0,0.0
1997-09-04,10.79755938878053,10.996043936368407,10.77771093402174,10.971233367919922,44476000,0.0,0.0
1997-09-05,11.040705032765349,11.090326178980025,10.817409874799308,10.901765823364258,48398400,0.0,0.0
1997-09-08,10.936497855582221,11.100247596614079,10.936497855582221,11.060550689697266,42416000,0.0,0.0
1997-09-09,11.055593851219369,11.13498770293369,10.986124230969338,11.07544231414795,39465600,0.0,0.0
1997-09-10,11.025819081492605,11.04566754068521,10.723130078805365,10.728092193603516,53294400,0.0,0.0
1997-09-11,10.718164038799735,10.906724332074916,10.549452197448257,10.862065315246582,61779200,0.0,0.0
1997-09-12,10.867031453473567,10.986122209128071,10.767789157094812,10.951387405395508,48576000,0.0,0.0
1997-09-15,10.767790070565223,10.89680506680241,10.370820851373878,10.37578296661377,129003200,0.0,0.0
1997-09-16,10.460135147835988,10.87695267744615,10.400589786463106,10.82733154296875,102538400,0.0,0.0
1997-09-17,10.84718665557532,10.857110888563037,10.529611199968357,10.574270248413086,61609600,0.0,0.0
1997-09-18,10.658621721321785,10.7280913228574,10.43532657352873,10.499834060668945,61077600,0.0,0.0
1997-09-19,10.499836634663701,10.738018184032255,10.479988172216322,10.73305606842041,77435200,0.0,0.0
1997-09-22,10.718168427672568,10.787638037851927,10.574267092301037,10.58419132232666,43251200,0.0,0.0
1997-09-23,10.604039392348145,10.757864952087402,10.569304588536054,10.757864952087402,39946400,0.0,0.0
1997-09-24,10.767789739885101,10.802524545497633,10.48991129498484,10.514721870422363,60040000,0.0,0.0
1997-09-25,10.549455937243676,10.64869823204371,10.484948445623653,10.539531707763672,39272000,0.0,0.0
1997-09-26,10.609002705031505,10.618926935812638,10.450215012533373,10.589154243469238,36652000,0.0,0.0
1997-09-29,10.59907867119658,10.698320980851978,10.54945751636888,10.678472518920898,27505600,0.0,0.0
1997-09-30,10.673506946230363,10.777711337616156,10.499832960587378,10.50479507446289,43892800,0.0,0.0
1997-10-01,10.519678737380369,10.67846634096347,10.430360710364875,10.62884521484375,61466400,0.0,0.0
1997-10-02,10.618929296857814,10.688398927771837,10.539535432956075,10.574270248413086,28831200,0.0,0.0
1997-10-03,10.713204383850098,10.817408780358134,10.589151530864338,10.713204383850098,60284800,0.0,0.0
1997-10-06,10.787637571181333,10.817410259970243,10.658622586429395,10.728092193603516,41776800,0.0,0.0
1997-10-07,10.718170270767038,10.93154125300916,10.688397575570463,10.842223167419434,54548800,0.0,0.0
1997-10-08,10.84718334417549,11.040705828357943,10.817410654301266,11.035743713378906,71196800,0.0,0.0
1997-10-09,10.996045989921594,11.085364053016624,10.96627330222325,11.030780792236328,34672800,0.0,0.0
1997-10-10,10.981157730350564,11.015892526605626,10.817407976576696,10.83725643157959,24893600,0.0,0.0
1997-10-13,10.876954666221382,10.946424267191773,10.842219865736185,10.85710620880127,19051200,0.0,0.0
1997-10-14,10.886877128834806,10.906725583035051,10.747937949433085,10.852142333984375,33361600,0.0,0.0
1997-10-15,10.77771282196045,10.797561280196105,10.708243218135658,10.77771282196045,45003200,0.0,0.0
1997-10-16,10.807486527219258,10.84718344742943,10.499835395590427,10.631331443786621,47327200,0.0,0.0
1997-10-17,10.569303662204563,10.688394407694192,10.350970628806909,10.499834060668945,87720000,0.0,0.0
1997-10-20,10.559381418470837,10.738017570287074,10.122715269586704,10.529608726501465,154052800,0.0,0.0
1997-10-21,10.80748383491048,11.054348995969614,10.742976355638746,10.996044158935547,115682400,0.0,0.0
1997-10-22,10.986124701128748,10.996048933017754,10.747943135792625,10.772753715515137,55775200,0.0,0.0
1997-10-23,10.479989947481638,10.896807729483749,10.479989947481638,10.767792701721191,66413600,0.0,0.0
1997-10-24,10.867033704826376,10.896806399908092,10.579230985703122,10.747942924499512,70030400,0.0,0.0
1997-10-27,10.708241187982717,10.81740768758217,10.21202982616702,10.231878280639648,96795200,0.0,0.0
1997-10-28,10.499836166439039,10.718169243623972,9.805140011759708,10.589154243469238,160057600,0.0,0.0
1997-10-29,10.618925185690864,10.723129591718672,10.331122540471206,10.390667915344238,85532800,0.0,0.0
1997-10-30,10.281503846045254,10.430367318719654,10.20210999395224,10.212034225463867,72097600,0.0,0.0
1997-10-31,10.400592297774095,10.44028921494117,10.291425775564633,10.321198463439941,46808800,0.0,0.0
1997-11-03,10.450208591059448,10.658617309399665,10.425398029352278,10.648693084716797,67714400,0.0,0.0
1997-11-04,10.638770474623923,10.713202171041535,10.574263004395327,10.658618927001953,49134400,0.0,0.0
1997-11-05,10.678473794354309,10.688398026505196,10.519686079940119,10.604042053222656,42512800,0.0,0.0
1997-11-06,10.579230260239694,10.59907872226641,10.460139488079397,10.484950065612793,40266400,0.0,0.0
1997-11-07,10.32616165460147,10.479987224660405,10.311275309111895,10.445252418518066,63628800,0.0,0.0
1997-11-10,10.450214926233901,10.519684541128143,10.301351465746238,10.33608627319336,36764800,0.0,0.0
1997-11-11,10.355933700908315,10.435327538576994,10.271577748385344,10.370820045471191,37013600,0.0,0.0
1997-11-12,10.331123659330459,10.400593270872546,10.241805587347775,10.256691932678223,45784000,0.0,0.0
1997-11-13,10.32616165460147,10.450214533681256,10.25669204231679,10.445252418518066,60094400,0.0,0.0
1997-11-14,10.450214216980752,10.628850357441962,10.430365756929508,10.58419132232666,46663200,0.0,0.0
1997-11-17,10.678470682280278,10.782675089495838,10.594114733581966,10.708243370056152,60094400,0.0,0.0
1997-11-18,10.713200836928923,10.757859849218113,10.618920699873968,10.638769149780273,36683200,0.0,0.0
1997-11-19,10.609001584209706,10.728092341001583,10.589153124744392,10.723130226135254,31720800,0.0,0.0
1997-11-20,10.738016116346943,10.88687955603752,10.708243428408828,10.86703109741211,53680800,0.0,0.0
1997-11-21,10.941463323041512,10.956349667698712,10.82733468066965,10.946425437927246,68220800,0.0,0.0
1997-11-24,10.886879937675166,10.966273774959944,10.757864952087402,10.757864952087402,39084000,0.0,0.0
1997-11-25,10.787637964427041,11.055592173295056,10.777713734468968,11.035743713378906,56463200,0.0,0.0
1997-11-26,11.035744329793564,11.264001631578862,10.976198946719137,11.239191055297852,63053600,0.0,0.0
1997-11-28,11.214379674554293,11.293773512958216,11.204455444753801,11.234228134155273,17392800,0.0,0.0
1997-12-01,11.268962260797096,11.432712042658084,11.244151687787856,11.417825698852539,49006400,0.0,0.0
1997-12-02,11.397977102829408,11.502181508210086,11.273924239280982,11.29377269744873,50167200,0.0,0.0
1997-12-03,11.249111785229545,11.517065925680535,11.194528534396936,11.487293243408203,57712000,0.0,0.0
1997-12-04,11.492257500781871,11.58157556425945,11.29377291527614,11.318583488464355,62630400,0.0,0.0
1997-12-05,11.283846423719647,11.492255196717107,11.283846423719647,11.363240242004395,48136000,0.0,0.0
1997-12-08,11.39301446240819,11.641120178052969,11.363241776530817,11.601423263549805,49952800,0.0,0.0
1997-12-09,11.512107568264215,11.541880260251105,11.393016800316653,11.457524299621582,51782400,0.0,0.0
1997-12-10,11.29377269744873,11.373166530119724,11.194530406609989,11.29377269744873,66434400,0.0,0.0
1997-12-11,11.144907205988853,11.194528342257724,11.025816478943558,11.040702819824219,70189600,0.0,0.0
1997-12-12,10.936500038481716,10.996045410742052,10.797560836540933,10.85710620880127,54308000,0.0,0.0
1997-12-15,10.832297109265848,10.876956144530801,10.55938078264669,10.807486534118652,84305600,0.0,0.0
1997-12-16,10.787635024852968,11.144907205988853,10.718165434076544,11.040702819824219,65401600,0.0,0.0
1997-12-17,11.105216620484804,11.144913552104052,10.757868468816378,10.767792701721191,51472000,0.0,0.0
1997-12-18,10.678470560563898,10.698319018854908,10.350970998762216,10.390667915344238,98774400,0.0,0.0
1997-12-19,10.221955446203454,10.336084074971744,10.023470874432512,10.21699333190918,138065600,0.0,0.0
1997-12-22,10.251731192971777,10.321200813834123,9.993701172625924,10.083019256591797,59063200,0.0,0.0
1997-12-23,10.08798349146108,10.182263099619329,9.765445311915615,9.79025650024414,67195200,0.0,0.0
1997-12-24,9.824986682036748,9.834910911008503,9.368472149336052,9.442904472351074,88411200,0.0,0.0
1997-12-26,9.437939090017947,9.58680248260498,9.428014863845478,9.58680248260498,32388800,0.0,0.0
1997-12-29,9.715822758915133,10.063170865720066,9.695974295669137,10.028436660766602,67815200,0.0,0.0
1997-12-30,10.038361665911692,10.400595542336609,10.02347471160303,10.341050148010254,77864800,0.0,0.0
1997-12-31,10.400594087818375,10.440291011817681,10.241806391821148,10.2616548538208,46147200,0.0,0.0
1998-01-02,10.291428813261573,10.440292296577796,10.28150458104049,10.41051959991455,39748000,0.0,0.0
1998-01-05,10.42043986736528,10.609000207822366,10.152485699347315,10.350970268249512,80377600,0.0,0.0
1998-01-06,10.301353045482655,10.559383083230774,10.261656116598328,10.41051959991455,67834400,0.0,0.0
1998-01-07,10.311274310901897,10.415478719241136,10.122713952954701,10.286463737487793,61492800,0.0,0.0
1998-01-08,10.212034540614862,10.489913031515947,10.1227164542538,10.3608980178833,77619200,0.0,0.0
1998-01-09,10.326162929610005,10.440291592455285,9.993701172625924,10.083019256591797,87534400,0.0,0.0
1998-01-12,9.894456819217638,10.321198688050494,9.874608360202156,10.281501770019531,78393600,0.0,0.0
1998-01-13,10.281497576378829,10.499830536494981,10.172331096320752,10.489906311035156,66945600,0.0,0.0
1998-01-14,10.489913457683203,10.519686154346449,10.261656116598328,10.41051959991455,54774400,0.0,0.0
1998-01-15,10.350969544321961,10.559378327093544,10.31127263331785,10.50479507446289,50622400,0.0,0.0
1998-01-16,10.509762587697141,10.747944176086877,10.504800471272354,10.738019943237305,72943200,0.0,0.0
1998-01-20,10.648697760099727,10.956348860344919,10.63877353105956,10.941462516784668,64956000,0.0,0.0
1998-01-21,10.896801579607665,10.99108173899407,10.767786624657846,10.876953125,85567200,0.0,0.0
1998-01-22,10.76282918764945,11.105215178404551,10.74298072441727,11.005972862243652,159139200,0.0,0.0
1998-01-23,11.01589320150034,11.070476456102368,10.853383966207936,10.9761962890625,63312000,0.0,0.0
1998-01-26,11.105212564821596,11.264000233308769,10.992324456756497,11.25407600402832,74277600,0.0,0.0
1998-01-27,11.30369762957635,11.581576061207727,11.239190136519065,11.526992797851562,97540800,0.0,0.0
1998-01-28,11.611348350576106,11.869378313922242,11.551802974419306,11.829681396484375,79387200,0.0,0.0
1998-01-29,11.824716266049904,11.918996420919795,11.710587657523195,11.770133018493652,73571200,0.0,0.0
1998-01-30,11.799907318358148,11.909073828452295,11.720513492835133,11.844566345214844,50071200,0.0,0.0
1998-02-02,12.048013031338375,12.315967192661386,11.94877074936689,12.29611873626709,98397600,0.0,0.0
1998-02-03,12.315967705121686,12.395361534002406,12.211763304715742,12.375513076782227,61374400,0.0,0.0
1998-02-04,12.37551847118075,12.544230431092599,12.31101095709681,12.449950218200684,61940800,0.0,0.0
1998-02-05,12.554153147882662,12.603774306569944,12.286198890971333,12.340782165527344,67014400,0.0,0.0
1998-02-06,12.33581659068232,12.56407385664024,12.315968132772936,12.554149627685547,50070400,0.0,0.0
1998-02-09,12.603775888977657,12.613700121961104,12.355670064391482,12.47972297668457,54681600,0.0,0.0
1998-02-10,12.484680237163742,12.66331636138389,12.444983320670374,12.643467903137207,48099200,0.0,0.0
1998-02-11,12.653393826051532,12.707977093536462,12.469795562693138,12.618659019470215,76460000,0.0,0.0
1998-02-12,12.549187948572355,12.618657553665281,12.42017296768549,12.603771209716797,76658400,0.0,0.0
1998-02-13,12.593847063609532,12.603771292974079,12.494604769964067,12.504528999328613,42203200,0.0,0.0
1998-02-17,12.58392451668558,12.58392451668558,12.216727981104059,12.256424903869629,85673600,0.0,0.0
1998-02-18,12.27627182006836,12.385438343933155,12.206802213972582,12.27627182006836,76608800,0.0,0.0
1998-02-19,12.345739877252832,12.390398904140001,12.246497595281348,12.29611873626709,73773600,0.0,0.0
1998-02-20,12.345739289313723,12.365587744762779,12.13733050709862,12.315966606140137,86092000,0.0,0.0
1998-02-23,12.851878727742031,12.970969495875547,12.603772960797205,12.961045265197754,120803600,0.0,2.0
1998-02-24,13.23892422680441,13.487030003168812,13.000742681494586,13.04043960571289,118302000,0.0,0.0
1998-02-25,13.248847546693241,13.496953305994612,13.189302164460912,13.487029075622559,94944400,0.0,0.0
1998-02-26,13.576346397399902,13.606119086867885,13.40763449041467,13.576346397399902,61388000,0.0,0.0
1998-02-27,13.586270348512318,13.655739955845837,13.427482674607134,13.457255363464355,47532400,0.0,0.0
1998-03-02,13.635886686687083,13.635886686687083,13.189296511358902,13.22899341583252,50093600,0.0,0.0
1998-03-03,13.119830843964976,13.427481945449783,13.109906614884821,13.417557716369629,50753600,0.0,0.0
1998-03-04,13.090059871282556,13.308392939643598,12.951120645961891,13.070211410522461,71513600,0.0,0.0
1998-03-05,12.58392520996856,12.931273303303655,12.58392520996856,12.712940216064453,92255600,0.0,0.0
1998-03-06,12.752632180009364,13.139677047729492,12.742707952631925,13.139677047729492,51404800,0.0,0.0
1998-03-09,13.099981606778885,13.099981606778885,12.623618639259654,12.638504981994629,52256000,0.0,0.0
1998-03-10,12.891572439597429,12.941193580627441,12.693087875477376,12.941193580627441,47406400,0.0,0.0
1998-03-11,13.020583527296852,13.020583527296852,12.663311418316145,12.812174797058105,39838800,0.0,0.0
1998-03-12,13.099983302691511,13.119831762241043,12.832029098772821,13.000741004943848,47962000,0.0,0.0
1998-03-13,13.090055758023299,13.179373803377514,12.951116576361185,13.080131530761719,32542400,0.0,0.0
1998-03-16,13.090057521331602,13.13967866432376,12.92134563515826,13.020587921142578,27979600,0.0,0.0
1998-03-17,12.970967753308,12.970967753308,12.653392414282862,12.762558937072754,53842400,0.0,0.0
1998-03-18,12.712939852968269,12.990818319699816,12.683167160104174,12.980894088745117,33887600,0.0,0.0
1998-03-19,12.941194092355124,13.070209064134737,12.901497177961396,13.020587921142578,30299200,0.0,0.0
1998-03-20,13.040435348056127,13.179374537457027,12.782405424883022,12.990814208984375,56310000,0.0,0.0
1998-03-23,12.891570883607367,13.437403369056486,12.871722429591035,13.318312644958496,55050000,0.0,0.0
1998-03-24,13.3679383111579,13.506877536366668,13.248847546693241,13.487029075622559,32281600,0.0,0.0
1998-03-25,14.370285377797737,14.439754989430739,13.85422540566688,14.102331161499023,124244800,0.0,0.0
1998-03-26,14.052708850028495,14.221420750064148,13.893921179406703,14.013011932373047,45441200,0.0,0.0
1998-03-27,14.191648218555384,14.191648218555384,13.90384556237489,13.94354248046875,38924000,0.0,0.0
1998-03-30,13.9832407186111,14.072558792754108,13.834377261706084,13.96339225769043,27463200,0.0,0.0
1998-03-31,14.072557142992924,14.251193270336982,14.052708684399141,14.211496353149414,38177200,0.0,0.0
1998-04-01,14.261115299715541,14.3901302606733,14.052706516629927,14.350433349609375,36835600,0.0,0.0
1998-04-02,14.400057703236207,14.598542302867306,14.271042713475994,14.499300003051758,41414800,0.0,0.0
1998-04-03,14.608463369390016,14.777175242541938,14.529069546730287,14.767251014709473,40987600,0.0,0.0
1998-04-06,14.707703731555423,14.707703731555423,14.14202281880329,14.280961990356445,74232000,0.0,0.0
1998-04-07,14.181723774333395,14.390132591171046,13.774830370031317,13.85422420501709,62630800,0.0,0.0
1998-04-08,13.774824476208558,14.132096580778807,13.754976025954655,14.122172355651855,36793200,0.0,0.0
1998-04-09,13.963391062918673,14.23134526242031,13.89392145564047,14.132102966308594,33619200,0.0,0.0
1998-04-13,14.102328226495697,14.132100910999206,13.77482869695709,14.072555541992188,33156400,0.0,0.0
1998-04-14,14.082479695970516,14.221418889588266,13.893919361774998,14.0427827835083,28476800,0.0,0.0
1998-04-15,14.171801056972768,14.509224891662598,14.112255674380446,14.509224891662598,40498400,0.0,0.0
1998-04-16,14.350435748422072,14.618389942894684,14.320663060147337,14.558844566345215,39695600,0.0,0.0
1998-04-17,14.529071725045648,14.648162476890285,14.340511367958307,14.628314018249512,37402800,0.0,0.0
1998-04-20,14.668011543142907,15.084829191865506,14.638238853948435,15.025283813476562,45535200,0.0,0.0
1998-04-21,15.03520496277941,15.084826101270432,14.787099270324305,15.064977645874023,51938400,0.0,0.0
1998-04-22,15.243612219500632,15.739823554770835,15.184066859268206,15.700126647949219,80154000,0.0,0.0
1998-04-23,15.442101087519731,15.461949546501119,14.948370670357708,15.0054349899292,64215200,0.0,0.0
1998-04-24,14.846647063298013,15.04513164970574,14.588617100967966,14.628314018249512,51436000,0.0,0.0
1998-04-27,14.211491615796996,14.3752413446103,14.052703999978036,14.340506553649902,58752000,0.0,0.0
1998-04-28,14.62831608343854,14.64816454488147,14.134585605045686,14.27104377746582,56668000,0.0,0.0
1998-04-29,14.3008135260798,14.529070785691067,14.231343925328543,14.370283126831055,50061600,0.0,0.0
1998-04-30,14.529073543257589,14.548922004382257,14.24127085694989,14.31074047088623,54473600,0.0,0.0
1998-05-01,14.32066516197875,14.37028631638616,13.99316554288984,14.23134708404541,35996000,0.0,0.0
1998-05-04,14.161874336583805,14.271040852142615,13.963389762840514,13.983238220214844,37899600,0.0,0.0
1998-05-05,13.913770086065655,14.221421207797492,13.814527788732805,13.933618545532227,50828000,0.0,0.0
1998-05-06,13.893918535643824,13.893918535643824,13.655737075032787,13.715282440185547,48110800,0.0,0.0
1998-05-07,13.685507516274745,13.695431742174872,13.209144673068662,13.238917350769043,78022000,0.0,0.0
1998-05-08,13.00074358375705,13.675591342303218,13.00074358375705,13.616045951843262,96274800,0.0,0.0
1998-05-11,13.675591799908647,13.68551603198405,13.348092141420267,13.377864837646484,51474400,0.0,0.0
1998-05-12,13.219074190836766,13.61604338575679,13.219074190836766,13.606119155883789,64147200,0.0,0.0
1998-05-13,14.082484928161271,14.092409159964063,13.735136815063566,13.804606437683105,80680400,0.0,0.0
1998-05-14,13.635885324431237,14.449671784841254,13.625961099304286,14.122172355651855,94774400,0.0,0.0
1998-05-15,14.310739903746576,14.32066413391561,14.092406840027836,14.201573371887207,48150800,0.0,0.0
1998-05-18,13.41756266896588,13.735138116752054,13.41756266896588,13.665668487548828,80395600,0.0,0.0
1998-05-19,13.62596475802405,13.804600858274913,13.586267846857194,13.73513126373291,52234400,0.0,0.0
1998-05-20,13.675591342303218,13.79468212322313,13.556500561383306,13.616045951843262,35698800,0.0,0.0
1998-05-21,13.625964392456407,13.874070080592904,13.576343254829109,13.715282440185547,36680000,0.0,0.0
1998-05-22,13.75498320117669,13.77483166178445,13.566422825402984,13.586271286010742,36129200,0.0,0.0
1998-05-26,13.5465730038459,13.685512214141756,13.258770353947343,13.278618812561035,44473600,0.0,0.0
1998-05-27,13.15953014756358,13.675590153350386,13.15953014756358,13.655741691589355,58574400,0.0,0.0
1998-05-28,13.616040455613078,13.715282732986351,13.506873950502477,13.705358505249023,30746800,0.0,0.0
1998-05-29,13.715286004692645,13.73513446490204,13.457256021970498,13.467180252075195,34091200,0.0,0.0
1998-06-01,13.318313229973636,13.434922902441738,13.199222500644513,13.29846477508545,42436800,0.0,0.0
1998-06-02,13.348089111478705,13.645816006158528,13.318316422010723,13.576346397399902,38570800,0.0,0.0
1998-06-03,13.635889712221273,13.72520776710482,13.358011319250243,13.387784004211426,36010800,0.0,0.0
1998-06-04,13.447335367195834,13.675592720292146,13.278623410559428,13.665668487548828,33717600,0.0,0.0
1998-06-05,13.635885404503863,13.735127656356148,13.457249351169752,13.695430755615234,34431600,0.0,0.0
1998-06-08,13.596194926010789,13.705361454613795,13.496952627280782,13.606119155883789,18886400,0.0,0.0
1998-06-09,13.54657863252726,13.903851036022484,13.536654399096836,13.824457168579102,35690400,0.0,0.0
1998-06-10,13.754984000394511,14.032862465048945,13.635893229828325,13.655741691589355,33290400,0.0,0.0
1998-06-11,13.725212673564533,13.834379224113492,13.516803804334703,13.546576499938965,41271200,0.0,0.0
1998-06-12,13.477106707436699,13.675591342303218,13.338167463030134,13.616045951843262,41323600,0.0,0.0
1998-06-15,13.447325616316363,13.864143089294434,13.427477165222168,13.6458101272583,42846000,0.0,0.0
1998-06-16,13.70536262634235,14.280968008187285,13.576347626963312,14.27104377746582,61138400,0.0,0.0
1998-06-17,14.280967167165072,14.668012142508669,14.251194476754026,14.459603309631348,76147600,0.0,0.0
1998-06-18,14.419909600119952,14.568773085324219,14.350439973691294,14.47945499420166,39228400,0.0,0.0
1998-06-19,14.747407898100295,15.045134840861406,14.687862509548074,15.035210609436035,91226800,0.0,0.0
1998-06-22,15.045133335638576,15.233693713855683,14.876421418286428,15.213845252990723,48969600,0.0,0.0
1998-06-23,15.213842098529524,16.01770459688627,15.124524043156551,15.997856140136719,124675200,0.0,0.0
1998-06-24,16.14672084533437,16.692553449202464,15.868842428819704,16.66278076171875,105724800,0.0,0.0
1998-06-25,16.81164485520583,16.970432527982272,16.09710032771184,16.126873016357422,88969600,0.0,0.0
1998-06-26,16.236041212281663,16.613161973936126,16.196344290002244,16.583389282226562,55680400,0.0,0.0
1998-06-29,16.752092886276202,17.0994407837997,16.712395983702088,17.059743881225586,65906000,0.0,0.0
1998-06-30,16.71239915823579,17.2383832172539,16.613156882949355,17.20861053466797,77010000,0.0,0.0
1998-07-01,17.32769849722726,17.486486112322126,17.020047492980957,17.367395401000977,53470400,0.0,0.0
1998-07-02,17.27808547075534,17.327706623744298,17.010131244614964,17.029979705810547,27321200,0.0,0.0
1998-07-06,16.97044113822605,17.159001595317452,16.73225950821586,17.119304656982422,35307600,0.0,0.0
1998-07-07,17.119294532683107,17.238385277258292,16.91088572967653,17.139142990112305,32422800,0.0,0.0
1998-07-08,17.16891609903624,17.486491425723617,16.95058306193867,17.446794509887695,41553600,0.0,0.0
1998-07-09,17.466647173907305,17.784222577069254,17.42695024851206,17.62543487548828,43690000,0.0,0.0
1998-07-10,17.645276897984402,17.982700640690517,17.446792343451396,17.972776412963867,45396800,0.0,0.0
1998-07-13,18.121644003349438,18.776643184193393,18.04225016324714,18.667476654052734,69223200,0.0,0.0
1998-07-14,18.7766405318428,18.856034360730085,18.339974472962737,18.498762130737305,56972400,0.0,0.0
1998-07-15,18.419364238572452,18.73693948406508,18.359818880042585,18.637697219848633,48690000,0.0,0.0
1998-07-16,18.746863710486725,18.875878653968105,18.5186065027889,18.637697219848633,65125200,0.0,0.0
1998-07-17,18.657552560423188,18.99497638332446,18.4094468082899,18.727022171020508,83108400,0.0,0.0
1998-07-20,18.76671778340625,18.975126600673057,18.548384736745785,18.578157424926758,45794800,0.0,0.0
1998-07-21,18.558307668839134,18.895731444636212,17.86361165984516,17.913232803344727,74605200,0.0,0.0
1998-07-22,17.78422020334248,18.617855525374157,17.764371743294106,18.538461685180664,71654400,0.0,0.0
1998-07-23,18.46899459319832,18.65755498936746,17.943010330200195,17.943010330200195,51029600,0.0,0.0
1998-07-24,18.062091536210303,18.35981831977421,17.86360701383437,18.0720157623291,60366400,0.0,0.0
1998-07-27,17.962856343777837,18.538461685180664,17.575811372834558,18.538461685180664,58998000,0.0,0.0
1998-07-28,18.419365286030587,18.5583044638347,17.784214758926083,17.823911666870117,78378400,0.0,0.0
1998-07-29,17.982704817407352,18.14149249791426,17.47656908579158,17.5758113861084,59738000,0.0,0.0
1998-07-30,17.774298231266748,18.04225247595921,17.585737836853532,18.012479782104492,72746400,0.0,0.0
1998-07-31,17.93307750803832,18.024876604302488,17.456714630126953,17.456714630126953,53705200,0.0,0.0
1998-08-03,17.327708648329853,17.6055871375356,17.049830159124106,17.218542098999023,73566400,0.0,0.0
1998-08-04,17.248312423103734,17.407100109392378,16.543692065197884,16.593313217163086,91412000,0.0,0.0
1998-08-05,16.533763007820546,16.871186742674027,16.11694545300154,16.563535690307617,120208800,0.0,0.0
1998-08-06,16.4742152565404,16.9803507855064,16.454366804424087,16.970426559448242,68308000,0.0,0.0
1998-08-07,17.05974738516239,17.069671612844274,16.682626733250714,16.811641693115234,54972400,0.0,0.0
1998-08-10,16.80172235476336,16.881116199322193,16.583389282226562,16.583389282226562,46763200,0.0,0.0
1998-08-11,16.335282531461687,16.57346405075396,16.19634331187453,16.42460060119629,60976400,0.0,0.0
1998-08-12,16.563539779590467,16.702478998832092,16.355130950728036,16.68263053894043,53760000,0.0,0.0
1998-08-13,16.533760944763294,16.83148773248412,16.474215587219128,16.50398826599121,51193200,0.0,0.0
1998-08-14,16.62308517977488,16.68263055952333,16.434524810571464,16.55361557006836,29566400,0.0,0.0
1998-08-17,16.43452742437186,17.04982977963216,16.35513357208021,17.039905548095703,54073200,0.0,0.0
1998-08-18,17.12922400785296,17.75445060837135,17.04983015381888,17.665132522583008,70591200,0.0,0.0
1998-08-19,17.82390999025784,17.903303798677694,17.50633475657841,17.55595588684082,55709600,0.0,0.0
1998-08-20,17.48649398490232,17.90331166218149,17.41702437202246,17.873538970947266,49970400,0.0,0.0
1998-08-21,17.645279376789674,17.764370126239324,17.268158670199117,17.565885543823242,59523600,0.0,0.0
1998-08-24,17.516259855484233,17.78421397225368,17.46663872274915,17.52618408203125,26319200,0.0,0.0
1998-08-25,17.684975543246704,18.05217200514352,17.64527862844705,17.913232803344727,58026800,0.0,0.0
1998-08-26,17.66513013230768,18.062099348764033,17.605584749839227,17.873538970947266,44804400,0.0,0.0
1998-08-27,17.555962073721112,17.903310107966583,17.228462498575382,17.347553253173828,74874000,0.0,0.0
1998-08-28,17.18876731763826,17.407100389802256,16.63301040667536,16.712404251098633,72730000,0.0,0.0
1998-08-31,16.652851764542273,16.9108816488558,15.203914721858618,15.233687400817871,132690400,0.0,0.0
1998-09-01,15.124527217723704,16.156647185337395,15.005436452229818,16.077253341674805,140112400,0.0,0.0
1998-09-02,16.16657181035072,16.553616807651935,15.918466042849943,15.968087196350098,63438400,0.0,0.0
1998-09-03,15.680284043703631,15.997859416740667,15.620738661259187,15.75967788696289,67506800,0.0,0.0
1998-09-04,15.829143576603505,15.918461628132928,15.263462583583818,15.342856407165527,50890400,0.0,0.0
1998-09-08,15.878770075946214,16.206269708762605,15.729906606484219,16.191383361816406,60625600,0.0,0.0
1998-09-09,16.23603630065918,16.583384265526583,16.136794024982777,16.23603630065918,65480800,0.0,0.0
1998-09-10,15.878765399639423,16.05740151038537,15.670356603769157,15.997856140136719,60758000,0.0,0.0
1998-09-11,16.05740407216463,16.613160949816805,15.898616392835438,16.55361557006836,58989200,0.0,0.0
1998-09-14,16.662789027645903,17.000212986514253,16.65286479356154,16.831501007080078,45086800,0.0,0.0
1998-09-15,16.81164358395479,17.218536964676247,16.69255283837778,17.198688507080078,49367600,0.0,0.0
1998-09-16,17.129225197036718,17.228467521469145,16.851346688625924,17.17884635925293,42886800,0.0,0.0
1998-09-17,16.72232613668618,16.910886490749704,16.642932303396275,16.66278076171875,45178400,0.0,0.0
1998-09-18,16.79179558804875,16.871189420616357,16.56353831941688,16.732250213623047,47361600,0.0,0.0
1998-09-21,16.275737183395158,17.15899365249404,16.255888723415406,17.129220962524414,45872000,0.0,0.0
1998-09-22,17.21853666736797,17.44679392578265,16.950582494446397,17.337627410888672,43082000,0.0,0.0
1998-09-23,17.40709345516461,18.081940863916714,17.22845737637729,18.04224395751953,65263600,0.0,0.0
1998-09-24,17.962853207626083,18.20103468662223,17.30785414038668,17.48649024963379,63521600,0.0,0.0
1998-09-25,17.327696653147836,17.96284704593218,17.248302854049793,17.952922821044922,47878400,0.0,0.0
1998-09-28,17.94300490159255,18.161337925837593,17.426945026104267,17.675050735473633,41405200,0.0,0.0
1998-09-29,17.754442963753295,18.101790925593075,17.68497337138534,17.923154830932617,48743200,0.0,0.0
1998-09-30,17.833834646507665,18.032319172345257,17.47160038685406,17.4765625,38875600,0.0,0.0
1998-10-01,17.158988574603658,17.387245796822214,16.51391381615991,16.52383804321289,65442400,0.0,0.0
1998-10-02,16.41467693644841,16.702479615503428,16.03755618458321,16.533767700195312,65889600,0.0,0.0
1998-10-05,16.275744046452164,16.33528945150016,15.323017565684234,16.06733512878418,114937600,0.0,0.0
1998-10-06,16.27573592104161,16.45437204700426,15.461949124989527,15.501646041870117,76550000,0.0,0.0
1998-10-07,15.461951374849317,15.839072140089545,14.826800612339461,14.945891380310059,90710400,0.0,0.0
1998-10-08,14.380212670732147,14.588621550018122,13.933622215119348,14.47945499420166,144719200,0.0,0.0
1998-10-09,14.797024577356154,15.40240251110446,14.648161151024603,15.382554054260254,72661600,0.0,0.0
1998-10-12,15.759677432832264,16.03755587623233,15.640586671375093,15.839071273803711,51502800,0.0,0.0
1998-10-13,15.79937475158731,15.83907167307371,15.203920929291305,15.313087463378906,47995600,0.0,0.0
1998-10-14,15.223769766795062,16.09710206110925,15.223769766795062,15.908541679382324,62403200,0.0,0.0
1998-10-15,15.898620126087707,16.7719525674708,15.819226267780152,16.74217987060547,66253600,0.0,0.0
1998-10-16,16.831493988127882,16.910887827694523,16.51391862986132,16.68263053894043,68620000,0.0,0.0
1998-10-19,16.533765659668116,16.54368988875555,16.057402663471198,16.345205307006836,60177600,0.0,0.0
1998-10-20,16.394821799604077,16.41467025214597,15.819216675889166,15.918458938598633,94368400,0.0,0.0
1998-10-21,16.652855212871845,16.970430520864635,16.36505259000338,16.90096092224121,125377200,0.0,0.0
1998-10-22,16.831491747769444,17.48649083701047,16.712401004271076,17.466642379760742,81910800,0.0,0.0
1998-10-23,17.307850677454375,17.466638298348453,16.861260493689784,16.891033172607422,59882000,0.0,0.0
1998-10-26,16.960501462064567,17.149061747482484,16.781865402194956,17.000198364257812,59678400,0.0,0.0
1998-10-27,17.109376465277904,17.129224929854793,16.67271024458636,16.74217987060547,65434800,0.0,0.0
1998-10-28,16.65284735094789,16.930725614253337,16.65284735094789,16.781862258911133,56808400,0.0,0.0
1998-10-29,16.742172397734272,17.06967191707347,16.742172397734272,16.93073272705078,52402800,0.0,0.0
1998-10-30,17.029974702116732,17.178838117345023,16.6925509609326,16.811641693115234,59322800,0.0,0.0
1998-11-02,16.891033891383813,16.970427705209353,16.672700903363573,16.801715850830078,48388400,0.0,0.0
1998-11-03,16.75210529583519,16.92081725675296,16.633014499893235,16.702484130859375,36546800,0.0,0.0
1998-11-04,16.801717314109982,17.03989877633009,16.652853900222418,16.75209617614746,67459600,0.0,0.0
1998-11-05,16.722321325407467,17.089517698725018,16.712397099101587,16.891033172607422,76727200,0.0,0.0
1998-11-06,16.841419110917037,17.42694870876271,16.821570649973115,17.357479095458984,74461200,0.0,0.0
1998-11-09,17.33762986534804,17.684977916456898,17.278084485157947,17.5758113861084,68956800,0.0,0.0
1998-11-10,17.48650005657581,18.01248445101311,17.476575822718505,17.794151306152344,72075600,0.0,0.0
1998-11-11,18.012483491613146,18.220892391516106,17.605589925135934,17.63536262512207,63899200,0.0,0.0
1998-11-12,17.506337514416924,17.64527670103928,17.22845914117221,17.268156051635742,38526800,0.0,0.0
1998-11-13,17.21853666413914,17.546036208759656,17.208612435514276,17.466642379760742,28368800,0.0,0.0
1998-11-16,17.675051035653716,17.744520635456958,17.069673094511167,17.2780818939209,42620400,0.0,0.0
1998-11-17,17.30785542919649,17.843763796843632,17.29793120016599,17.76436996459961,58744000,0.0,0.0
1998-11-18,17.39717204804301,17.635353525027057,17.32770245058933,17.426944732666016,41691200,0.0,0.0
1998-11-19,17.3177783707911,17.863610926890534,17.3177783707911,17.74452018737793,45220800,0.0,0.0
1998-11-20,17.903304785129393,18.062092410718122,17.665123346746295,18.04224395751953,48405200,0.0,0.0
1998-11-23,17.86361758347638,19.084298118347263,17.86361758347638,18.92551040649414,110870400,0.0,0.0
1998-11-24,18.84611426296146,19.858385803152125,18.836190032175278,19.322477340698242,101114800,0.0,0.0
1998-11-25,19.48126058943075,19.749214759534993,19.17360950523699,19.729366302490234,41394000,0.0,0.0
1998-11-27,19.868306639835623,20.344669636195317,19.73929166165487,20.334745407104492,26335600,0.0,0.0
1998-11-30,20.543156158728678,20.68457643663297,19.362172785352488,19.37209701538086,70900000,0.0,0.0
1998-12-01,19.094217572893413,20.602700458070025,19.074369113877932,20.563003540039062,86330800,0.0,0.0
1998-12-02,20.513378106630768,20.602696153539174,19.92784868800899,20.126333236694336,65759600,0.0,0.0
1998-12-03,20.14618039985274,20.473679884185323,19.372090709612092,19.391939163208008,51426800,0.0,0.0
1998-12-04,19.838540868038518,20.2255859375,19.6896773797841,20.2255859375,44352000,0.0,0.0
1998-12-07,20.275206284261944,21.237856802897973,20.12634280199864,21.208084106445312,89809200,0.0,0.0
1998-12-08,21.09891740091078,21.317250506658677,20.602705796938274,20.830963134765625,77585200,0.0,0.0
1998-12-09,20.979824587159115,21.247778827392462,20.642400729087495,21.218006134033203,44781600,0.0,0.0
1998-12-10,21.138610595195704,21.376792123028896,20.860732146056982,20.890504837036133,57015600,0.0,0.0
1998-12-11,20.801175501809194,21.386704774045235,20.76147860199658,21.277538299560547,51728800,0.0,0.0
1998-12-14,21.079059241163947,21.237846881398703,20.27519681247549,20.31489372253418,64077600,0.0,0.0
1998-12-15,20.53322548617684,20.959967243501925,20.5233012592623,20.94011878967285,51719600,0.0,0.0
1998-12-16,21.03936560800142,21.4561832285373,20.50345723874101,21.237850189208984,60024000,0.0,0.0
1998-12-17,21.30732256955879,21.41648910345033,20.999671428591707,21.337095260620117,46963600,0.0,0.0
1998-12-18,21.4363347267618,21.95239463685051,21.297395520199455,21.882925033569336,59648000,0.0,0.0
1998-12-21,22.011942880016782,22.577624009034345,21.8730036553458,22.299745559692383,48112000,0.0,0.0
1998-12-22,22.309665833208417,22.309665833208417,21.813454404533854,21.982166290283203,41350000,0.0,0.0
1998-12-23,22.289823672436192,22.835656398163707,22.131035970406373,22.79595947265625,34940000,0.0,0.0
1998-12-24,22.805878886470087,22.86542426215278,22.468455090934846,22.50815200805664,13832400,0.0,0.0
1998-12-28,22.706637468748283,22.80587976537743,22.468455956838337,22.60739517211914,23636400,0.0,0.0
1998-12-29,22.637165220606793,22.637165220606793,22.170726480857333,22.30966567993164,29651600,0.0,0.0
1998-12-30,22.36921432550005,22.763702466333513,22.05163896684166,22.071487426757812,34942800,0.0,0.0
1998-12-31,22.101261597057892,22.230276595154773,21.91270121522399,22.021867752075195,23834400,0.0,0.0
1999-01-04,22.168244986880755,23.06390659183475,22.13102913071923,22.38905906677246,69305200,0.0,0.0
1999-01-05,22.52799542690707,23.50056967881759,22.45852583748489,23.262388229370117,64281600,0.0,0.0
1999-01-06,23.738746151254198,24.05632135060208,23.30208025215086,24.016624450683594,69064800,0.0,0.0
1999-01-07,23.77844841218866,23.91738759322816,23.54026695897809,23.897539138793945,51150400,0.0,0.0
1999-01-08,24.165492368002948,24.215113502228824,23.34178153985336,23.798295974731445,50244800,0.0,0.0
1999-01-11,23.957085195638363,23.96700942314277,22.905117080171227,23.42117691040039,46463200,0.0,0.0
1999-01-12,23.520419261219736,23.520419261219736,22.38905732207246,22.577617645263672,57907200,0.0,0.0
1999-01-13,21.59512274724305,23.460877837537943,21.59512274724305,22.835651397705078,75346000,0.0,0.0
1999-01-14,23.06390884776174,23.113529994163983,22.468455090934846,22.50815200805664,59214000,0.0,0.0
1999-01-15,22.696712813910736,23.818150744812318,22.44860707698561,23.778453826904297,59344000,0.0,0.0
1999-01-19,24.036486546773027,25.148000375525537,23.957092701862134,24.711334228515625,102741600,0.0,0.0
1999-01-20,26.507615344511557,26.636630319980913,25.80051403665066,25.822843551635742,125481200,0.0,0.0
1999-01-21,25.683905582299968,25.932011316286637,25.048754903294096,25.138072967529297,80077200,0.0,0.0
1999-01-22,24.711331283569336,25.443243204116822,24.651785906982422,24.81057357788086,82160000,0.0,0.0
1999-01-25,25.6739931673617,25.932023249445738,25.267099576383025,25.703765869140625,103076400,0.0,0.0
1999-01-26,26.27936169011128,27.27178471466231,26.120574006183116,27.24201202392578,120203200,0.0,0.0
1999-01-27,27.390870164287275,27.698521242219485,26.75571955178206,26.77556800842285,98048000,0.0,0.0
1999-01-28,27.271782759962413,27.638979252727555,26.96413164440243,27.62905502319336,78838400,0.0,0.0
1999-01-29,27.748163926260812,27.807709342411584,27.13286129270281,27.787860870361328,79571600,0.0,0.0
1999-02-01,27.857309643352853,27.93670347204784,27.122916727924242,27.46034049987793,81729200,0.0,0.0
1999-02-02,27.39087106930863,27.40079529795693,26.398448204478605,26.61678123474121,91965600,0.0,0.0
1999-02-03,26.418302372360372,26.974059296797705,26.35875698759923,26.48777198791504,73749200,0.0,0.0
1999-02-04,26.696165178520037,26.735862078413746,25.227379882452762,25.257152557373047,89151600,0.0,0.0
1999-02-05,25.445718026161195,25.664051020145415,24.59223450422287,25.406021118164062,127945200,0.0,0.0
1999-02-08,25.8129203121168,26.289283316723335,25.664056873177255,26.239662170410156,109866800,0.0,0.0
1999-02-09,26.19004064647074,26.477843290937454,25.366329629548776,25.415950775146484,77293600,0.0,0.0
1999-02-10,25.386183046274148,26.10072768244762,25.18769842511485,25.505273818969727,73694000,0.0,0.0
1999-02-11,25.84269905090332,26.02133521945795,25.46557825062132,25.84269905090332,60366000,0.0,0.0
1999-02-12,25.67398406888717,25.991559441985117,24.94951524900748,25.048757553100586,62930400,0.0,0.0
1999-02-16,25.366330426025392,25.386178884887695,24.542619383239746,24.81057357788086,73666800,0.0,0.0
1999-02-17,24.284594163099925,24.473154559135438,23.57997373580933,23.81815528869629,101215600,0.0,0.0
1999-02-18,23.967019881842273,24.03648950468819,22.862949090183907,23.143308639526367,117035200,0.0,0.0
1999-02-19,23.411257225043077,23.699059878509058,23.14330303043682,23.460878372192383,73085600,0.0,0.0
1999-02-22,23.540278621002287,23.65936940660601,22.984521621518255,23.629596710205078,92514400,0.0,0.0
1999-02-23,24.28459506155642,24.711337026267056,23.897550023795613,24.681564331054688,95106800,0.0,0.0
1999-02-24,24.840352780489482,25.30679168607598,24.25482309049792,24.27467155456543,67696800,0.0,0.0
1999-02-25,24.195267175618525,24.413600185406715,23.758601156042143,24.373903274536133,70817200,0.0,0.0
1999-02-26,24.19526967120905,24.215118128691582,23.738755149110766,23.837997436523438,59273200,0.0,0.0
1999-03-01,23.74867936846059,24.22504234785303,23.73875513972325,24.096027374267578,58332000,0.0,0.0
1999-03-02,24.11587750054128,24.473149759808557,23.44102989970309,23.589893341064453,58569600,0.0,0.0
1999-03-03,23.659371257326256,23.92732554589497,23.351720037117737,23.75861358642578,76798400,0.0,0.0
1999-03-04,23.99678843361991,24.373909178234282,23.520425387791224,24.175424575805664,61696400,0.0,0.0
1999-03-05,24.572400153476703,24.67164248042936,24.31437010339981,24.6021728515625,47302800,0.0,0.0
1999-03-08,24.69148507508092,25.284457837635614,24.612091232395773,25.247241973876953,46726000,0.0,0.0
1999-03-09,25.386186909887403,26.16027705022017,25.366338444750664,25.693838119506836,90129600,0.0,0.0
1999-03-10,25.773212972858172,25.802985648606565,25.27700171038497,25.62434959411621,53114800,0.0,0.0
1999-03-11,25.564828681428903,26.130510061413936,25.296874343541255,25.63429832458496,62948400,0.0,0.0
1999-03-12,25.822847444472533,25.842695905229238,24.899894019285775,25.435802459716797,73395200,0.0,0.0
1999-03-15,25.495342126715517,26.35874997608268,25.068600316108757,26.33890151977539,60609600,0.0,0.0
1999-03-16,26.279352714834722,26.993897048470714,26.080868177713615,26.845033645629883,68554000,0.0,0.0
1999-03-17,26.845035082204355,26.904580446527177,26.477838668880302,26.537384033203125,44919600,0.0,0.0
1999-03-18,26.42822483528693,27.400799387993697,26.388527914768286,27.380950927734375,56231200,0.0,0.0
1999-03-19,27.609218091849822,27.648915026561323,26.974067136465784,27.182476043701172,91980400,0.0,0.0
1999-03-22,27.460350631244793,27.77792606319269,27.311487147519216,27.440502166748047,55719200,0.0,0.0
1999-03-23,27.42064299950233,27.648900252122147,26.398447476900543,26.448068618774414,69581200,0.0,0.0
1999-03-24,26.51754465590428,27.281710426302723,25.902242347271773,27.192392349243164,82634400,0.0,0.0
1999-03-25,27.480190345337505,28.591704003220425,27.390872283543345,28.571855545043945,109447600,0.0,0.0
1999-03-26,28.41306878474721,28.64132606104801,27.9069330851237,28.284053802490234,94687600,0.0,0.0
1999-03-29,28.62147320139553,29.415411431670027,27.906928794148488,29.336017608642578,79777000,0.0,2.0
1999-03-30,29.65359276340854,29.693289674738402,29.29632056143976,29.534502029418945,67502400,0.0,0.0
1999-03-31,30.010874185602038,30.050571109127965,28.303906473987105,28.46269416809082,58752600,0.0,0.0
1999-04-01,28.978748154334742,29.49480805297358,28.666134946505444,29.43526268005371,41106000,0.0,0.0
1999-04-05,29.951326190679776,30.174621366057607,29.69329621024317,30.149810791015625,39848600,0.0,0.0
1999-04-06,30.229201411250422,30.36814061668624,29.613899215748933,29.871929168701172,39674800,0.0,0.0
1999-04-07,30.12995466064944,30.169651570610768,28.97874427177087,29.633743286132812,46910200,0.0,0.0
1999-04-08,29.613902100174144,30.050568216932742,28.899357545478253,30.030719757080078,38637000,0.0,0.0
1999-04-09,29.931482315063477,30.16966387194727,29.534513053590487,29.931482315063477,31816800,0.0,0.0
1999-04-12,29.09783600479044,29.732986586068268,29.018442182130713,29.534502029418945,37858800,0.0,0.0
1999-04-13,29.574207075756565,29.574207075756565,28.32375402490243,28.62148094177246,46746800,0.0,0.0
1999-04-14,28.839812156588405,28.93905445581961,27.27178382873535,27.27178382873535,52944000,0.0,0.0
1999-04-15,27.728296817774176,28.54208362488136,26.636631588727948,28.22450828552246,72594600,0.0,0.0
1999-04-16,28.28405388505944,28.303902343926147,27.27178248285731,27.509963989257812,44774000,0.0,0.0
1999-04-19,27.58935535395587,27.986324495739407,25.525115816681474,25.723600387573242,75389000,0.0,0.0
1999-04-20,26.120574308696543,26.676331208881578,25.40602972274436,26.398452758789062,108459400,0.0,0.0
1999-04-21,26.080872756678882,26.199963499860065,25.40602521198552,26.041175842285156,92732800,0.0,0.0
1999-04-22,26.993906611989225,27.073300454965665,26.477846632642372,26.974058151245117,55096400,0.0,0.0
1999-04-23,26.993907995002214,27.629058771355208,26.35875721864922,27.31148338317871,56592000,0.0,0.0
1999-04-26,27.68859672952782,28.24435350976207,27.549657534469258,27.946626663208008,48349800,0.0,0.0
1999-04-27,28.184813544863747,28.184813544863747,26.656482106163388,26.67633056640625,58665800,0.0,0.0
1999-04-28,27.093150778992534,27.470271559066422,25.95186420771629,26.08087921142578,55963400,0.0,0.0
1999-04-29,26.16026408129399,26.57708164252857,25.535037739442124,26.06102180480957,60880600,0.0,0.0
1999-04-30,26.27935808021962,26.596933404451878,25.36632902305187,25.822843551635742,58558600,0.0,0.0
1999-05-03,25.862554253173734,25.882402721518456,24.94952470931649,25.366342544555664,67180000,0.0,0.0
1999-05-04,25.564801853689982,25.981619275217536,24.691470113346536,24.790712356567383,66502200,0.0,0.0
1999-05-05,25.128149032592773,25.366330540010715,24.274665297678485,25.128149032592773,67028200,0.0,0.0
1999-05-06,25.624358271252373,25.76329747179363,24.612086953023194,24.751026153564453,74021000,0.0,0.0
1999-05-07,25.286935376555554,25.525116871468164,24.770875470911562,25.108299255371094,48011600,0.0,0.0
1999-05-10,25.366330961339614,25.564815554151348,24.850271020029105,25.306785583496094,46218000,0.0,0.0
1999-05-11,25.644221101381785,25.728577091846855,25.227403266142606,25.366342544555664,42786200,0.0,0.0
1999-05-12,25.64419979190234,25.723593599307613,25.167836947470718,25.56480598449707,60142600,0.0,0.0
1999-05-13,25.763299719040614,25.961784308555565,25.128149032592773,25.128149032592773,51737200,0.0,0.0
1999-05-14,25.04875738562607,25.386181217286644,24.33421280093309,24.413606643676758,84401000,0.0,0.0
1999-05-17,24.57239218195091,25.267088245253237,24.45330142824194,25.128149032592773,66850200,0.0,0.0
1999-05-18,25.346488198181103,25.48542744437317,24.751034285929393,24.989215850830078,63858400,0.0,0.0
1999-05-19,25.366330681117713,25.366330681117713,24.5326954005176,25.187694549560547,46510800,0.0,0.0
1999-05-20,25.267085144529304,25.406024340139442,24.889964470730362,24.909812927246094,42386200,0.0,0.0
1999-05-21,24.929660044016135,25.088447687608593,24.453297113238754,24.631933212280273,56568800,0.0,0.0
1999-05-24,24.73118036387422,24.73118036387422,24.15557504240363,24.532695770263672,38990000,0.0,0.0
1999-05-25,24.373906069896258,25.167844378361934,24.17542149277984,24.215118408203125,50791600,0.0,0.0
1999-05-26,24.512848846471993,24.92966651916504,23.976940410152363,24.92966651916504,52022800,0.0,0.0
1999-05-27,24.85027385632577,25.227394625710907,24.612092317766738,24.889970779418945,56702200,0.0,0.0
1999-05-28,25.00904762864944,25.683894945612995,24.81056312366016,25.62434959411621,41548000,0.0,0.0
1999-06-01,25.604514179715682,25.644211100924544,24.909818058560607,24.92966651916504,36046400,0.0,0.0
1999-06-02,24.79072218815169,24.969358296793295,24.215116949195405,24.909812927246094,42812600,0.0,0.0
1999-06-03,24.889966721230365,25.068602846023886,24.175422222056287,24.25481605529785,32934400,0.0,0.0
1999-06-04,24.433456359467726,25.30678867450963,24.373910974351233,25.267091751098633,35668200,0.0,0.0
1999-06-07,25.386172236683212,25.743444402641224,25.147990792711205,25.485414505004883,32392200,0.0,0.0
1999-06-08,25.366330088217428,26.08087459774468,25.088451667845717,25.207542419433594,41516400,0.0,0.0
1999-06-09,25.4457266944416,26.239665124845395,25.40602977292141,26.140422821044922,53310800,0.0,0.0
1999-06-10,26.001493531586792,26.140432809999854,25.10831245607427,25.366342544555664,35277400,0.0,0.0
1999-06-11,25.40602734375,25.56481501464844,24.63193744812012,24.81057357788086,34543000,0.0,0.0
1999-06-14,25.009053865812362,25.306780697548223,24.592236301382158,24.631933212280273,28369800,0.0,0.0
1999-06-15,24.790723512178456,25.0487534606639,24.35405744551078,24.671632766723633,36981000,0.0,0.0
1999-06-16,25.10829821780876,25.92208495846501,25.068601303630405,25.723600387573242,48325200,0.0,0.0
1999-06-17,25.624366948687296,26.358760114528835,25.564821556862306,26.319063186645508,44475200,0.0,0.0
1999-06-18,26.140424074846155,26.993907928466797,26.08087868970983,26.993907928466797,69116200,0.0,0.0
1999-06-21,26.95419544480003,28.264193161557614,26.95419544480003,28.24434471130371,56194400,0.0,0.0
1999-06-22,28.085564650552122,28.085564650552122,27.390868705132107,27.47026252746582,38751000,0.0,0.0
1999-06-23,27.291634921417682,27.748149541921393,27.013756456763247,27.31148338317871,33942000,0.0,0.0
1999-06-24,27.232085336434434,27.390873006034635,26.676328492833733,26.874813079833984,33559000,0.0,0.0
1999-06-25,27.112997376453883,27.450421209103748,26.79542200454813,26.974058151245117,24933000,0.0,0.0
1999-06-28,27.152696208239288,27.56951391319033,26.974060048974557,27.549665451049805,31701000,0.0,0.0
1999-06-29,27.529809078032322,27.966475119644947,27.31147605722601,27.946626663208008,38973200,0.0,0.0
1999-06-30,27.867238843763197,28.66117727236044,27.5496634723243,28.641328811645508,57610200,0.0,0.0
1999-07-01,28.542092229831372,29.058152311872828,28.065729077177718,28.95890998840332,47737800,0.0,0.0
1999-07-02,28.859673214995343,29.25664258521536,28.681036998396333,29.21694564819336,32094800,0.0,0.0
1999-07-06,29.296328207203665,29.514661276498543,28.343602086644196,28.44284439086914,45419400,0.0,0.0
1999-07-07,28.60162717810174,29.316171646118164,28.54208180576704,29.316171646118164,33834600,0.0,0.0
1999-07-08,29.157385439103233,29.534506149343507,28.80011318729666,29.395566940307617,37790400,0.0,0.0
1999-07-09,29.336028377747727,29.633755323394695,29.296331451661466,29.613906860351562,33884200,0.0,0.0
1999-07-12,29.594053368419704,30.090264860177246,29.336023392705783,29.91162872314453,43847800,0.0,0.0
1999-07-13,29.57419880560148,29.87192563921492,29.474956527730335,29.732986450195312,30845000,0.0,0.0
1999-07-14,29.77269005037751,30.16965925104921,29.37572084970581,30.149810791015625,37985200,0.0,0.0
1999-07-15,30.169647317848458,30.249041126579638,29.772678274192558,29.971162796020508,40926200,0.0,0.0
1999-07-16,30.328448254233408,31.717840517189128,30.16966056703847,31.578901290893555,115369800,0.0,0.0
1999-07-19,31.75753795812818,31.99571949281414,31.062841815294124,31.241477966308594,81181600,0.0,0.0
1999-07-20,30.62616603516606,30.725408310069387,29.316168006442176,29.633743286132812,92287400,0.0,0.0
1999-07-21,29.73299735040948,30.26890584737948,29.534512721902075,30.07042121887207,54050800,0.0,0.0
1999-07-22,29.971175013786322,30.010871934334382,28.581782794604173,28.919206619262695,60904200,0.0,0.0
1999-07-23,29.07799434793953,29.137539728856815,28.48254053876671,28.661176681518555,68833200,0.0,0.0
1999-07-26,28.22450475379846,28.52223159719296,27.82753562927246,27.82753562927246,50885000,0.0,0.0
1999-07-27,28.204662322998047,28.50238922999662,27.946632336932616,28.204662322998047,65513000,0.0,0.0
1999-07-28,28.32375141647127,28.740569061703155,28.065721445613438,28.5817813873291,62215200,0.0,0.0
1999-07-29,28.164969856322543,28.204666783533707,27.41072823931038,27.60921287536621,57968200,0.0,0.0
1999-07-30,27.827531568689754,28.145106821970096,27.152684155469032,27.25192642211914,51127400,0.0,0.0
1999-08-02,27.212238947081936,27.609208151269854,26.795421282684618,26.93436050415039,48050600,0.0,0.0
1999-08-03,27.27178299321538,27.33132837092982,26.795419971499825,26.91451072692871,55051200,0.0,0.0
1999-08-04,27.033603533477446,27.688602738033065,26.914512769012788,26.974058151245117,75573400,0.0,0.0
1999-08-05,27.11300112276661,27.430576538553044,26.91451648790009,27.232091903686523,76634000,0.0,0.0
1999-08-06,27.33134215098646,27.450432966459168,26.974069704568336,27.033615112304688,67205800,0.0,0.0
1999-08-09,27.192386496342625,27.251931868232425,26.57708432014801,26.61678123474121,39333600,0.0,0.0
1999-08-10,26.537386082848304,26.696173733306633,25.922083937322277,26.33890151977539,62743000,0.0,0.0
1999-08-11,26.676330702342007,26.894663766126058,26.140422273053886,26.735876083374023,66105200,0.0,0.0
1999-08-12,26.6564843443191,26.735878191956687,25.922091253671443,25.961788177490234,61062000,0.0,0.0
1999-08-13,26.338913457947903,27.192397466004994,26.27936806203694,26.894670486450195,65099800,0.0,0.0
1999-08-16,27.013749488112303,27.276741538602742,26.140417395917638,26.77556800842285,57321800,0.0,0.0
1999-08-17,27.132843637854105,27.15269209698933,26.338905272445057,26.854965209960938,51749000,0.0,0.0
1999-08-18,26.815271773057827,27.37102870099685,26.696181002785178,26.993907928466797,58361200,0.0,0.0
1999-08-19,26.854962722300417,27.03359883796982,26.398448204478605,26.61678123474121,71478200,0.0,0.0
1999-08-20,26.67631921954062,26.924424867043786,26.378592442536817,26.477834701538086,46072800,0.0,0.0
1999-08-23,26.775570874272788,27.50996384858568,26.636631662916294,27.45041847229004,60447000,0.0,0.0
1999-08-24,27.64889692662126,29.693287725933526,27.64889692662126,29.276470184326172,120450000,0.0,0.0
1999-08-25,29.732991525618754,30.487232966188525,29.59405231288222,30.26889991760254,81877600,0.0,0.0
1999-08-26,30.288749140508898,30.60632449191659,29.752840735008412,30.050567626953125,61246000,0.0,0.0
1999-08-27,30.189512288602362,30.209360751645495,29.336028377747727,29.613906860351562,41948400,0.0,0.0
1999-08-30,29.494802593861813,29.673438679558153,29.077985060570363,29.29631805419922,33300800,0.0,0.0
1999-08-31,29.157385439103233,29.574203066210906,28.62147706139337,29.395566940307617,46882800,0.0,0.0
1999-09-01,29.316169152885717,29.673441356509237,29.09783613956023,29.336017608642578,36607200,0.0,0.0
1999-09-02,29.058150185623326,29.395574060729608,28.80012016348323,29.157392501831055,33340800,0.0,0.0
1999-09-03,29.772692584618444,30.626176438710836,29.693298737726128,30.447540283203125,52098000,0.0,0.0
1999-09-07,30.12996694579997,30.70557237493581,29.772694610474282,29.931482315063477,47028000,0.0,0.0
1999-09-08,29.75283249542319,30.070407758883345,29.23677269230044,29.29631805419922,42568200,0.0,0.0
1999-09-09,29.3558692627967,29.896739741100426,29.15242256912282,29.871929168701172,38475200,0.0,0.0
1999-09-10,30.189505211930527,30.268899045492475,29.85208141929225,30.16965675354004,34455000,0.0,0.0
1999-09-13,30.01086630992661,30.11010859269753,29.65359409195129,29.812381744384766,27870800,0.0,0.0
1999-09-14,29.75283666757437,30.348290370060848,29.73298821082482,30.189502716064453,40207800,0.0,0.0
1999-09-15,30.328451746066733,30.407845598805128,29.3360285868368,29.415422439575195,48413800,0.0,0.0
1999-09-16,29.494803395677117,29.871924031288064,28.780259033466905,29.852075576782227,45796000,0.0,0.0
1999-09-17,29.971175722232207,30.646023387501014,29.792539575543408,30.626174926757812,79773400,0.0,0.0
1999-09-20,30.48722898983024,31.08268268103786,30.16965368785284,30.983440399169922,48601800,0.0,0.0
1999-09-21,30.665869870305535,30.665869870305535,29.89177995124928,30.050567626953125,47082800,0.0,0.0
1999-09-22,30.090264339608346,30.6857181194159,29.752840531050733,30.507081985473633,48531600,0.0,0.0
1999-09-23,30.76512027554842,30.76512027554842,28.58675127539265,28.95890998840332,71073600,0.0,0.0
1999-09-24,28.641333129725506,29.018453940165415,28.224515391870874,28.879514694213867,70277000,0.0,0.0
1999-09-27,29.216924201928826,29.514651011051743,28.859652030981326,29.038288116455078,34132200,0.0,0.0
1999-09-28,28.978749615528205,29.435264164265977,28.28405356310116,29.256628036499023,46000600,0.0,0.0
1999-09-29,29.077991839893702,29.25662796723776,28.303901954736123,28.422992706298828,37484400,0.0,0.0
1999-09-30,28.581789383977096,29.117697934926667,28.204668551827396,28.760425567626953,47455400,0.0,0.0
1999-10-01,28.64133169204333,28.78027093102067,28.04587781071187,28.576824188232422,44239000,0.0,0.0
1999-10-04,28.740567811995565,29.415415398741317,28.66117397826077,29.395566940307617,29998000,0.0,0.0
1999-10-05,29.455119450454244,29.812391788802074,28.422999361893854,29.157392501831055,43397000,0.0,0.0
1999-10-06,29.316173944097905,29.852082337117974,29.23678010809493,29.752840042114258,35500200,0.0,0.0
1999-10-07,29.752839453379316,30.18950554275513,29.43526411565145,29.772687911987305,46036400,0.0,0.0
1999-10-08,29.69329621024317,30.229204631149965,29.2566300895043,30.149810791015625,35697000,0.0,0.0
1999-10-11,30.050576325676314,30.169667116927343,29.891788604008276,29.95133399963379,19943800,0.0,0.0
1999-10-12,29.852081484282685,29.95132377645118,29.336021565006522,29.395566940307617,27668600,0.0,0.0
1999-10-13,29.216933523373154,29.574205808305706,28.681025095974327,28.919206619262695,38098400,0.0,0.0
1999-10-14,28.859651409125508,29.29135527305156,28.48253079236252,28.800106048583984,42737800,0.0,0.0
1999-10-15,28.422990960039257,28.5222332469109,27.728294951937738,27.966476440429688,73788000,0.0,0.0
1999-10-18,27.68859221619868,27.946622107819167,27.01374480734509,27.906925201416016,75312800,0.0,0.0
1999-10-19,28.02601913021234,28.343594417806816,27.07329326742892,27.410717010498047,69945600,0.0,0.0
1999-10-20,29.077985060570363,29.33601496213174,28.66116752727891,29.29631805419922,88090600,0.0,0.0
1999-10-21,28.760415400651738,29.574202171822698,28.740566942818297,29.554353713989258,60801200,0.0,0.0
1999-10-22,29.713141087013085,29.812383375212864,29.137535815454385,29.43526268005371,43650600,0.0,0.0
1999-10-25,29.216930087633113,29.713141536132316,28.939051676473557,29.35586929321289,30492200,0.0,0.0
1999-10-26,29.971168192862173,30.249046573458248,29.30128281106807,29.336017608642578,52467600,0.0,0.0
1999-10-27,29.058136101766006,29.09783300900886,28.48253094674469,28.859651565551758,54416600,0.0,0.0
1999-10-28,28.5817844778175,28.859662938018502,28.363451401945284,28.54208755493164,70570400,0.0,0.0
1999-10-29,29.038294688501043,29.852081484282685,28.97874931319995,29.395566940307617,79452600,0.0,0.0
1999-11-01,29.613895989238653,29.911622825591586,29.25662378561513,29.336017608642578,53261200,0.0,0.0
1999-11-02,29.455112315608712,30.010869151752274,29.197082355970633,29.395566940307617,46349000,0.0,0.0
1999-11-03,29.514672675858375,29.69330889245738,29.058157900105353,29.21694564819336,44517000,0.0,0.0
1999-11-04,29.316176966685365,29.455116194015627,28.681026213175596,29.137540817260742,54239400,0.0,0.0
1999-11-05,29.15738340644706,29.494807176297027,28.740565808397104,29.07798957824707,70167400,0.0,0.0
1999-11-08,26.934350828233075,28.81995387074018,26.79541165667992,28.56192398071289,243819200,0.0,0.0
1999-11-09,28.5023867074615,28.54208362488136,27.450418395835133,28.22450828552246,109769800,0.0,0.0
1999-11-10,27.98632802374907,28.30390337721005,27.450419614783662,27.668752670288086,69385400,0.0,0.0
1999-11-11,28.026028009305605,28.72072417100936,28.026028009305605,28.46269416809082,69274600,0.0,0.0
1999-11-12,28.502381825330126,28.581775646570602,27.64889824699503,28.323745727539062,49414200,0.0,0.0
1999-11-15,28.026024204561082,28.105418040834625,27.609206564124975,27.62905502319336,47080400,0.0,0.0
1999-11-16,27.609213126584645,27.86724315580506,27.271789242219484,27.728303909301758,59165200,0.0,0.0
1999-11-17,27.450422547845278,27.64890716496636,26.993907928466797,26.993907928466797,66819000,0.0,0.0
1999-11-18,26.974058151245117,27.251936601662653,26.835118926036348,26.974058151245117,64493200,0.0,0.0
1999-11-19,26.815271839152935,27.49011953902799,26.795423377391906,27.31148338317871,58226000,0.0,0.0
1999-11-22,28.462682879294633,28.700864325983293,28.085562255370924,28.522228240966797,90596600,0.0,0.0
1999-11-23,28.343603397513036,29.01845109745382,28.065724932831536,28.46269416809082,70787400,0.0,0.0
1999-11-24,28.442841531796446,29.296325262338836,28.42299307294662,29.11768913269043,53771000,0.0,0.0
1999-11-26,29.09783641464589,29.65359318109206,28.89935185520083,28.939048767089844,28514200,0.0,0.0
1999-11-29,28.62148035093058,29.23678263309344,28.422995743781268,28.641328811645508,51460200,0.0,0.0
1999-11-30,28.50238439855515,29.494807253658045,28.442839027248976,28.91423988342285,64145600,0.0,0.0
1999-12-01,28.919205641922417,29.832234783671513,28.859660263112694,29.594053268432617,48864200,0.0,0.0
1999-12-02,29.554352532112055,30.249048528501525,29.494807160992956,30.110109329223633,55473800,0.0,0.0
1999-12-03,30.4276856594805,30.844503271254204,30.402875087351113,30.526927947998047,64100600,0.0,0.0
1999-12-06,30.24904837917485,30.86435054436804,30.090260723641126,30.30859375,49098200,0.0,0.0
1999-12-07,30.090258788037044,30.12995569936691,29.494805118089083,29.534502029418945,56859200,0.0,0.0
1999-12-08,29.57420696029871,29.95132772019514,29.117692356213563,29.137540817260742,40955800,0.0,0.0
1999-12-09,29.2169404145521,29.6337581786184,29.038304229952256,29.455121994018555,46258200,0.0,0.0
1999-12-10,29.65359409195129,29.891775570601503,29.296321873975973,29.812381744384766,36836000,0.0,0.0
1999-12-13,29.728024817376674,30.784955093808193,29.455108548814547,30.685712814331055,52691600,0.0,0.0
1999-12-14,30.54677150549958,32.11479941253952,30.26889314222668,31.340709686279297,144116200,0.0,0.0
1999-12-15,31.301026962676033,34.536326515571524,31.28117849916134,34.43708419799805,155571600,0.0,0.0
1999-12-16,34.69508463317972,36.521141719136544,34.59584240024728,36.10432434082031,128660200,0.0,0.0
1999-12-17,37.037229202833196,37.19601689502112,36.08450304970565,36.600563049316406,105898800,0.0,0.0
1999-12-20,36.461616841758165,36.52116221493469,35.3104062936787,35.806617736816406,39433800,0.0,0.0
1999-12-21,35.68752438196472,37.03721940864637,35.13176760627228,36.79903793334961,57446000,0.0,0.0
1999-12-22,36.933021992587584,37.47389252828449,36.56086336710807,37.33495330810547,38565200,0.0,0.0
1999-12-23,37.2357045691847,37.870855180172924,37.07691691643764,37.295249938964844,31028400,0.0,0.0
1999-12-27,37.612832250525045,37.87086223430173,36.878439219776006,37.8311653137207,32202200,0.0,0.0
1999-12-28,37.71206693446382,37.73191539074512,37.17615861486881,37.31509780883789,24591000,0.0,0.0
1999-12-29,37.13646897931041,37.592983563235656,37.09677205896908,37.454044342041016,17449200,0.0,0.0
1999-12-30,37.43418737121647,38.08918640793447,37.19600590331902,37.354793548583984,22360000,0.0,0.0
1999-12-31,37.31510489094181,37.3944987311353,36.91813568997434,37.07692337036133,12517600,0.0,0.0
2000-01-03,37.27541359500016,37.67238285586278,35.56844577329088,37.01738357543945,53228400,0.0,0.0
2000-01-04,36.064641179837345,37.19600306605128,35.647823642811154,35.76691436767578,54119000,0.0,0.0
2000-01-05,35.290548078441674,36.95781806639955,34.73479141578905,36.1440315246582,64059600,0.0,0.0
2000-01-06,35.62798076326197,36.16388910900463,34.41722487102855,34.933284759521484,54976600,0.0,0.0
2000-01-07,34.49661296816669,35.64782329736903,34.07979543517963,35.389793395996094,62013600,0.0,0.0
2000-01-10,36.02494395920853,36.104337775096596,35.36994497813201,35.647823333740234,44963600,0.0,0.0
2000-01-11,35.40963816615513,36.282970049176896,34.51645783124651,34.73479080200195,46743600,0.0,0.0
2000-01-12,34.45691520028472,34.57600592102303,33.16676572561968,33.603431701660156,66532400,0.0,0.0
2000-01-13,33.14694350975147,34.496639413142546,32.23391392804574,34.238609313964844,83144000,0.0,0.0
2000-01-14,34.04009856200696,36.18373159098466,33.5835841206506,35.647823333740234,73416400,0.0,0.0
2000-01-18,35.50889709183194,36.9975316820429,35.48904863062913,36.62041091918945,81483600,0.0,0.0
2000-01-19,35.0920778969738,35.40965326255727,33.66298875184817,33.98056411743164,97568200,0.0,0.0
2000-01-20,34.000425973028506,34.83406163611502,33.6233050778227,33.663002014160156,56349800,0.0,0.0
2000-01-21,33.98056431046451,34.05995815231139,32.78965668276132,32.94844436645508,68416200,0.0,0.0
2000-01-24,32.96333146566226,33.56374740836061,32.015567456940076,32.15450668334961,63597600,0.0,0.0
2000-01-25,32.07510956645375,32.98813867539983,31.6185950119807,32.65071487426758,59823200,0.0,0.0
2000-01-26,32.53162998943209,32.86905385143352,31.47966147848645,31.55905532836914,49365000,0.0,0.0
2000-01-27,31.72280535003807,32.13466094898272,30.884207805198958,31.360570907592773,63654800,0.0,0.0
2000-01-28,31.16208149276617,31.83692911745028,30.884203059072714,31.201778411865234,58225400,0.0,0.0
2000-01-31,31.003285930531238,31.18192202104006,30.129953932488103,31.082679748535156,73194200,0.0,0.0
2000-02-01,31.281170083597782,32.78965290488803,31.02314012732445,32.69041061401367,70196600,0.0,0.0
2000-02-02,32.53162389236138,33.00798690237765,31.91632167109036,32.01556396484375,49915600,0.0,0.0
2000-02-03,32.41254085453342,33.08738861268047,31.797238486811104,32.90875244140625,49186000,0.0,0.0
2000-02-04,33.14691788569923,34.29812820747801,33.072486183860086,33.84161376953125,55365400,0.0,0.0
2000-02-07,33.92101082125414,33.94085927697167,33.10722413683553,33.86146545410156,40005800,0.0,0.0
2000-02-08,33.80191587846072,34.93327771350021,33.80191587846072,34.913429260253906,56229000,0.0,0.0
2000-02-09,34.75465178260436,34.75465178260436,32.98813892786319,33.027835845947266,55090000,0.0,0.0
2000-02-10,32.99311621346563,33.84163822767869,32.55148779671147,33.663002014160156,54527800,0.0,0.0
2000-02-11,33.30571242732656,33.30571242732656,31.47965429662689,31.73768424987793,115559000,0.0,0.0
2000-02-14,32.14954274002851,32.31329253327144,31.4598087624295,31.638444900512695,81028600,0.0,0.0
2000-02-15,31.67815003912133,31.7575438988685,31.162089950764717,31.301029205322266,71027600,0.0,0.0
2000-02-16,31.519352003187894,31.817078879792312,30.844504416217877,31.003292083740234,65202600,0.0,0.0
2000-02-17,31.281172624346304,31.65829336029972,30.84946862397858,31.638444900512695,80343400,0.0,0.0
2000-02-18,31.757530799278847,31.777379256028397,30.129957345815807,30.189502716064453,79063000,0.0,0.0
2000-02-22,30.209357272458824,30.844508016689232,29.474964224442413,29.792539596557617,66296200,0.0,0.0
2000-02-23,29.69330075817968,30.407845428831067,29.236786107485745,29.931482315063477,75847200,0.0,0.0
2000-02-24,29.931475697217955,30.447535623032056,29.216931184552276,30.09026336669922,69733200,0.0,0.0
2000-02-25,30.07041684411145,30.075378959102224,28.740570026583086,28.998600006103516,65301400,0.0,0.0
2000-02-28,28.66117198019711,29.256625691697053,27.986324440497178,29.07798957824707,76131800,0.0,0.0
2000-02-29,29.137530592271496,29.137530592271496,28.22450170450277,28.383289337158203,58437400,0.0,0.0
2000-03-01,28.46268871646049,29.88185346069126,28.244355678886524,28.83980941772461,106889800,0.0,0.0
2000-03-02,29.157387293007478,30.288749495663314,28.939054236354597,29.65359878540039,106932600,0.0,0.0
2000-03-03,30.090261878520835,31.40026008695248,29.812383470671698,30.526927947998047,101435200,0.0,0.0
2000-03-06,30.487231276939653,30.923897349916654,28.621476237856108,28.780263900756836,93609400,0.0,0.0
2000-03-07,30.526931947525867,30.963598074213493,29.197085107159005,29.49481201171875,135061000,0.0,0.0
2000-03-08,29.792532716879585,30.54677405148413,28.899352189058412,30.348289489746094,94290000,0.0,0.0
2000-03-09,30.268903255462646,31.757537841796875,30.169660949707033,31.757537841796875,88198800,0.0,0.0
2000-03-10,31.618600569149052,32.55147830094441,31.59875210677043,32.07511520385742,85589000,0.0,0.0
2000-03-13,31.003279065599244,31.836913970051977,30.96358216538721,31.12236976623535,61831800,0.0,0.0
2000-03-14,31.320864142318904,31.519348705958443,30.2093505859375,30.2093505859375,73489200,0.0,0.0
2000-03-15,30.030723499283095,30.68572275604208,29.752845026718678,30.288753509521484,53208000,0.0,0.0
2000-03-16,30.467389670455752,30.70557121836811,29.61390579043647,30.288753509521484,77300800,0.0,0.0
2000-03-17,30.24905680530476,31.598752253310483,30.010875255656693,31.55905532836914,81161600,0.0,0.0
2000-03-20,31.36056285461504,31.678138174661775,30.646018384509887,30.92389678955078,47773000,0.0,0.0
2000-03-21,30.725407732664234,32.74995010264599,30.646013914233578,32.630859375,81648800,0.0,0.0
2000-03-22,32.65071456715212,33.54389520880674,32.11480618215935,32.78965377807617,93975800,0.0,0.0
2000-03-23,33.9210148262578,35.8463152581753,33.861469452074786,35.52873992919922,148224000,0.0,0.0
2000-03-24,35.7669270520245,36.521168576983946,34.79435245405047,35.469200134277344,112196800,0.0,0.0
2000-03-27,34.223696992204,34.3775225115252,33.00797917821386,33.04767608642578,111434000,0.0,0.0
2000-03-28,32.908738375710044,34.1194941301843,32.51176927588242,33.127071380615234,81114400,0.0,0.0
2000-03-29,33.40496077245596,34.59586846487863,33.38511231091558,34.04011154174805,64363800,0.0,0.0
2000-03-30,33.72252229047081,34.496611972241475,32.55146354112544,32.829341888427734,64178400,0.0,0.0
2000-03-31,33.662984403722426,34.37752888399012,33.067530670166015,33.74237823486328,64281400,0.0,0.0
2000-04-03,29.991013421972976,30.64601239148,28.58177321485181,28.859651565551758,260118200,0.0,0.0
2000-04-04,29.077998997884144,29.216938242242634,26.974061869026997,28.125272750854492,181244400,0.0,0.0
2000-04-05,28.026018531898686,28.105412352102363,27.271777239963736,27.430564880371094,82887600,0.0,0.0
2000-04-06,27.906937236009643,27.946634159531705,27.078263957486598,27.31148338317871,66421400,0.0,0.0
2000-04-07,27.62905466180099,28.38329609653406,26.993903979920507,28.284053802490234,82613600,0.0,0.0
2000-04-10,28.145124060049728,28.145124060049728,27.31148850961102,27.331336975097656,60685400,0.0,0.0
2000-04-11,27.033594370243623,27.331321180488597,26.517534565819002,26.636625289916992,71961800,0.0,0.0
2000-04-12,26.08087459774468,26.120571514940636,25.009057833453802,25.207542419433594,153003800,0.0,0.0
2000-04-13,25.683896895086725,26.12056283920721,25.088443334922427,25.167837142944336,94316200,0.0,0.0
2000-04-14,25.128142329532825,25.24723305147374,23.26238768579184,23.540266036987305,151217800,0.0,0.0
2000-04-17,23.57996747992577,24.13572428921695,23.182998330432067,24.096027374267578,119772200,0.0,0.0
2000-04-18,24.294515380385867,26.021331424579962,24.096030777604938,25.584665298461914,91794600,0.0,0.0
2000-04-19,25.862548255465917,25.88239671920764,24.810579677154564,24.989215850830078,53715400,0.0,0.0
2000-04-20,24.969357421826672,25.36632653823091,24.61208521706286,25.068599700927734,52387400,0.0,0.0
2000-04-24,21.356933686791397,21.595115103372713,20.642389437047445,21.158449172973633,313645800,0.0,0.0
2000-04-25,21.833301406722885,22.071482876614407,21.476029201885602,22.03178596496582,159517400,0.0,0.0
2000-04-26,22.230272012598373,22.587544241372274,21.396636812125934,21.595121383666992,107091200,0.0,0.0
2000-04-27,21.416494611980877,22.210433244491753,21.396646146168106,22.17073631286621,77669800,0.0,0.0
2000-04-28,22.46846003515319,22.54785388686751,21.674521518009968,22.1508846282959,78082600,0.0,0.0
2000-05-01,23.14330333628553,23.500575600482048,22.766182612966986,23.32193946838379,107811000,0.0,0.0
2000-05-02,23.123450125692568,23.34178313117121,22.071482008386383,22.19057273864746,97716200,0.0,0.0
2000-05-03,22.349371079748135,22.488310331576056,21.853159466076995,22.408916473388672,55354800,0.0,0.0
2000-05-04,22.32951047469159,22.627237281020808,22.011935214607085,22.36920738220215,43317200,0.0,0.0
2000-05-05,22.309666980548986,22.80587843474269,22.190576231542497,22.58754539489746,36402200,0.0,0.0
2000-05-08,22.528008697496105,22.666947958185506,22.131039381240665,22.17073631286621,36187600,0.0,0.0
2000-05-09,22.289827104208104,22.3692209674466,21.43634307439426,21.535585403442383,60778400,0.0,0.0
2000-05-10,21.51572741687692,21.555424330930197,20.880576792024463,21.019515991210938,67740000,0.0,0.0
2000-05-11,21.158456479207807,21.634819476863516,20.880578063908644,21.5554256439209,58390800,0.0,0.0
2000-05-12,21.73405488765207,22.15087237864814,21.67450953179549,21.853145599365234,37886000,0.0,0.0
2000-05-15,21.91269523002006,22.051634420790112,21.595119936831363,22.03178596496582,33899600,0.0,0.0
2000-05-16,22.09133588667396,22.428759705248495,21.932548207344766,22.071487426757812,48410600,0.0,0.0
2000-05-17,21.87300665336743,21.95240050691867,21.35694660528435,21.495885848999023,53242000,0.0,0.0
2000-05-18,21.614969702010114,21.614969702010114,20.920273706077744,21.019515991210938,53640400,0.0,0.0
2000-05-19,20.76149283637231,20.940129008004575,20.48361434716656,20.662250518798828,66578000,0.0,0.0
2000-05-22,20.682093868237043,20.72179078545055,19.828610148146648,20.384366989135742,69955000,0.0,0.0
2000-05-23,20.285120721622697,20.82102899900412,20.0270908102909,20.066787719726562,57963200,0.0,0.0
2000-05-24,20.046949086584743,21.138614630903714,20.007252157700414,20.8210391998291,85482400,0.0,0.0
2000-05-25,20.503456284360187,20.563001655950778,19.411791138532685,19.530881881713867,94348800,0.0,0.0
2000-05-26,19.70952244328822,19.888158598363336,19.173613978062857,19.511037826538086,55822000,0.0,0.0
2000-05-30,19.828606413666314,20.364514695116753,19.68966722958657,20.126333236694336,68536400,0.0,0.0
2000-05-31,20.21069496566361,20.230543426224045,19.70952133651261,19.868309020996094,54968200,0.0,0.0
2000-06-01,20.44391454824058,20.959974527128207,20.265278401702556,20.503459930419922,94507200,0.0,0.0
2000-06-02,20.959975146438353,21.198156682193336,20.642399765431712,21.05921745300293,80463200,0.0,0.0
2000-06-05,20.964933890048588,21.71421318410713,20.959971775518397,21.237850189208984,64400000,0.0,0.0
2000-06-06,21.654676084672527,22.190584658720336,21.535585290439684,22.111190795898438,99019000,0.0,0.0
2000-06-07,21.99208993438288,22.468452893250376,21.31724240932059,22.38905906677246,76310600,0.0,0.0
2000-06-08,22.726477485261757,22.905113552831498,21.67450953179549,21.853145599365234,94765600,0.0,0.0
2000-06-09,22.111175474743753,22.131023926695946,21.694357983747686,21.853145599365234,35710200,0.0,0.0
2000-06-12,21.91269776531469,21.91269776531469,21.079062524242936,21.237850189208984,49260600,0.0,0.0
2000-06-13,21.198153395679114,21.59512256039221,20.999668813322568,21.5554256439209,44289200,0.0,0.0
2000-06-14,22.17072604395819,22.547846719728295,22.071483760860794,22.38905906677246,79992400,0.0,0.0
2000-06-15,22.48830652154583,23.083760357067785,22.428761137993636,22.98451805114746,65592600,0.0,0.0
2000-06-16,23.063912029414215,23.22269971980605,22.706639726032584,23.044063568115234,68710600,0.0,0.0
2000-06-19,23.044053084977712,23.44102213036923,22.865417014551525,23.401325225830078,46604800,0.0,0.0
2000-06-20,23.46087226199547,23.897538243183202,23.421175354614764,23.798295974731445,62275000,0.0,0.0
2000-06-21,24.45329101467945,26.100712406090487,24.433442564180524,25.62434959411621,160399600,0.0,0.0
2000-06-22,25.84270578482901,26.041190468276238,25.18770632945316,25.366342544555664,87315200,0.0,0.0
2000-06-23,25.386177239452557,25.425874154604163,24.453299733389795,24.671632766723633,49811600,0.0,0.0
2000-06-26,24.612091232395773,25.44572658058982,24.612091232395773,25.247241973876953,48287000,0.0,0.0
2000-06-27,25.167854666048154,25.44573318759758,24.889976144498725,25.028915405273438,31071200,0.0,0.0
2000-06-28,25.088448156747944,25.425871905691547,24.969357421826672,25.068599700927734,37459200,0.0,0.0
2000-06-29,24.8502736512466,25.068606726457233,24.47315288497369,24.512849807739258,38449000,0.0,0.0
2000-06-30,24.473143780231474,25.406021118164062,24.354053056240083,25.406021118164062,52356400,0.0,0.0
2000-07-03,25.306778848171234,25.42586957216263,25.207536578178406,25.406021118164062,15734800,0.0,0.0
2000-07-05,25.366332652462514,25.366332652462514,24.850272676747316,24.92966651916504,34824400,0.0,0.0
2000-07-06,25.048766430004225,25.941947483372044,24.929675622888514,25.703765869140625,47873200,0.0,0.0
2000-07-07,25.80795647022201,26.319054243041247,25.584661326757292,26.041175842285156,54153200,0.0,0.0
2000-07-10,25.62436526408822,25.82284989045606,25.207547548715755,25.22739601135254,52689800,0.0,0.0
2000-07-11,25.028906737835296,25.564815129525662,24.929664443077822,25.128149032592773,37164800,0.0,0.0
2000-07-12,24.850274569144045,25.723606902244953,24.51285071317324,25.505273818969727,58370200,0.0,0.0
2000-07-13,25.028912351129577,25.40603315578577,24.57239769286155,25.386184692382812,80843200,0.0,0.0
2000-07-14,25.247235803309643,25.32662962659049,24.909812054366036,25.068599700927734,51180600,0.0,0.0
2000-07-17,24.850260361778936,25.26707782791101,24.612078952560605,24.830411911010742,53992800,0.0,0.0
2000-07-18,24.651788070703006,25.24724188883593,24.592242688889716,24.92966651916504,70617200,0.0,0.0
2000-07-19,24.155577816107336,24.61209243383163,23.12345781081762,23.222700119018555,139924600,0.0,0.0
2000-07-20,23.32194733838788,23.897552847165112,23.222705009288354,23.75861358642578,54690600,0.0,0.0
2000-07-21,23.73876807394992,23.818161947106944,22.825738532644156,22.964677810668945,56100600,0.0,0.0
2000-07-24,22.885279622512964,22.90512808705981,22.23028029246706,22.408916473388672,56165600,0.0,0.0
2000-07-25,22.488302099531975,22.547847471375395,21.714212265567504,21.912696838378906,64188600,0.0,0.0
2000-07-26,21.93255471963487,22.071493980302236,21.35694921115576,21.535585403442383,85404600,0.0,0.0
2000-07-27,21.555423025182776,22.269967434857342,21.436332290237015,22.03178596496582,74337600,0.0,0.0
2000-07-28,22.528007969193396,22.805886481588733,22.11119020060039,22.131038665771484,75645600,0.0,0.0
2000-07-31,22.28982710774284,22.587554094934422,21.992100120551264,22.17073631286621,70283800,0.0,0.0
2000-08-01,22.210426688085803,22.250123607993018,21.65466980938482,21.813457489013672,47163600,0.0,0.0
2000-08-02,21.773756039250003,22.369209713978808,21.75390758342571,22.03178596496582,48269200,0.0,0.0
2000-08-03,21.654666598581336,22.349362593952872,21.63481814157072,22.30966567993164,54543400,0.0,0.0
2000-08-04,22.051634859219597,22.190574052752034,21.654665734841206,21.952392578125,38107400,0.0,0.0
2000-08-07,22.28981384038925,22.587540650367735,22.150874662399293,22.230268478393555,52741800,0.0,0.0
2000-08-08,22.250116549294074,23.718902119898676,22.230268095637253,23.540266036987305,138038800,0.0,0.0
2000-08-09,23.421179838854858,23.778452073684846,23.22269526394931,23.579967498779297,63945600,0.0,0.0
2000-08-10,23.441022500318834,23.52041631065014,22.786023565085536,23.063901901245117,48986000,0.0,0.0
2000-08-11,23.004362106323242,23.08375593585326,22.746332160350676,23.004362106323242,35629600,0.0,0.0
2000-08-14,22.964677098922397,23.302101049381932,22.666950083811045,22.92498016357422,53427000,0.0,0.0
2000-08-15,22.865428664921467,23.183004063045374,22.70664096585951,22.746337890625,40714200,0.0,0.0
2000-08-16,22.825726153145375,22.94481689829222,22.408908545131414,22.547847747802734,44976200,0.0,0.0
2000-08-17,22.587541302010482,22.865419666007096,22.4089052108698,22.72648048400879,36112800,0.0,0.0
2000-08-18,22.587544662851684,22.686786950474055,22.230272427411148,22.547847747802734,54438800,0.0,0.0
2000-08-21,22.448610898245754,22.488307822911086,22.250126274919086,22.428762435913086,34119600,0.0,0.0
2000-08-22,22.48830762160452,23.004367637634278,22.299747231132105,22.627246856689453,54428200,0.0,0.0
2000-08-23,22.488304727911526,22.587547025916432,22.34936551070466,22.468456268310547,36726800,0.0,0.0
2000-08-24,22.428757729555475,22.607393853065208,22.210424689710244,22.58754539489746,42405400,0.0,0.0
2000-08-25,22.448610898245754,22.766186295568417,22.408913973580418,22.428762435913086,52729400,0.0,0.0
2000-08-28,22.289824294375286,22.905126656909243,22.26997583106774,22.647096633911133,56421600,0.0,0.0
2000-08-29,22.6073994523103,23.103611029402273,22.508157136891906,22.528005599975586,59400200,0.0,0.0
2000-08-30,22.448601472377778,22.52799528837204,22.131026208400726,22.230268478393555,53498800,0.0,0.0
2000-08-31,22.508160231683334,22.865432616313228,22.131039381240665,22.17073631286621,72575400,0.0,0.0
2000-09-01,22.230280046471506,22.428764689743574,22.131037724835473,22.289825439453125,37629800,0.0,0.0
2000-09-05,22.230278735917306,22.448611830645063,22.1707333464461,22.269975662231445,50755200,0.0,0.0
2000-09-06,22.25011453877474,22.44859905740788,22.011933116414976,22.0516300201416,62960800,0.0,0.0
2000-09-07,22.230269800436275,22.885268821341985,22.051633703825626,22.250118255615234,111711200,0.0,0.0
2000-09-08,22.34936959943436,22.508157305291796,21.972248798022946,22.011945724487305,56709600,0.0,0.0
2000-09-11,21.9523878591262,22.131023926695946,21.614964175938912,21.853145599365234,48495200,0.0,0.0
2000-09-12,21.833315158109052,22.011951373039036,21.476042728249087,21.634830474853516,46781200,0.0,0.0
2000-09-13,21.456179858127356,21.833300503182322,21.337089128109998,21.67451286315918,40744800,0.0,0.0
2000-09-14,21.813451977084053,21.833300432022256,20.860726140050353,20.900423049926758,78503000,0.0,0.0
2000-09-15,20.78133616127081,20.84088153709107,20.106488568641197,20.384366989135742,99915200,0.0,0.0
2000-09-18,20.40422102004763,20.52331180421133,19.749221707147267,20.007251739501953,69037800,0.0,0.0
2000-09-19,20.205730838042037,20.88057842988234,20.126337003707885,20.642396926879883,79311200,0.0,0.0
2000-09-20,20.60270329115456,20.64240021464426,20.0667948240436,20.404218673706055,67791400,0.0,0.0
2000-09-21,20.324821613315482,20.682093868237043,20.18588240306821,20.384366989135742,48952200,0.0,0.0
2000-09-22,19.41179183537781,20.166033235934414,19.372094919559043,20.086639404296875,84476600,0.0,0.0
2000-09-25,20.086639139603594,20.166032970194916,19.19345854545126,19.451488494873047,53484200,0.0,0.0
2000-09-26,19.352247898029542,20.9202761892545,19.19346022296879,19.908004760742188,155704800,0.0,0.0
2000-09-27,20.146192658807813,20.185889590155217,18.99498164973308,19.25301170349121,106155600,0.0,0.0
2000-09-28,19.31254870835673,19.649972478184132,19.253003337210714,19.471336364746094,52360400,0.0,0.0
2000-09-29,19.372092006861237,19.471334281486552,18.61785071970885,19.153759002685547,74053600,0.0,0.0
2000-10-02,19.21330988684366,19.31255218997818,18.498765304275093,18.776643753051758,58562400,0.0,0.0
2000-10-03,18.915578355314985,18.994972178422287,17.94300402225052,17.962852478027344,85374000,0.0,0.0
2000-10-04,17.903317835312148,17.962863238312078,17.307863805312852,17.6055908203125,136453400,0.0,0.0
2000-10-05,17.625432240505518,18.18118911295389,17.546038401584322,17.585735321044922,81099400,0.0,0.0
2000-10-06,17.72467659348444,18.022403523946103,17.38725273896122,17.645282745361328,61794000,0.0,0.0
2000-10-09,17.665125000985572,17.704821911100147,16.83148988857951,17.20861053466797,58323600,0.0,0.0
2000-10-10,17.12922832755562,17.645288508918824,17.08953139052768,17.327713012695312,62066200,0.0,0.0
2000-10-11,17.14907871126594,18.081956835605638,17.14907871126594,17.704835891723633,101205800,0.0,0.0
2000-10-12,17.883458163820464,18.06209426090635,17.089519954549854,17.268156051635742,90219600,0.0,0.0
2000-10-13,17.109366629844487,17.426941880514455,16.553609941172045,17.069669723510742,104521200,0.0,0.0
2000-10-16,16.990278977614185,17.08952126136193,15.739826202392578,15.997856140136719,119759000,0.0,0.0
2000-10-17,16.474218498523054,16.652854602723906,15.958158641942815,16.017704010009766,81276600,0.0,0.0
2000-10-18,15.75968056830807,16.910891491433848,15.382559748663418,16.434528350830078,110536400,0.0,0.0
2000-10-19,18.55830415089925,19.749211369138777,18.419364975437972,19.64996910095215,256993200,0.0,0.0
2000-10-20,19.47133620930541,20.999667389852316,19.41179083863475,20.701940536499023,160378600,0.0,0.0
2000-10-23,20.523304584280584,21.039364467444315,19.27285179046078,19.729366302490234,185170400,0.0,0.0
2000-10-24,19.888154111257414,19.98739639724173,19.11406428057973,19.530881881713867,94427400,0.0,0.0
2000-10-25,19.669821528999172,20.146184512547084,19.19345854545126,19.451488494873047,167603800,0.0,0.0
2000-10-26,19.372091565284766,20.662241106005574,19.312546201866883,20.463756561279297,114826600,0.0,0.0
2000-10-27,20.54315960638411,21.97224897030648,20.5233111429963,21.495885848999023,124292400,0.0,0.0
2000-10-30,21.436340746297017,22.269976219764125,21.39664381898906,21.932552337646484,110057600,0.0,0.0
2000-10-31,21.912696104517,22.07148375744828,21.595120798654435,21.87299919128418,104474000,0.0,0.0
2000-11-01,21.7539184131999,22.25013005583676,21.734069947494426,22.111190795898438,81309400,0.0,0.0
2000-11-02,22.349358188205294,22.498221586439342,22.111176751030815,22.329509735107422,77985200,0.0,0.0
2000-11-03,21.992088143205468,22.111178873222826,21.6149674981505,21.67451286315918,68711000,0.0,0.0
2000-11-06,21.813457447847874,22.2699720259193,21.674518228434827,22.071487426757812,74851400,0.0,0.0
2000-11-07,22.150877587338712,22.825725112401003,22.071483760860794,22.38905906677246,104331200,0.0,0.0
2000-11-08,22.587538220451073,22.98450725771735,21.595115627285384,22.0516300201416,206149400,0.0,0.0
2000-11-09,21.753910582742574,22.647091217982915,21.734062124181676,22.50815200805664,91058600,0.0,0.0
2000-11-10,22.210431631509362,22.329522417737294,21.21800841294326,21.396644592285156,93744400,0.0,0.0
2000-11-13,21.178307033549583,21.63482161815281,20.45383823624447,21.098913192749023,83364800,0.0,0.0
2000-11-14,21.595115723986716,22.170720830600334,21.376782752512586,21.853145599365234,84218600,0.0,0.0
2000-11-15,21.93254297275186,22.508148172941727,21.813452241678092,22.250118255615234,60422200,0.0,0.0
2000-11-16,22.05163855219795,22.706637717114724,21.892850875854492,21.892850875854492,92128600,0.0,0.0
2000-11-17,22.051643119570357,22.230279292456167,21.530620948653418,21.932552337646484,106525600,0.0,0.0
2000-11-20,21.634822171233424,21.753912935478745,20.821035282223725,21.337095260620117,80157200,0.0,0.0
2000-11-21,21.39663914824764,21.992092927883473,21.39663914824764,21.515729904174805,59487600,0.0,0.0
2000-11-22,20.979816938057922,22.07148196321704,20.95996848305503,21.67451286315918,76343200,0.0,0.0
2000-11-24,21.912699436054794,22.36921400763927,21.753911758981932,22.210426330566406,34439200,0.0,0.0
2000-11-27,22.68678991990633,22.944819901497567,22.428759938315096,22.4486083984375,85307600,0.0,0.0
2000-11-28,22.031779396000193,22.150870095438034,21.21799294984163,21.277538299560547,127446200,0.0,0.0
2000-11-29,21.218007497210323,21.317249814783803,20.086645076872635,20.662250518798828,98280400,0.0,0.0
2000-11-30,19.689672266476034,19.709520726422078,18.10179547079248,18.22088623046875,197200800,0.0,0.0
2000-12-01,18.439212860124265,19.25299943414482,17.804062363327734,17.982698440551758,109809800,0.0,0.0
2000-12-04,18.181184745442167,18.736941484385813,17.526185731687153,17.923154830932617,80407200,0.0,0.0
2000-12-05,18.796485206030606,19.21330272379897,18.49875840762463,19.01481819152832,101734400,0.0,0.0
2000-12-06,19.054528418291756,19.074376885394145,17.80407499084136,18.002559661865234,90560800,0.0,0.0
2000-12-07,16.970431406357708,17.14906752642463,16.593310708438647,16.87118911743164,145308400,0.0,0.0
2000-12-08,17.34754737126978,17.744516418667256,16.970426776242174,17.288002014160156,120939800,0.0,0.0
2000-12-11,17.625437166770386,18.657557361220903,17.466649444547226,18.439224243164062,95576200,0.0,0.0
2000-12-12,18.359825544745306,19.05452164643837,18.022401723922957,18.538461685180664,63106000,0.0,0.0
2000-12-13,19.213310474912152,19.213310474912152,18.042251262081763,18.181190490722656,98360400,0.0,0.0
2000-12-14,18.399524920695537,18.652592820090216,17.585737950093037,17.62543487548828,71201400,0.0,0.0
2000-12-15,16.211230704563242,16.51391973822665,15.164224375006205,15.620738983154297,116899800,0.0,0.0
2000-12-18,15.561187385110294,15.878762637867649,14.92603687959559,15.184066772460938,107187400,0.0,0.0
2000-12-19,15.064982478089911,15.24361863395659,14.132104775230589,14.23134708404541,120271800,0.0,0.0
2000-12-20,13.596194235675307,13.973314951701337,13.139679684696429,13.179376602172852,149037800,0.0,0.0
2000-12-21,12.94119586532922,14.330588059459657,12.802256645916177,13.794679641723633,163173000,0.0,0.0
2000-12-22,14.211497577651834,14.965739069203188,14.211497577651834,14.747406005859375,109551800,0.0,0.0
2000-12-26,14.886343955993652,15.422252338409425,14.56876861826579,14.886343955993652,66941600,0.0,0.0
2000-12-27,14.64816370433946,14.866496767683273,14.290891418867766,14.747406005859375,69003800,0.0,0.0
2000-12-28,14.330588893168104,14.687861192443762,13.933619671750705,14.151952743530273,77619200,0.0,0.0
2000-12-29,13.953468884789634,14.548922749005408,13.655741952681748,13.774832725524902,99977600,0.0,0.0
2001-01-02,14.013014271211212,14.290892741178572,13.616045028400697,13.774832725524902,82413200,0.0,0.0
2001-01-03,13.715287050647563,15.521497067447747,13.695438588924484,15.223770141601562,135962200,0.0,0.0
2001-01-04,15.184069485818187,16.03755313011908,14.886342633155085,15.382554054260254,112397000,0.0,0.0
2001-01-05,15.402404610437292,15.83907072052701,15.104677717194303,15.600889205932617,93414600,0.0,0.0
2001-01-08,15.54133987426758,15.799369782780323,14.826795512232287,15.541339874267578,79817600,0.0,0.0
2001-01-09,15.878770779930639,16.712406245877,15.799376926030986,16.454376220703125,114965400,0.0,0.0
2001-01-10,16.196343820991245,17.089524546413557,16.116949978731483,16.791797637939453,90230200,0.0,0.0
2001-01-11,16.831491747769444,17.70482386675748,16.613158718022433,17.466642379760742,101854800,0.0,0.0
2001-01-12,17.426948186393094,17.46664510709103,16.672706693132344,16.99028205871582,73712000,0.0,0.0
2001-01-16,16.950584447908344,16.990281366990097,16.236039904436797,16.692554473876953,68462400,0.0,0.0
2001-01-17,17.029974702116732,17.426943809392178,16.6925509609326,16.811641693115234,72844200,0.0,0.0
2001-01-18,17.049829457257243,17.843767965162122,16.712405591397673,17.62543487548828,109788800,0.0,0.0
2001-01-19,19.054521654472975,19.511036235778057,18.69724937345161,19.37209701538086,209348800,0.0,0.0
2001-01-22,19.292703814912983,19.37209765777271,18.736946914894915,19.094219207763672,76673000,0.0,0.0
2001-01-23,18.97513189010699,19.352252712190705,18.717101853944445,19.23316192626953,70295200,0.0,0.0
2001-01-24,19.37209037470131,20.14618005155925,19.29269656169024,19.98739242553711,110455000,0.0,0.0
2001-01-25,19.92785191704699,20.324821078741152,19.550731213437533,19.630125045776367,85657400,0.0,0.0
2001-01-26,19.37209364771843,20.42406184785068,19.37209364771843,20.324819564819336,93080000,0.0,0.0
2001-01-29,20.18588326143664,20.52330707209979,20.166034801985866,20.483610153198242,84983800,0.0,0.0
2001-01-30,20.483605424327965,20.562999243802103,19.967545597746057,20.126333236694336,57276800,0.0,0.0
2001-01-31,20.00724122468134,20.24542266783231,19.372090709612092,19.391939163208008,81898800,0.0,0.0
2001-02-01,19.31254827426765,19.888153515741198,19.173609078049896,19.808759689331055,71792800,0.0,0.0
2001-02-02,19.848457955873023,20.126336367255245,19.29270113310858,19.312549591064453,71100000,0.0,0.0
2001-02-05,19.292698233688153,19.70951578811969,19.133910593904712,19.669818878173828,51399200,0.0,0.0
2001-02-06,19.70952133651261,20.265278232204807,19.590430573149995,19.868309020996094,96442000,0.0,0.0
2001-02-07,19.689670079917725,20.662244509268497,19.630124706692165,20.543153762817383,126061800,0.0,0.0
2001-02-08,20.245428889630787,20.483610405979384,19.689672018150727,19.769065856933594,88041200,0.0,0.0
2001-02-09,19.47133987499342,19.550733717501036,18.57815914678271,18.776643753051758,100575200,0.0,0.0
2001-02-12,18.67739736070024,18.87588192351321,18.161337497386526,18.657548904418945,71289400,0.0,0.0
2001-02-13,18.935430745945325,19.39194532367776,18.45906770831148,18.47891616821289,76070600,0.0,0.0
2001-02-14,18.300280164600185,18.7369462856644,17.90331096363272,18.538461685180664,61728400,0.0,0.0
2001-02-15,18.736942141266358,19.114062798770657,18.379669939420175,18.677396774291992,65627800,0.0,0.0
2001-02-16,18.101796057648073,18.4987652694386,17.8239176093947,18.201038360595703,66958400,0.0,0.0
2001-02-20,18.220883145428346,18.498761537624418,17.585732534694458,17.74452018737793,60730800,0.0,0.0
2001-02-21,17.546039657592775,18.43922040939331,17.52619119644165,17.863615036010742,63947200,0.0,0.0
2001-02-22,17.883456237723845,18.042243862476113,17.109366567056554,17.52618408203125,100816400,0.0,0.0
2001-02-23,17.288006954781284,18.260581398850494,17.248310038696825,18.02239990234375,92620600,0.0,0.0
2001-02-26,18.3002803878544,19.03467341860344,18.22088654669234,18.91558265686035,87936800,0.0,0.0
2001-02-27,18.856027603149414,19.431632656298184,18.632732539427906,18.856027603149414,99148600,0.0,0.0
2001-02-28,18.91558224467908,19.079332038507623,18.47891612780296,18.73694610595703,84608400,0.0,0.0
2001-03-01,18.59800636269413,18.895733252171624,17.863613368649645,18.85107421875,81781600,0.0,0.0
2001-03-02,18.260589734196266,18.45907440522014,17.923165793455684,18.002559661865234,79800800,0.0,0.0
2001-03-05,18.18118682130766,18.6178528803347,17.96285379179414,18.240732192993164,49383600,0.0,0.0
2001-03-06,18.617845629542657,19.054511518508477,18.538451831548873,18.87587547302246,66781800,0.0,0.0
2001-03-07,19.014823882145198,19.41179306548852,18.836187749640704,19.27285385131836,59743600,0.0,0.0
2001-03-08,19.153761360715713,19.24307941887449,18.558307639657194,18.81633758544922,54626000,0.0,0.0
2001-03-09,18.399529003912978,18.478922872322528,17.426954115896002,18.002559661865234,103794400,0.0,0.0
2001-03-12,17.367404290485037,17.46664660071638,16.394829650217876,16.49407196044922,114376000,0.0,0.0
2001-03-13,16.57345997283478,17.387246630183554,16.51391460766292,17.20861053466797,91035600,0.0,0.0
2001-03-14,16.67270580927531,17.546038018332588,16.573463512791527,17.14906883239746,90686200,0.0,0.0
2001-03-15,17.565883618711176,17.809027205523847,16.990278392787307,17.049823760986328,71638400,0.0,0.0
2001-03-16,16.672713551734322,17.50634922932104,16.66775143460583,17.327713012695312,112848800,0.0,0.0
2001-03-19,17.307853549478793,17.62542884396464,16.87118751956075,17.248308181762695,61036400,0.0,0.0
2001-03-20,17.327703957880093,17.823915411427635,16.712401755481142,16.732250213623047,91822800,0.0,0.0
2001-03-21,16.593318877297545,16.91089435820276,15.799380175034504,15.898622512817383,124988600,0.0,0.0
2001-03-22,16.057403571075863,17.168917291694218,16.037555111779106,17.14906883239746,126363200,0.0,0.0
2001-03-23,17.446792627829875,18.101791668465125,17.268156525838442,17.962852478027344,99519600,0.0,0.0
2001-03-26,18.141491412584863,18.260582165840344,17.64527994068703,17.804067611694336,63118600,0.0,0.0
2001-03-27,17.804066127973567,18.59800441684641,17.744520756308102,18.498762130737305,95135600,0.0,0.0
2001-03-28,18.22088814425388,18.399524302530878,17.585737359268993,17.645282745361328,78681600,0.0,0.0
2001-03-29,17.585735321044922,18.161340653223593,17.327705344551035,17.585735321044922,86985000,0.0,0.0
2001-03-30,17.704819083077567,17.843758246285574,17.10936552647182,17.367395401000977,91201600,0.0,0.0
2001-04-02,17.40709887480015,18.08194649366355,17.347553496665142,17.724674224853516,75924000,0.0,0.0
2001-04-03,17.56588665607104,17.56588665607104,16.75209981663724,16.950584411621094,94187600,0.0,0.0
2001-04-04,16.950586587513396,17.46664660071638,16.21619349180146,16.49407196044922,104046600,0.0,0.0
2001-04-05,17.069673916316766,18.22088448276604,16.99028008414785,18.02239990234375,113364000,0.0,0.0
2001-04-06,17.903312551564184,18.161342555078967,17.486494853578765,17.843767166137695,92622000,0.0,0.0
2001-04-09,17.96523694929994,18.235175504656265,17.676243437354046,18.149431228637695,56295600,0.0,0.0
2001-04-10,18.40349278522242,19.083103877703408,18.349504342802234,18.952898025512695,109199400,0.0,0.0
2001-04-11,19.260947588632973,19.53088618135467,18.95925073053264,19.06722640991211,109879600,0.0,0.0
2001-04-12,18.91478130820791,19.7881131987088,18.848089588592373,19.746828079223633,87520000,0.0,0.0
2001-04-16,19.49911810288493,19.556281736792958,19.09262101604412,19.305397033691406,65857400,0.0,0.0
2001-04-17,19.21966027371532,19.72460512726372,19.067224251515363,19.524532318115234,85149200,0.0,0.0
2001-04-18,20.131099600349827,21.058418965200243,20.0072454177866,20.778953552246094,156696400,0.0,0.0
2001-04-19,20.899626630398725,21.91269246308002,20.880572890543643,21.607820510864258,159375600,0.0,0.0
2001-04-20,22.325545718989577,22.579604518443745,21.753909180129785,21.912696838378906,192919600,0.0,0.0
2001-04-23,21.630052517785266,21.7443798124345,21.24578671967811,21.67451286315918,92171200,0.0,0.0
2001-04-24,21.658629524650564,22.208035733754393,21.322000559167773,21.452207565307617,89176600,0.0,0.0
2001-04-25,21.458563952883104,22.1635815403493,21.356939948927177,22.131824493408203,76744000,0.0,0.0
2001-04-26,22.25249911454002,22.547844213121124,21.67451221895094,21.953977584838867,118737600,0.0,0.0
2001-04-27,22.081021813621742,22.12865861821198,21.02667136101596,21.31566619873047,121572400,0.0,0.0
2001-04-30,21.763438288838092,21.9317528362166,21.493499726651372,21.515729904174805,74368200,0.0,0.0
2001-05-01,21.48714564211667,22.32554422784188,21.468089476822538,22.284257888793945,83702800,0.0,0.0
2001-05-02,22.5478454124603,22.59548219016665,22.02384570350479,22.154052734375,92864400,0.0,0.0
2001-05-03,21.992095754246876,22.287440963819506,21.639586877566384,21.76344108581543,66273400,0.0,0.0
2001-05-04,21.59512404586738,22.56372984355832,21.58242074097383,22.468456268310547,119538400,0.0,0.0
2001-05-07,22.49385693649606,22.913056195623795,22.45257060077062,22.668521881103516,109356200,0.0,0.0
2001-05-08,22.786024340479795,22.89717519414466,22.468449088347672,22.884471893310547,75084000,0.0,0.0
2001-05-09,22.624061872216103,22.643118036258905,22.185808865744658,22.3572998046875,76676600,0.0,0.0
2001-05-10,22.589127654441107,22.624061127311144,22.217565177085635,22.230268478393555,64334600,0.0,0.0
2001-05-11,22.21757149509112,22.23027480001148,21.801548556307075,22.039730072021484,51128800,0.0,0.0
2001-05-14,21.95397894688392,21.976209120289333,21.69039329733608,21.823774337768555,44968000,0.0,0.0
2001-05-15,21.83012895145348,22.007972795608012,21.595123870104718,21.68086814880371,61385600,0.0,0.0
2001-05-16,21.49984467515475,22.19215885633414,21.382343376651317,21.9635066986084,91893800,0.0,0.0
2001-05-17,21.944448229814714,22.274726764600747,21.45220806984945,21.64910316467285,106984800,0.0,0.0
2001-05-18,21.496674809571573,21.976211812185653,21.356940889388675,21.623703002929688,90605400,0.0,0.0
2001-05-21,21.611001336769117,22.22709580547653,21.515727772304444,21.846006393432617,103491600,0.0,0.0
2001-05-22,22.0555957021925,22.341413854221145,21.969851468037103,22.328710556030273,83455600,0.0,0.0
2001-05-23,22.3541279888127,22.738393859464573,22.074662561858858,22.135000228881836,93637400,0.0,0.0
2001-05-24,22.211213340555553,22.795550626516732,21.99843608566765,22.77649688720703,80781600,0.0,0.0
2001-05-25,22.757447608220737,22.833665003304517,22.344598740944605,22.51926612854004,52747600,0.0,0.0
2001-05-29,22.484336001340154,22.786031618060818,22.246154486168784,22.33824920654297,71210800,0.0,0.0
2001-05-30,22.090542875522633,22.4144711231485,21.801550536782116,21.973041534423828,86501800,0.0,0.0
2001-05-31,22.068307647827147,22.35094948033439,21.722151722384005,21.969860076904297,70682600,0.0,0.0
2001-06-01,22.103244123321364,22.452576527657836,21.81742582053419,22.33824920654297,57587600,0.0,0.0
2001-06-04,22.40494249914451,22.55420088231581,22.16676098039914,22.477983474731445,43736600,0.0,0.0
2001-06-05,22.471624338659083,23.20839878798036,22.389054099028915,23.05596160888672,89454200,0.0,0.0
2001-06-06,23.14807189187257,23.335442647333796,22.722521997180934,22.97975730895996,80022800,0.0,0.0
2001-06-07,22.903539434704555,23.414836038486687,22.890836127559325,23.398956298828125,66960000,0.0,0.0
2001-06-08,23.40530121489313,23.421180950802444,22.881303850591024,23.24333953857422,51867000,0.0,0.0
2001-06-11,23.13536835225206,23.13536835225206,22.709818461831937,22.903539657592773,47345600,0.0,0.0
2001-06-12,22.554197607773684,22.995629520834022,22.4875070829564,22.89082908630371,66714600,0.0,0.0
2001-06-13,22.881302573343202,22.960696402642924,22.433520213097218,22.449399948120117,55302400,0.0,0.0
2001-06-14,22.300142686389584,22.404943139128964,21.72215561464058,21.880943298339844,71972400,0.0,0.0
2001-06-15,21.439514967097644,21.690399812550485,21.087006095136754,21.601476669311523,108354400,0.0,0.0
2001-06-18,21.579250359392876,21.582426792233786,20.963155648215597,21.239444732666016,56846800,0.0,0.0
2001-06-19,21.66181322466917,21.865061244439673,21.22991057692998,21.37917137145996,63457400,0.0,0.0
2001-06-20,21.322008419215866,22.100067043469103,21.309305114696894,22.042905807495117,64108400,0.0,0.0
2001-06-21,21.960333300549188,22.404939221751842,21.887289912739334,22.179458618164062,69603800,0.0,0.0
2001-06-22,22.230275748901036,22.423996917116938,21.779319308064053,21.858713150024414,51092000,0.0,0.0
2001-06-25,21.944458466670856,22.16993669770757,21.522082626053344,21.86506462097168,49215600,0.0,0.0
2001-06-26,21.537956105311615,22.296960855792292,21.499846198204114,22.274730682373047,63077000,0.0,0.0
2001-06-27,22.18581951509752,22.716169896475474,22.02703180166161,22.592315673828125,69199800,0.0,0.0
2001-06-28,22.722514652042964,24.18336060968718,22.398586475416973,23.100427627563477,128975600,0.0,0.0
2001-06-29,23.055969939913805,23.313207621152724,22.674880488837267,23.183000564575195,94283800,0.0,0.0
2001-07-02,22.881294289076415,23.230626526936547,22.277900920278096,22.420808792114258,72810200,0.0,0.0
2001-07-03,22.325544640652247,22.48433229123183,22.20804090697674,22.379531860351562,28037400,0.0,0.0
2001-07-05,22.300137350382236,22.458924996086573,21.734853719339945,21.757083892822266,49242600,0.0,0.0
2001-07-06,21.690391405116987,21.72214844679614,20.855166913804116,20.979021072387695,67467800,0.0,0.0
2001-07-09,21.023482414344013,21.24896299366675,20.655096352127785,20.861520767211914,66476600,0.0,0.0
2001-07-10,20.928218975497373,21.039369878955544,20.435976145015225,20.477262496948242,66562600,0.0,0.0
2001-07-11,20.39150768546764,21.198149157646007,20.388331254370883,21.118755340576172,73822600,0.0,0.0
2001-07-12,22.452575493941236,22.881304139837162,22.33507416919403,22.738393783569336,128078000,0.0,0.0
2001-07-13,22.674877012225018,22.865421708548133,22.528792664280388,22.655820846557617,58934600,0.0,0.0
2001-07-16,22.690757169759905,22.91623779427176,22.277910679759177,22.605012893676758,55990800,0.0,0.0
2001-07-17,22.439877596441846,22.868603876439273,22.274737041405228,22.808263778686523,63241000,0.0,0.0
2001-07-18,22.42082371922667,22.706642076094806,22.188995024089497,22.411296844482422,57590800,0.0,0.0
2001-07-19,22.617715812930097,23.182999523228546,22.617715812930097,23.04644203186035,76549400,0.0,0.0
2001-07-20,21.604647985254513,22.039727032878194,21.576067370305555,21.969860076904297,124203600,0.0,0.0
2001-07-23,21.988920891997,21.988920891997,21.071128143332704,21.306133270263672,79999400,0.0,0.0
2001-07-24,21.27754723937743,21.591946139575025,20.864698338704123,21.061595916748047,67530200,0.0,0.0
2001-07-25,21.042550234709918,21.44269356176629,20.83612570528078,21.42999267578125,74065400,0.0,0.0
2001-07-26,21.315657740352027,21.37917183932996,20.80118481616355,21.147340774536133,77974000,0.0,0.0
2001-07-27,20.97585845739002,21.039372575246315,20.65828302229196,20.791664123535156,65396000,0.0,0.0
2001-07-30,20.84882279106335,21.239439125582674,20.81388930776062,20.896459579467773,42196400,0.0,0.0
2001-07-31,20.963147700668074,21.40140077313751,20.91233448611122,21.02031135559082,59031600,0.0,0.0
2001-08-01,21.21403046933482,21.217204477760824,20.883751874990462,21.109230041503906,55679000,0.0,0.0
2001-08-02,21.34423662809087,21.449037063527296,21.042541048036473,21.420454025268555,54198400,0.0,0.0
2001-08-03,21.372827558350576,21.391881308953828,20.959978527286175,21.24262046813965,43260400,0.0,0.0
2001-08-06,21.128281810186678,21.31565247482899,20.85834332185098,21.001251220703125,27831600,0.0,0.0
2001-08-07,20.97267364560243,21.293425385318752,20.956793911028498,21.071121215820312,31347800,0.0,0.0
2001-08-08,21.12193446700948,21.353763085608755,20.480430986396044,20.59793472290039,54996400,0.0,0.0
2001-08-09,20.63604197728296,20.81705978309654,20.42009069816264,20.64556884765625,45536200,0.0,0.0
2001-08-10,20.569353666957642,20.915512046817238,19.97548933293762,20.80753517150879,51756400,0.0,0.0
2001-08-13,20.718617951539862,20.956799496182192,20.56300668745444,20.905988693237305,32675400,0.0,0.0
2001-08-14,20.88057239002539,20.988546810491833,20.46772360174428,20.543943405151367,36481200,0.0,0.0
2001-08-15,20.55030088623607,20.658277766611278,20.070762634277344,20.070762634277344,39503000,0.0,0.0
2001-08-16,19.95643220511504,20.550297685974034,19.911971856268885,20.521717071533203,43905600,0.0,0.0
2001-08-17,20.25494823875727,20.366099087183873,19.53087708568477,19.65155601501465,52234200,0.0,0.0
2001-08-20,19.581697186385252,19.927854386740577,19.403854543782575,19.911975860595703,48371200,0.0,0.0
2001-08-21,19.91197027990797,20.070757919761377,19.279994940251846,19.30222511291504,47111800,0.0,0.0
2001-08-22,19.413378977468266,19.419730629022407,18.76234983633947,19.264118194580078,78107200,0.0,0.0
2001-08-23,19.26729258231558,19.54040753007727,18.7369424207184,18.77505111694336,51813200,0.0,0.0
2001-08-24,18.927487597179095,19.77858950716784,18.809985074133575,19.705547332763672,63399000,0.0,0.0
2001-08-27,19.65791632101132,20.12157608068544,19.553115865102747,19.788122177124023,44562800,0.0,0.0
2001-08-28,19.797649941908528,19.99137112443229,19.23871778626569,19.28952980041504,47422800,0.0,0.0
2001-08-29,19.387980784702908,19.46737464640231,18.90844239307837,19.133920669555664,48170000,0.0,0.0
2001-08-30,18.749645819342717,18.946542164209692,17.949355925796596,18.08273696899414,97632000,0.0,0.0
2001-08-31,18.05415285822684,18.438419839525984,17.87948670933821,18.11766815185547,57900800,0.0,0.0
2001-09-04,18.162136229591713,18.762354738001683,17.80645212981297,17.81597900390625,67189200,0.0,0.0
2001-09-05,17.841379827423193,18.543220925147462,17.59049505844186,18.3367977142334,89470600,0.0,0.0
2001-09-06,17.962058340666918,18.543220475302917,17.752458703534558,17.79056739807129,112356800,0.0,0.0
2001-09-07,17.819149967037124,18.216119085135606,17.56508997374482,17.593671798706055,89863800,0.0,0.0
2001-09-10,17.441232685311444,18.40348654621619,17.371366951949444,18.28598403930664,84471800,0.0,0.0
2001-09-17,17.15542059156066,17.498401340388106,16.767978276010446,16.80291175842285,127502000,0.0,0.0
2001-09-18,16.9616988566844,17.466643695615808,16.885480242063867,17.25069236755371,83182600,0.0,0.0
2001-09-19,17.29515570997815,17.37137433776955,16.069314492223246,17.107786178588867,126950200,0.0,0.0
2001-09-20,16.62506182176699,16.707632055092972,16.09153537003382,16.1201171875,117983200,0.0,0.0
2001-09-21,15.218201312452539,16.069302850850132,15.084820324762658,15.786661148071289,184976600,0.0,0.0
2001-09-24,16.085195908793086,16.656831436760516,15.83748625122571,16.51709747314453,85580200,0.0,0.0
2001-09-25,16.599666883600808,16.831496788329734,15.929582572345977,16.29161834716797,84940600,0.0,0.0
2001-09-26,16.358305576531453,16.450402717829302,15.735858187708255,15.964512825012207,58524400,0.0,0.0
2001-09-27,15.910528251863242,16.09472257921227,15.243620346294499,15.866067886352539,81191200,0.0,0.0
2001-09-28,15.758084725190352,16.383708401385565,15.55483674406898,16.25032615661621,116641200,0.0,0.0
2001-10-01,16.177287706760648,16.67270568318435,16.00897316086229,16.447227478027344,69999600,0.0,0.0
2001-10-02,16.39641378379674,17.006157804538216,16.374183608756393,16.847370147705078,80860800,0.0,0.0
2001-10-03,16.666354103711914,18.079564643419488,16.640948705849166,17.857261657714844,97199200,0.0,0.0
2001-10-04,18.076384276316617,18.546396754721197,17.850906119260685,17.923948287963867,101778000,0.0,0.0
2001-10-05,17.835032063202764,18.41937077058998,17.447589738638914,18.3304500579834,80844400,0.0,0.0
2001-10-08,18.03827775974911,18.625792822955372,18.019224016063237,18.432071685791016,60605800,0.0,0.0
2001-10-09,18.260581030257693,18.28281120589997,17.209406277436045,17.3269100189209,99477600,0.0,0.0
2001-10-10,17.022037938238,17.704825411794555,16.831493216593927,17.62860679626465,86349200,0.0,0.0
2001-10-11,17.707993094682134,18.05097490139383,17.336430682197747,17.885835647583008,83742600,0.0,0.0
2001-10-12,17.688944481201464,17.987464827566058,17.32373240102311,17.904895782470703,63307000,0.0,0.0
2001-10-15,17.75246052733683,18.578155858697468,17.73658079248269,18.43842315673828,68437000,0.0,0.0
2001-10-16,18.378088246872903,18.708366957001914,18.168488529186035,18.56228256225586,66169000,0.0,0.0
2001-10-17,18.775050829344472,18.832214478533075,17.777864611315554,17.793743133544922,73710600,0.0,0.0
2001-10-18,17.892194066044876,18.28598800664234,17.625430741499173,18.02239990234375,78348000,0.0,0.0
2001-10-19,18.22882751198112,18.422547478448895,17.666718937364536,18.387615203857422,91219600,0.0,0.0
2001-10-22,18.387608051150107,19.11167925677993,18.251050592340487,19.105327606201172,72323600,0.0,0.0
2001-10-23,19.20378149057796,19.5118287512912,18.863975968507713,19.191078186035156,80325000,0.0,0.0
2001-10-24,19.21330697613077,19.568990997473588,18.933840353634555,19.473718643188477,79141400,0.0,0.0
2001-10-25,19.24823780708825,19.880211932343276,18.91795922698474,19.867509841918945,75318200,0.0,0.0
2001-10-26,19.79129206062433,20.207316128428918,19.715074669112,19.753183364868164,64509400,0.0,0.0
2001-10-29,19.721426239714166,19.753184497543362,18.908434222545367,18.9401912689209,55129400,0.0,0.0
2001-10-30,18.711535556506202,18.908433109091597,18.479705739546233,18.698833465576172,57395600,0.0,0.0
2001-10-31,18.832211765785583,19.286344462559345,18.451121229908196,18.46700096130371,64700000,0.0,0.0
2001-11-01,19.079926737743094,19.769064634258804,18.927489510628533,19.638858795166016,109671200,0.0,0.0
2001-11-02,19.6674429013102,20.0136001055376,19.216485242737352,19.499128341674805,83360000,0.0,0.0
2001-11-05,19.645215311826895,20.334353378987974,19.6102818224401,20.09299659729004,66401600,0.0,0.0
2001-11-06,19.911974649664167,20.62334396535961,19.740483670239307,20.57253074645996,68612000,0.0,0.0
2001-11-07,20.394691799733796,20.65827995320331,20.334351700698914,20.404218673706055,58899000,0.0,0.0
2001-11-08,20.470903757591312,20.979023758230834,20.21684375727155,20.458200454711914,74227800,0.0,0.0
2001-11-09,20.432788429626026,20.848813614136546,20.296232199978636,20.70907974243164,48013600,0.0,0.0
2001-11-12,20.547125431429144,21.09970831868984,20.213672747297128,20.89328384399414,57752800,0.0,0.0
2001-11-13,21.214037301934678,21.579247066941935,21.150520769349257,21.563369750976562,60159600,0.0,0.0
2001-11-14,21.6681714958291,21.703102562184856,20.89328671275134,20.9440975189209,88625600,0.0,0.0
2001-11-15,20.99172262367908,21.293420551747612,20.78529823561256,20.998075485229492,77922000,0.0,0.0
2001-11-16,21.074300149599527,21.153693986081468,20.626517748845718,20.880578994750977,59249000,0.0,0.0
2001-11-19,21.03936116548803,21.268015742423355,20.86469380174383,21.131458282470703,56005000,0.0,0.0
2001-11-20,21.102884790922186,21.531613527986266,20.651928295229432,20.769432067871094,65921800,0.0,0.0
2001-11-21,20.43914197334793,20.51535935004722,20.159675432059363,20.340694427490234,50785200,0.0,0.0
2001-11-23,20.445500151195688,20.582057648548158,20.204143418348195,20.55030059814453,15754600,0.0,0.0
2001-11-26,20.639216632546507,20.867871220302295,20.451848381578735,20.686853408813477,41983600,0.0,0.0
2001-11-27,20.575713963793078,20.664634703283962,19.927859746620083,20.242259979248047,90819000,0.0,0.0
2001-11-28,20.06123192715835,20.362929928048928,19.92149922565608,19.943729400634766,54536600,0.0,0.0
2001-11-29,20.045356364423636,20.6106413284604,19.991369134774192,20.591585159301758,54034400,0.0,0.0
2001-11-30,20.534420350524975,20.667801396907866,20.30258931217703,20.391510009765625,48234200,0.0,0.0
2001-12-03,20.270837699688034,20.715443729710106,20.261309614211324,20.56935691833496,47211800,0.0,0.0
2001-12-04,20.64239516402736,20.985377080558187,20.356576900251667,20.959970474243164,51005800,0.0,0.0
2001-12-05,21.11558041874672,21.649107004506895,20.70590800263559,21.626876831054688,74243000,0.0,0.0
2001-12-06,21.588771214931906,21.91269697368098,21.452213731078178,21.801546096801758,56026200,0.0,0.0
2001-12-07,21.674516848611358,21.861885135296035,21.13463974242435,21.541135787963867,42334800,0.0,0.0
2001-12-10,21.44267701760281,21.738022058503432,21.2330786398479,21.296592712402344,38367400,0.0,0.0
2001-12-11,21.487148244848516,21.636406616470982,21.29977753802125,21.37917137145996,54334000,0.0,0.0
2001-12-12,21.328360327734607,21.58877200144198,21.03936561441274,21.579242706298828,47884200,0.0,0.0
2001-12-13,21.318834164508853,21.67134302646004,20.982205040554977,21.045719146728516,53227800,0.0,0.0
2001-12-14,20.966332607808372,21.57925339528219,20.937751976944348,21.41729164123535,43000600,0.0,0.0
2001-12-17,21.331537995939737,21.947635017216804,21.32836398658834,21.90635108947754,57079800,0.0,0.0
2001-12-18,21.8872889192896,22.039726128148498,21.78566492101941,21.99843978881836,47255200,0.0,0.0
2001-12-19,21.792020787722826,22.195340405010654,21.738031138303292,22.068309783935547,56996200,0.0,0.0
2001-12-20,21.960329119940326,21.992086160500467,21.15686412152505,21.201324462890625,78585000,0.0,0.0
2001-12-21,21.598298340977284,21.601472349705897,21.277546587145046,21.449037551879883,84307600,0.0,0.0
2001-12-24,21.50620113499884,21.604648709220644,21.341060611179937,21.363290786743164,11701600,0.0,0.0
2001-12-26,21.41092568651429,21.934925404887185,21.40139881538323,21.49349594116211,29328000,0.0,0.0
2001-12-27,21.588771694540124,21.820600325337377,21.36011707250465,21.5474853515625,32406600,0.0,0.0
2001-12-28,21.66816604360761,21.86506119946985,21.499849081821406,21.5538387298584,28787200,0.0,0.0
2001-12-31,21.54430547762961,21.747555882559062,21.03936195373535,21.03936195373535,43006200,0.0,0.0
2002-01-02,21.166394694959052,21.312479045422084,20.80435903883169,21.29024887084961,48124000,0.0,0.0
2002-01-03,21.31247825615601,21.992089194097716,21.306125393423535,21.98573875427246,67590800,0.0,0.0
2002-01-04,21.992094192347775,22.20169509782653,21.807899897758766,21.880943298339844,52731400,0.0,0.0
2002-01-07,22.150881846925586,22.23662612993104,21.706275848570616,21.772966384887695,58508800,0.0,0.0
2002-01-08,21.814255128720664,22.185817767392578,21.595127326110443,22.03338050842285,47736400,0.0,0.0
2002-01-09,22.14135033415058,22.427168589125564,21.769787814136734,21.820598602294922,76304000,0.0,0.0
2002-01-10,21.747560518753964,22.166759873904404,21.636407210561718,22.001619338989258,50296600,0.0,0.0
2002-01-11,22.077837372235518,22.331898622621996,21.626880954561788,21.78884506225586,72993200,0.0,0.0
2002-01-14,21.69040134244308,21.925406466023357,21.512557466329177,21.744388580322266,50997800,0.0,0.0
2002-01-15,21.80472424231348,22.109596281249175,21.753911024370403,22.087366104125977,60717400,0.0,0.0
2002-01-16,21.86506119946985,22.17946010082642,21.54748586636816,21.5538387298584,61955400,0.0,0.0
2002-01-17,21.763426885181392,22.230262791467222,21.7221429836721,22.185802459716797,78958000,0.0,0.0
2002-01-18,21.309301207655253,21.547482672173544,20.775774630217988,20.99172592163086,107140400,0.0,0.0
2002-01-22,21.15368485826403,21.16003529636302,20.404207171441588,20.470897674560547,76837200,0.0,0.0
2002-01-23,20.34070880615168,20.5503073459647,20.083472252183345,20.242259979248047,80403000,0.0,0.0
2002-01-24,20.356581722559792,20.699563720340258,20.261309349216535,20.515369415283203,83886000,0.0,0.0
2002-01-25,20.38516408383781,20.59476257129472,20.169211520602573,20.261308670043945,48981200,0.0,0.0
2002-01-28,20.397859528078204,20.45184673948947,19.978659080365897,20.26765251159668,41622000,0.0,0.0
2002-01-29,20.293065647103433,20.483610375315532,19.68649676816852,19.791296005249023,58666000,0.0,0.0
2002-01-30,19.83258057399038,19.97548972179379,19.476896526143744,19.959609985351562,66100000,0.0,0.0
2002-01-31,20.026301893971237,20.264483405125468,19.72778029132749,20.232725143432617,69566200,0.0,0.0
2002-02-01,20.37245490165812,20.483605766195584,19.838928328971157,19.899267196655273,63462200,0.0,0.0
2002-02-04,19.816705076654575,19.90880102023963,19.29270519180182,19.410207748413086,70308400,0.0,0.0
2002-02-05,19.30857715576267,19.762709911876595,19.213304812207728,19.419729232788086,66772600,0.0,0.0
2002-02-06,19.56581490388592,19.65473560238882,19.133912291522694,19.181549072265625,66103000,0.0,0.0
2002-02-07,19.14978876603535,19.565812810797212,18.9751226077526,18.99100112915039,63314000,0.0,0.0
2002-02-08,19.092632398102584,19.264123402060907,18.682961059474124,19.260948181152344,61283000,0.0,0.0
2002-02-11,19.05770005541454,19.44831888059758,18.924318963072285,19.41338539123535,50899600,0.0,0.0
2002-02-12,19.210132041145396,19.324458141112594,19.060871249962105,19.098979949951172,44973800,0.0,0.0
2002-02-13,19.137083782507418,19.65155655304771,19.038636231620888,19.63250160217285,54168600,0.0,0.0
2002-02-14,19.689665287529095,20.00406531467592,19.473714022943145,19.588041305541992,57267000,0.0,0.0
2002-02-15,19.594395728040137,19.708723026813875,19.11803279078529,19.127559661865234,50179800,0.0,0.0
2002-02-19,19.02594354147166,19.098985743379487,18.609919301261918,18.714719772338867,52262600,0.0,0.0
2002-02-20,18.863974637365267,19.168846656156315,18.673428717030575,19.022762298583984,50492000,0.0,0.0
2002-02-21,18.9655968831116,19.14026305194773,18.422542211448835,18.435245513916016,59398400,0.0,0.0
2002-02-22,18.43525629855965,18.657559375968436,18.149439094566336,18.416202545166016,71347800,0.0,0.0
2002-02-25,18.400313207785413,19.019585310718575,18.38443468441865,18.76235008239746,51832200,0.0,0.0
2002-02-26,18.76870807456318,19.054526455984615,18.38761851460682,18.59404182434082,63276200,0.0,0.0
2002-02-27,18.759179526916235,19.102161554050532,18.416198711235996,18.543228149414062,65750000,0.0,0.0
2002-02-28,18.667080294620224,18.959250271764127,18.46383224693086,18.527347564697266,68068000,0.0,0.0
2002-03-01,18.752820829570233,19.5054739355844,18.689305528611058,19.489595413208008,62115600,0.0,0.0
2002-03-04,19.448322905697257,20.166042956625446,19.33081910598635,20.102527618408203,74464200,0.0,0.0
2002-03-05,20.007247198906825,20.286713848193866,19.797647514805,20.03265380859375,55926400,0.0,0.0
2002-03-06,19.97866085523601,20.229545617673285,19.750006265525734,20.20731544494629,49835400,0.0,0.0
2002-03-07,20.220013278710795,20.28670499430526,19.645202917132202,19.918317794799805,58079200,0.0,0.0
2002-03-08,20.207320682924724,20.547125012897748,20.0612350952685,20.308944702148438,57701800,0.0,0.0
2002-03-11,20.16921522083073,20.642403149135344,20.0072522830081,20.432802200317383,43718200,0.0,0.0
2002-03-12,19.85481244019115,19.943733156853295,19.58487264661065,19.861164093017578,66407200,0.0,0.0
2002-03-13,19.71507366335914,20.013593985885183,19.673788538381498,19.721424102783203,44387400,0.0,0.0
2002-03-14,19.734126126481375,19.765884378812597,19.387969050518535,19.441957473754883,51819600,0.0,0.0
2002-03-15,19.372097581040034,19.851635856973605,19.36257070759985,19.845285415649414,69086800,0.0,0.0
2002-03-18,19.924676784701134,20.004070617390255,19.435610484587258,19.734130859375,52296800,0.0,0.0
2002-03-19,19.746839672006985,20.007251418956443,19.530888289933667,19.762718200683594,36376400,0.0,0.0
2002-03-20,19.499122012461,19.696018340147916,19.086273193359375,19.086273193359375,55235200,0.0,0.0
2002-03-21,19.121207615472258,19.559461847896085,19.000529879441732,19.486419677734375,46123400,0.0,0.0
2002-03-22,19.387968598669254,19.416550419374506,19.124381773457195,19.197423934936523,41341400,0.0,0.0
2002-03-25,19.20695526568962,19.30222761968392,18.78458071878187,18.809986114501953,47752400,0.0,0.0
2002-03-26,18.76870052258122,19.346687495597855,18.517816945897547,18.76235008239746,69357200,0.0,0.0
2002-03-27,18.6734304355644,19.016412396859575,18.606739902463833,18.876678466796875,47318400,0.0,0.0
2002-03-28,19.0386382511845,19.260941189158707,18.94654112936677,19.152965545654297,43901200,0.0,0.0
2002-04-01,19.000531422705464,19.181549252907477,18.800458637736096,19.17519760131836,47010000,0.0,0.0
2002-04-02,18.705192655288272,18.765531548747727,18.136732364784372,18.190719604492188,76509400,0.0,0.0
2002-04-03,18.241522723077132,18.295511147898267,17.625427147207898,17.889015197753906,76931400,0.0,0.0
2002-04-04,17.77787271796426,18.09227293186699,17.60003003812034,17.927133560180664,61763800,0.0,0.0
2002-04-05,18.066854427416907,18.19706022172046,17.733400682147163,17.74292755126953,50166000,0.0,0.0
2002-04-08,17.2443407524372,18.200243206065522,17.231637448064184,18.171661376953125,73389600,0.0,0.0
2002-04-09,18.206600020757634,18.23835707924115,17.403133357420128,17.425363540649414,63413000,0.0,0.0
2002-04-10,17.504752799397828,18.136728273399473,17.485699053895242,17.879491806030273,75636400,0.0,0.0
2002-04-11,17.749290136372938,17.92713280876256,17.307860493759257,17.39995765686035,58165800,0.0,0.0
2002-04-12,17.514284967282638,17.86679266726407,17.42218780436714,17.761993408203125,52297600,0.0,0.0
2002-04-15,17.784216907157912,18.022398383593064,17.593672210591247,17.685768127441406,47388800,0.0,0.0
2002-04-16,17.911250475920767,18.451127609333525,17.89854717099359,18.359031677246094,51921600,0.0,0.0
2002-04-17,18.4034904106716,18.508289638447597,17.917599337398634,17.984291076660156,55158600,0.0,0.0
2002-04-18,18.03510999459599,18.200249373039703,16.72987470862014,17.9017276763916,74794800,0.0,0.0
2002-04-19,18.241529225448257,18.413020219840107,18.057336136676728,18.165311813354492,104268600,0.0,0.0
2002-04-22,17.949363652260885,18.006527327224628,17.466648847819382,17.65401840209961,51465200,0.0,0.0
2002-04-23,17.688946636222003,17.727055337720003,16.926765337539326,17.145893096923828,68281400,0.0,0.0
2002-04-24,17.10142400481083,17.28561820197872,16.83148556987526,16.83783721923828,61220400,0.0,0.0
2002-04-25,16.799737055345457,17.291978621838883,16.793385402760876,17.063323974609375,57290400,0.0,0.0
2002-04-26,17.1712977304988,17.291976693238627,16.342425938191017,16.35512924194336,62776600,0.0,0.0
2002-04-29,16.345600548548394,16.802908529593783,16.33607246606894,16.590133666992188,70246000,0.0,0.0
2002-04-30,16.5456788414155,16.926769586416423,16.488515169092658,16.59649085998535,77384000,0.0,0.0
2002-05-01,16.564726710742836,16.89182886452664,16.088363786302622,16.75209617614746,76413000,0.0,0.0
2002-05-02,16.717167708122574,17.171300595688507,16.243981073202555,16.26303482055664,79009200,0.0,0.0
2002-05-03,16.27890980133368,16.41229206102889,15.723153010753242,15.739032745361328,71628000,0.0,0.0
2002-05-06,15.700922398951604,16.050255955892194,15.361116924801346,15.440510749816895,66299400,0.0,0.0
2002-05-07,15.618347357968311,15.970855999539081,15.354759378612451,15.710444450378418,88385400,0.0,0.0
2002-05-08,16.282091621285478,17.457120895385742,16.26621309287616,17.457120895385742,101242000,0.0,0.0
2002-05-09,17.27609538213095,17.466640061860748,16.482157197500918,16.55202293395996,83288200,0.0,0.0
2002-05-10,16.68222939419133,16.726689740420817,15.875589088055854,15.89464282989502,64408800,0.0,0.0
2002-05-13,16.021681089968858,16.802916376728046,15.799378041070005,16.733049392700195,64819000,0.0,0.0
2002-05-14,17.276095658217912,17.498397384304074,17.14271341111267,17.428531646728516,64832400,0.0,0.0
2002-05-15,17.304681839991908,17.923952820701402,17.104609024672147,17.387250900268555,70412000,0.0,0.0
2002-05-16,17.374547183786746,17.79374655070497,17.355493438033808,17.701650619506836,53406400,0.0,0.0
2002-05-17,17.850906782733524,17.911246863240155,17.552386445879172,17.793743133544922,54646200,0.0,0.0
2002-05-20,17.62543434472137,17.6413128721105,16.990283557524204,17.152246475219727,52115800,0.0,0.0
2002-05-21,17.13318624186165,17.33960944269521,16.555199341202048,16.57425308227539,63120000,0.0,0.0
2002-05-22,16.47262843311769,17.060143392278203,16.466276782529345,17.050615310668945,54169400,0.0,0.0
2002-05-23,17.053798854804256,17.41583460917023,16.8346710581956,17.409482955932617,51412800,0.0,0.0
2002-05-24,17.193531084286526,17.314210069331928,16.84419864670462,16.914064407348633,35982000,0.0,0.0
2002-05-28,17.018860325983205,17.050617371309436,16.43452172722377,16.61553955078125,49602000,0.0,0.0
2002-05-29,16.402763402791884,16.74256884938935,16.371005148488575,16.52979278564453,45393200,0.0,0.0
2002-05-30,16.39958966678312,16.9458196160335,16.33289913896638,16.717164993286133,63213000,0.0,0.0
2002-05-31,16.799730376140094,16.964868431868506,16.158228257590856,16.167755126953125,66468000,0.0,0.0
2002-06-03,16.193169790322333,16.39959306849473,15.615181461659269,15.694575309753418,88439000,0.0,0.0
2002-06-04,15.719982356452551,16.26938765505106,15.637413285195798,15.872418403625488,88008400,0.0,0.0
2002-06-05,16.015327234529494,16.43452665816938,15.983570179675011,16.40594482421875,66969400,0.0,0.0
2002-06-06,16.355129948136288,16.55837797113489,15.878766939938144,16.482160568237305,78703400,0.0,0.0
2002-06-07,15.84383026459527,16.704458968481408,15.834303394017208,16.5075626373291,97834400,0.0,0.0
2002-06-10,16.402767555640782,16.92676616404917,16.342427462914365,16.774330139160156,71825400,0.0,0.0
2002-06-11,16.90770128574725,17.206221486505175,16.64728855180361,16.69492530822754,74368200,0.0,0.0
2002-06-12,16.69810951713402,17.714349487378446,16.67270291215111,17.638132095336914,136198600,0.0,0.0
2002-06-13,17.41583138086954,17.619079400981928,17.21258336075715,17.218935012817383,79771600,0.0,0.0
2002-06-14,16.87912259984164,17.641302363592917,16.831485834596386,17.546030044555664,109433600,0.0,0.0
2002-06-17,17.676244554067246,17.92395294811185,17.584147408580044,17.68259620666504,94486600,0.0,0.0
2002-06-18,17.634958427708824,17.876316367057296,17.57779476899228,17.781044006347656,77518400,0.0,0.0
2002-06-19,17.615906069486936,17.765165668818106,17.25069391131434,17.263397216796875,81247000,0.0,0.0
2002-06-20,17.2665735950574,17.49840348411392,17.1173139857193,17.180828094482422,86401200,0.0,0.0
2002-06-21,16.95851597919898,17.323726728334723,16.60283088684082,16.60283088684082,116820000,0.0,0.0
2002-06-24,16.54249789969749,17.352314695622542,16.466279292472862,17.199878692626953,104523200,0.0,0.0
2002-06-25,17.37137549286671,17.466647875350535,16.7679817180457,16.81561851501465,84025200,0.0,0.0
2002-06-26,16.21222077053848,17.27292244843541,16.21222077053848,17.190353393554688,112131400,0.0,0.0
2002-06-27,17.33961059132159,17.44758623988609,16.78703025742661,17.441234588623047,95812400,0.0,0.0
2002-06-28,17.323731630662156,17.71752551883393,17.149065465434557,17.371368408203125,89555600,0.0,0.0
2002-07-01,17.187168304242284,17.272913747726996,16.698103450539598,16.723508834838867,66473800,0.0,0.0
2002-07-02,16.63459447772873,16.80608421824585,16.30114065653248,16.33607292175293,82814200,0.0,0.0
2002-07-03,16.27255765986021,16.679053625089896,16.021672901309092,16.463102340698242,80936600,0.0,0.0
2002-07-05,16.860077992775125,17.434889901477465,16.847374686057567,17.419010162353516,35673600,0.0,0.0
2002-07-08,17.279271391914502,17.444410687242872,16.69810924414785,16.80608367919922,63199400,0.0,0.0
2002-07-09,16.929940173081977,17.380896530741627,16.821964519473468,16.898181915283203,85277200,0.0,0.0
2002-07-10,17.050616867895002,17.21258094405625,16.555200191292563,16.590133666992188,90673400,0.0,0.0
2002-07-11,16.526621542498823,16.853723766080762,16.275736724676836,16.80291175842285,129550600,0.0,0.0
2002-07-12,16.948999791210486,17.06332713600717,16.348782442481973,16.46946144104004,95733800,0.0,0.0
2002-07-15,16.320187904621154,16.46944862321189,15.243608264755313,16.450393676757812,136965600,0.0,0.0
2002-07-16,16.2947889016697,16.76797541510257,16.08201282303099,16.275733947753906,97154600,0.0,0.0
2002-07-17,16.679057247577823,16.926765628757213,16.250329805397577,16.513917922973633,98034800,0.0,0.0
2002-07-18,16.53296654047469,16.748917788965272,16.08836074382858,16.23126983642578,91053600,0.0,0.0
2002-07-19,15.837480315790947,16.161407276246557,15.500851263683998,15.739032745361328,112543400,0.0,0.0
2002-07-22,15.545316332244438,15.875595044516425,14.576711588337929,15.088006973266602,180069800,0.0,0.0
2002-07-23,14.764073669773568,14.862521220371269,13.646208662250224,13.658910751342773,168061600,0.0,0.0
2002-07-24,13.25876807927639,14.722790329287744,13.150792434484021,14.68150520324707,202307800,0.0,0.0
2002-07-25,14.433802361937092,14.516371433982206,13.477899716963204,13.601755142211914,163411400,0.0,0.0
2002-07-26,13.890751665462457,14.421102121713503,13.871696701036552,14.402047157287598,123538000,0.0,0.0
2002-07-29,14.878406327661311,15.33889087897563,14.783133954292063,15.323012351989746,112148600,0.0,0.0
2002-07-30,15.10070914866938,15.507206460795155,15.030843388525119,15.275375366210938,122690600,0.0,0.0
2002-07-31,15.119761150532915,15.243615331266867,14.722792001281174,15.237263679504395,93875600,0.0,0.0
2002-08-01,15.110234269852269,15.272197149613412,14.44967702438271,14.529070854187012,92002800,0.0,0.0
2002-08-02,14.452850818102837,14.560826464438115,13.90979736658728,14.10351848602295,85947600,0.0,0.0
2002-08-05,14.06540802086529,14.344873366783247,13.912972047240922,13.970135688781738,78941600,0.0,0.0
2002-08-06,14.259136778867454,15.005438527951116,14.240081817629127,14.503668785095215,88715800,0.0,0.0
2002-08-07,14.926037585096546,15.021309923136249,14.341699043945265,14.954619407653809,86349400,0.0,0.0
2002-08-08,14.9609718101372,15.561188902545677,14.738668869238692,15.532607078552246,88748000,0.0,0.0
2002-08-09,15.291253013740915,15.60882835183353,15.135640565035873,15.28172492980957,69049400,0.0,0.0
2002-08-12,15.11976164756513,15.481797329751334,15.116585215852625,15.392876625061035,56866600,0.0,0.0
2002-08-13,15.240437290532359,15.783490695455804,14.9006306471242,14.94509220123291,100122800,0.0,0.0
2002-08-14,15.005426533579696,15.7930127967403,14.992723236241675,15.786661148071289,96706000,0.0,0.0
2002-08-15,15.866064934518636,16.11377454284908,15.481799033862968,15.805726051330566,98745600,0.0,0.0
2002-08-16,15.69775105211651,15.9518111125601,15.535786930709147,15.878768920898438,69334000,0.0,0.0
2002-08-19,15.891470538164306,16.5297964479165,15.831130447346087,16.513917922973633,79848200,0.0,0.0
2002-08-20,16.317019152600007,16.41864315105713,16.116946375626597,16.209043502807617,70317600,0.0,0.0
2002-08-21,16.374177569128555,16.634589133365605,16.243971787010032,16.60283088684082,81203400,0.0,0.0
2002-08-22,16.78385821825652,16.974404171651162,16.704464373872234,16.904537200927734,72517600,0.0,0.0
2002-08-23,16.723520659167434,16.783859549562195,16.463108925847276,16.58378791809082,57929200,0.0,0.0
2002-08-26,16.67270398050858,16.72034076217722,16.253504663057804,16.545673370361328,55652400,0.0,0.0
2002-08-27,16.618716537819626,16.656825235775962,16.085189920616294,16.14552879333496,65470200,0.0,0.0
2002-08-28,16.03120479602574,16.088368460482705,15.656465756342941,15.681872367858887,68875000,0.0,0.0
2002-08-29,15.526256624806548,16.19634071897312,15.408754099973963,16.062959671020508,94275600,0.0,0.0
2002-08-30,15.923230406940183,16.03120609170195,15.561194643754856,15.586601257324219,58138400,0.0,0.0
2002-09-03,15.40875412993603,15.40875412993603,14.926039515135917,14.932391166687012,74452600,0.0,0.0
2002-09-04,15.068949828466117,15.43416073540001,14.973677470633525,15.310306549072266,80232000,0.0,0.0
2002-09-05,15.084827419638554,15.091179071294949,14.570355750007385,14.579882621765137,90438800,0.0,0.0
2002-09-06,15.164227449810246,15.32936682605179,15.07530671316256,15.186457633972168,69918400,0.0,0.0
2002-09-09,15.00543685411086,15.545315247766485,14.808540455761378,15.465921401977539,81653200,0.0,0.0
2002-09-10,15.415103672184081,15.821599624202463,15.354763596432075,15.81207275390625,83950000,0.0,0.0
2002-09-11,15.951812213655263,16.2281024727431,15.4119337907881,15.427813529968262,77443200,0.0,0.0
2002-09-12,15.291251998526764,15.33888756920578,14.932391551100453,14.973676681518555,63726800,0.0,0.0
2002-09-13,14.894282991061331,15.326184408596138,14.878403255899988,15.215033531188965,59549200,0.0,0.0
2002-09-16,15.116587213538397,15.284902984385948,14.941921001334093,15.173750877380371,50166200,0.0,0.0
2002-09-17,15.456393967816863,15.529437375099224,14.992734179626034,15.01814079284668,73343400,0.0,0.0
2002-09-18,14.837121432842759,15.319836132769233,14.818066474829152,15.164223670959473,83951800,0.0,0.0
2002-09-19,14.824419819644408,15.186455583050627,14.795837985088443,14.989559173583984,77777600,0.0,0.0
2002-09-20,15.15151447685606,15.243611587613374,15.021308676336666,15.072120666503906,130619200,0.0,0.0
2002-09-23,14.799013437671938,14.833946926170846,14.230554381535073,14.363935470581055,89783800,0.0,0.0
2002-09-24,14.236901587093424,14.760900116505702,14.173386283434878,14.494136810302734,104142200,0.0,0.0
2002-09-25,14.735498290289879,14.913339729855831,14.306770795363496,14.770430564880371,107116600,0.0,0.0
2002-09-26,14.960970477134921,15.084824632920027,14.592583229294382,14.671977043151855,100852200,0.0,0.0
2002-09-27,14.62116791857876,14.957796980031619,14.351228171644522,14.370283126831055,81011600,0.0,0.0
2002-09-30,14.249608319004114,14.303596768703834,13.690676129992374,13.890748977661133,115577000,0.0,0.0
2002-10-01,14.074936460533525,14.687856854288217,13.716076051156891,14.68150520324707,110636600,0.0,0.0
2002-10-02,14.640226605740285,14.865706078161859,14.341706142408174,14.484615325927734,103488600,0.0,0.0
2002-10-03,14.386158843701017,14.79583121438206,14.16385592237734,14.227371215820312,105221400,0.0,0.0
2002-10-04,14.414744065884747,14.471907722324051,13.8748657614323,13.900272369384766,107120400,0.0,0.0
2002-10-07,13.91297840774018,14.309947649112491,13.874868488321571,13.989195823669434,89790000,0.0,0.0
2002-10-08,14.211494447025355,14.602111914384803,14.014598103390897,14.287713050842285,115667600,0.0,0.0
2002-10-09,14.046353069867207,14.433795259987534,13.912972047240922,13.970135688781738,123142600,0.0,0.0
2002-10-10,13.973309045824811,14.805355745255646,13.735127641634616,14.729138374328613,118515000,0.0,0.0
2002-10-11,15.040368752764532,15.529435081958448,14.929216653518377,15.519906997680664,108828800,0.0,0.0
2002-10-14,15.323008328910326,15.665990236733942,15.192802503485504,15.653286933898926,76216200,0.0,0.0
2002-10-15,16.2789164482354,16.631425378884597,16.085196448327086,16.606019973754883,133374200,0.0,0.0
2002-10-16,16.00261860946942,16.278908771529984,15.967685133867384,16.008970260620117,95437400,0.0,0.0
2002-10-17,16.60284075855921,16.672707731002006,15.89464779459779,16.123302459716797,182602400,0.0,0.0
2002-10-18,16.704462007722714,16.895007934126955,16.24080231294378,16.87912940979004,152817200,0.0,0.0
2002-10-21,16.504388782921282,16.828315735360587,16.310667655451866,16.675878524780273,112378600,0.0,0.0
2002-10-22,16.332901242580608,16.491688926283352,16.205870611036858,16.40911865234375,87159000,0.0,0.0
2002-10-23,16.332897754183097,16.914059922453895,16.332897754183097,16.89500617980957,110866600,0.0,0.0
2002-10-24,16.945810258542355,16.948985477014386,16.164575677492245,16.26937484741211,95833400,0.0,0.0
2002-10-25,16.275733275615643,16.767974722636232,16.2471514516491,16.72986602783203,75425800,0.0,0.0
2002-10-28,16.958537457515767,16.990294532808267,16.358318558267452,16.4980525970459,79906600,0.0,0.0
2002-10-29,16.561548949478883,16.669524577573934,16.14870017582209,16.536142349243164,90517200,0.0,0.0
2002-10-30,16.577429208189564,16.95534334044599,16.39641140260465,16.866422653198242,94451200,0.0,0.0
2002-10-31,16.891834825247884,17.171301512076862,16.78385914248128,16.980756759643555,105973800,0.0,0.0
2002-11-01,16.65048307429764,16.907719657887903,16.482168451892235,16.831501007080078,105097800,0.0,0.0
2002-11-04,18.022403493256416,18.181191189232244,17.631785906530357,17.81597900390625,139964200,0.0,0.0
2002-11-05,17.71435147319769,18.038278454321155,17.65083737652754,18.00016975402832,76658200,0.0,0.0
2002-11-06,18.098620309252148,18.133552581249845,17.634959362695835,18.1113224029541,115407000,0.0,0.0
2002-11-07,17.8477317437157,17.981112785538226,17.625428795891214,17.787391662597656,73699600,0.0,0.0
2002-11-08,17.784214131494487,17.958880277995263,17.469814098630337,17.498395919799805,64522200,0.0,0.0
2002-11-11,17.48887051791715,17.49839738862218,17.091901419160262,17.104604721069336,58341200,0.0,0.0
2002-11-12,17.180827392927387,17.603203225388057,17.117313286757774,17.311033248901367,81398600,0.0,0.0
2002-11-13,17.22529420270971,17.761996316397042,17.184009051978595,17.580978393554688,107370200,0.0,0.0
2002-11-14,17.78104598965108,18.101796589156045,17.742936071953398,18.098621368408203,78337000,0.0,0.0
2002-11-15,17.974767469242046,18.07639150209999,17.679422245169256,18.00334930419922,77533600,0.0,0.0
2002-11-18,18.085915394337007,18.111320790933537,17.701649533479657,17.736581802368164,58086400,0.0,0.0
2002-11-19,17.641310547058122,17.720704384993986,17.247517789310383,17.422183990478516,76403400,0.0,0.0
2002-11-20,17.469816998843132,18.07003534304588,17.444411604393455,17.98111343383789,76435400,0.0,0.0
2002-11-21,18.09544012206592,18.419367067594603,18.03192482092142,18.368555068969727,82922200,0.0,0.0
2002-11-22,18.244705554639918,18.514644139083536,18.117674919928856,18.489238739013672,70002000,0.0,0.0
2002-11-25,18.438427240677342,18.622620333536332,18.282814769397312,18.492414474487305,61583000,0.0,0.0
2002-11-26,18.305037125168788,18.498758220538303,18.031922217693957,18.070032119750977,68650400,0.0,0.0
2002-11-27,18.292333629293648,18.613085305190438,18.22881954944987,18.44477081298828,55191800,0.0,0.0
2002-11-29,18.55592670724696,18.61944201580617,18.317745208740234,18.317745208740234,28393000,0.0,0.0
2002-12-02,18.6257961306689,18.724243721072195,18.104971500778507,18.3209228515625,63735000,0.0,0.0
2002-12-03,18.190718657555863,18.212948838802347,17.914428396739552,18.009700775146484,58457400,0.0,0.0
2002-12-04,17.825501726976853,18.241524589950092,17.727052948964925,17.955707550048828,83892000,0.0,0.0
2002-12-05,18.08591774522332,18.13037810363671,17.561917894885152,17.574621200561523,68435800,0.0,0.0
2002-12-06,17.425357930454012,17.701649338414303,17.218934693862074,17.615903854370117,71670200,0.0,0.0
2002-12-09,17.46664544935752,17.5365124188202,16.99345761232612,16.99980926513672,63862800,0.0,0.0
2002-12-10,17.009338517263554,17.301507297876338,16.983931904277753,17.152246475219727,63730200,0.0,0.0
2002-12-11,17.101430921948197,17.469818253834976,17.015686649498925,17.358667373657227,69186200,0.0,0.0
2002-12-12,17.466644460625588,17.485699417978743,17.05062031098549,17.20305633544922,55242000,0.0,0.0
2002-12-13,17.04743977964972,17.069669950576056,16.669525662448585,16.672700881958008,65245400,0.0,0.0
2002-12-16,16.83150206156801,17.32374386070034,16.72670156157333,17.301513671875,60140400,0.0,0.0
2002-12-17,17.282450963566788,17.463470038058187,17.07920292166179,17.263397216796875,49549800,0.0,0.0
2002-12-18,17.09825806652014,17.276100710855182,16.764804168414095,16.99980926513672,62709400,0.0,0.0
2002-12-19,16.910882996822114,17.387245898141046,16.793380487037094,16.866422653198242,82686600,0.0,0.0
2002-12-20,16.987105464830375,17.06014764763524,16.815614490530017,16.844196319580078,98294600,0.0,0.0
2002-12-23,16.847372008796004,17.237989542381708,16.799736433356077,17.14906883239746,48798400,0.0,0.0
2002-12-24,17.00298677912235,17.222113363487853,16.996635125907613,17.091907501220703,18386000,0.0,0.0
2002-12-26,17.158600873792686,17.368200618644945,16.885485797767647,16.955352783203125,37228000,0.0,0.0
2002-12-27,16.920417588495617,17.149072273136063,16.799739804005657,16.821969985961914,40891600,0.0,0.0
2002-12-30,16.834665216677532,16.907708597837498,16.599660185701023,16.75209617614746,48019600,0.0,0.0
2002-12-31,16.748920622511548,16.828314441669075,16.27890814701987,16.418642044067383,58208800,0.0,0.0
2003-01-02,16.609190610872083,17.069675111998148,16.4218211053706,17.060148239135742,67025200,0.0,0.0
2003-01-03,17.018864975342066,17.08555551561841,16.793386742148346,17.082380294799805,55546800,0.0,0.0
2003-01-06,17.155422735751007,17.539688667407745,17.08555576219379,17.393604278564453,59456200,0.0,0.0
2003-01-07,17.441240250666677,17.787397482428904,17.365022833674516,17.720706939697266,80517400,0.0,0.0
2003-01-08,17.58414573549139,17.64130939197868,17.184001351534107,17.22528648376465,64566000,0.0,0.0
2003-01-09,17.377725457019825,17.75881494990391,17.317385358531812,17.7238826751709,61808000,0.0,0.0
2003-01-10,17.498396517088285,17.87948707520482,17.43488243361344,17.758808135986328,67730200,0.0,0.0
2003-01-13,17.949358559153097,18.022400742780217,17.71117705153926,17.90807342529297,60817800,0.0,0.0
2003-01-14,17.889019960922866,18.101794862901244,17.84455839451559,18.092267990112305,54206400,0.0,0.0
2003-01-15,18.101796385467598,18.203420408610047,17.844559895445435,17.869966506958008,59622600,0.0,0.0
2003-01-16,17.88583768161349,17.990638093844705,17.501571926339214,17.577789306640625,81371000,0.0,0.0
2003-01-17,16.812433721800478,16.83148867340305,16.294786923525333,16.342422485351562,155876000,0.0,0.0
2003-01-21,16.472623781138676,16.56154565280992,16.288430811907872,16.30113410949707,86159200,0.0,0.0
2003-01-22,16.383710039389637,16.640946472656864,16.167758734994504,16.196340560913086,86948000,0.0,0.0
2003-01-23,16.498031701942125,16.685401116352022,16.342419322603774,16.60283088684082,71374800,0.0,0.0
2003-01-24,16.523449334623177,16.529800988635877,15.783499208228525,15.831134796142578,103027000,0.0,0.0
2003-01-27,15.662812021672165,16.06930797447325,15.373818578080114,15.615175247192383,114838600,0.0,0.0
2003-01-28,15.780317561910705,15.783493993594675,15.421458314660944,15.504027366638184,86151200,0.0,0.0
2003-01-29,15.475446390890353,15.891470528275917,15.221386357601144,15.85018539428711,106884000,0.0,0.0
2003-01-30,15.92958075475859,15.932755975467513,15.303956878609744,15.319836616516113,87877400,0.0,0.0
2003-01-31,15.06894544712932,15.354762437525027,14.935563215781931,15.072120666503906,106858400,0.0,0.0
2003-02-03,15.22138639132844,15.592948963689624,15.072125591429264,15.421459197998047,80129800,0.0,0.0
2003-02-04,15.180104047599103,15.224564410264044,14.887935257827186,15.027667999267578,81854800,0.0,0.0
2003-02-05,15.189628154814132,15.41192990991045,14.840294575534466,14.913336753845215,101072000,0.0,0.0
2003-02-06,14.881584842225676,15.122941635963043,14.78631245552551,15.059426307678223,83312000,0.0,0.0
2003-02-07,15.205502553336427,15.227732722815084,14.738666571377898,14.792654991149902,75208000,0.0,0.0
2003-02-10,14.86252716125225,15.091181816664315,14.779958097605617,15.046721458435059,74081400,0.0,0.0
2003-02-11,15.021313498332985,15.138816036166743,14.608465794264106,14.748198509216309,84292000,0.0,0.0
2003-02-12,14.78313199081781,14.957798187371512,14.691034850496363,14.748198509216309,71315200,0.0,0.0
2003-02-13,14.738673471390241,14.964151702492023,14.649752751846766,14.922867774963379,73558200,0.0,0.0
2003-02-14,15.005428717088858,15.402397730768458,14.852992761210286,15.338882446289062,90446400,0.0,0.0
2003-02-18,15.63741476577365,15.872419906454038,15.497680800711024,15.853364944458008,57415500,0.0,2.0
2003-02-19,15.815127795009806,15.853359029223277,15.400952647541631,15.630342483520508,46902700,0.08,0.0
2003-02-20,15.783271073488178,15.846990617251619,15.356351710227099,15.38183879852295,50897200,0.0,0.0
2003-02-21,15.477420563972053,15.802387966679863,15.101476547906865,15.69406509399414,56853200,0.0,0.0
2003-02-24,15.572993524240273,15.61122475477059,15.190677572890396,15.337231636047363,62403700,0.0,0.0
2003-02-25,14.999524867447636,15.46467549876204,14.897572862093806,15.413700103759766,68113000,0.0,0.0
2003-02-26,15.337230806381125,15.592107688377197,15.025006474017331,15.044122695922852,57096000,0.0,0.0
2003-02-27,15.228908764024213,15.426438205826903,14.84659281366337,15.025007247924805,75434300,0.0,0.0
2003-02-28,15.126965671413462,15.337239368363688,15.005898629124083,15.101478576660156,56585400,0.0,0.0
2003-03-03,15.305369659374138,15.369089175415109,14.910309632199066,14.999517440795898,50653500,0.0,0.0
2003-03-04,15.025009359980631,15.07598474617106,14.693668742068304,14.700040817260742,56605700,0.0,0.0
2003-03-05,14.700035850282605,15.00588806408113,14.687291704203835,14.935797691345215,55415900,0.0,0.0
2003-03-06,14.763758878605183,14.974032477548286,14.738270580382284,14.827478408813477,54607600,0.0,0.0
2003-03-07,14.623578341546246,15.1588205040701,14.591717965592997,15.0122652053833,66167600,0.0,0.0
2003-03-10,14.852968634745459,14.94854734260897,14.585347523518099,14.623579978942871,48413600,0.0,0.0
2003-03-11,14.693665380614057,14.821104424610573,14.50250802996808,14.527995109558105,53990700,0.0,0.0
2003-03-12,14.534372120783827,14.935804394999789,14.368701793447787,14.90394401550293,72379500,0.0,0.0
2003-03-13,15.11421909466742,15.764156313958216,14.935805813932214,15.719552993774414,80701300,0.0,0.0
2003-03-14,15.725922254024058,15.904335502808372,15.458301165498478,15.840617179870605,75451400,0.0,0.0
2003-03-17,15.62397310244041,16.535159313184295,15.502906088649812,16.522415161132812,100983800,0.0,0.0
2003-03-18,16.496920796720868,16.592500686645508,16.248415999753888,16.592500686645508,78108800,0.0,0.0
2003-03-19,16.554274079550588,16.841011419695487,16.40134790325638,16.770919799804688,73652100,0.0,0.0
2003-03-20,16.579756680030066,16.898353074886835,16.356738960560566,16.72631072998047,71798500,0.0,0.0
2003-03-21,17.044914597153895,17.076773764466786,16.586136024961867,16.930219650268555,85586800,0.0,0.0
2003-03-24,16.28028170038616,16.522415736397793,16.044520955971397,16.114612579345703,61105200,0.0,0.0
2003-03-25,16.312137961873326,16.40771665074965,15.948938214933927,16.242046356201172,63595100,0.0,0.0
2003-03-26,16.22293656129888,16.324888580565176,16.08275450975058,16.089126586914062,51673600,0.0,0.0
2003-03-27,15.891594137971975,16.09549570836196,15.668576339601971,15.955313682556152,60043300,0.0,0.0
2003-03-28,15.719552993774414,15.99354620673128,15.674949673590612,15.719552993774414,39584600,0.0,0.0
2003-03-31,15.451926628998697,15.745034756944184,15.299000490677281,15.426438331604004,71384000,0.0,0.0
2003-04-01,15.585734451211225,15.738661784344407,15.451924553905629,15.515644073486328,49803200,0.0,0.0
2003-04-02,15.993536793083823,16.56700997212616,15.993536793083823,16.388595581054688,68282500,0.0,0.0
2003-04-03,16.560638282230066,16.624357795896454,16.312133515814658,16.394968032836914,57394300,0.0,0.0
2003-04-04,16.414089518010226,16.43957660244514,15.885219450983667,15.987170219421387,55740600,0.0,0.0
2003-04-07,16.71356719969968,16.841006248487965,16.038143157958984,16.038143157958984,65627100,0.0,0.0
2003-04-08,16.12735977883162,16.458700539181955,16.057269352282216,16.299402236938477,54132100,0.0,0.0
2003-04-09,16.318505661795168,16.35673688402676,15.63670965781341,15.655824661254883,76875800,0.0,0.0
2003-04-10,15.745036804621284,15.79601340604029,15.471044864088555,15.668574333190918,51608900,0.0,0.0
2003-04-11,15.859731949789262,16.044518486480378,15.260771458895288,15.420069694519043,71565500,0.0,0.0
2003-04-14,15.46467116427494,15.853357986468916,15.292628798606865,15.776895523071289,51599600,0.0,0.0
2003-04-15,15.725920258716423,15.796011863473657,15.356348441962831,15.674944877624512,63399000,0.0,0.0
2003-04-16,16.312136529405358,16.40134313580962,15.674943705720372,15.87884521484375,86178700,0.0,0.0
2003-04-17,15.783266433986594,16.273905196787524,15.764150211872025,16.248416900634766,58356600,0.0,0.0
2003-04-21,16.318514981150745,16.318514981150745,15.980802215085873,16.063636779785156,41557800,0.0,0.0
2003-04-22,15.968051832498922,16.439574376516177,15.948936825598176,16.414087295532227,58844000,0.0,0.0
2003-04-23,16.407711799317255,16.560637899371972,16.229297408245785,16.388595581054688,55559300,0.0,0.0
2003-04-24,16.23567428156289,16.388600426834795,16.133723518048285,16.242046356201172,51703600,0.0,0.0
2003-04-25,16.140100860114398,16.337630376970377,16.038150063327482,16.070009231567383,53657400,0.0,0.0
2003-04-28,16.178328433549478,16.528785281402243,16.133725121996186,16.40134620666504,56287600,0.0,0.0
2003-04-29,16.535157014410157,16.726314407210072,16.36311463168079,16.439577102661133,65877300,0.0,0.0
2003-04-30,16.39497484117419,16.4905535436904,16.089122506982672,16.29302406311035,55566800,0.0,0.0
2003-05-01,16.27390191752511,16.535150823703823,16.14646289313854,16.388595581054688,42085800,0.0,0.0
2003-05-02,16.344001847121124,16.751806234483503,16.286654374138124,16.630739212036133,52695400,0.0,0.0
2003-05-05,16.726314765031766,16.815521388200228,16.465065755453484,16.47780990600586,50391500,0.0,0.0
2003-05-06,16.47780783060896,16.885610874129096,16.452319532714483,16.802776336669922,54299500,0.0,0.0
2003-05-07,16.637104004030817,16.79003012657765,16.465061660409837,16.560640335083008,49120000,0.0,0.0
2003-05-08,16.40771828193681,16.656223140790356,16.382229980849733,16.40134620666504,46401400,0.0,0.0
2003-05-09,16.503292668366175,16.88560857733792,16.496920594759292,16.796401977539062,58913600,0.0,0.0
2003-05-12,16.662590012009737,16.866491495627574,16.605242567823634,16.69445037841797,53900800,0.0,0.0
2003-05-13,16.592500703539923,16.694451451904477,16.496920813517963,16.560640335083008,44501900,0.0,0.0
2003-05-14,16.617990655704652,16.681710188284875,16.273907124329842,16.32488250732422,45021000,0.0,0.0
2003-05-15,16.471435882665368,16.57338664432857,16.2930214420803,16.433204650878906,45450200,0.0,0.0
2003-05-16,16.4905535436904,16.598876397301872,16.19107328504651,16.29302406311035,60620900,0.0,0.0
2003-05-19,16.184698568789145,16.27390639655163,15.76415137405537,15.776895523071289,55336300,0.0,0.0
2003-05-20,15.840620426697896,15.929827069374602,15.611230527987109,15.69406509399414,52677600,0.0,0.0
2003-05-21,15.694065294251168,15.74504069290964,15.222542552822949,15.311750411987305,108960900,0.0,0.0
2003-05-22,15.420068185963963,15.464671493119189,15.318117422366594,15.394579887390137,93157100,0.0,0.0
2003-05-23,15.420073567047332,15.636719319131009,15.311750691005493,15.432816505432129,76968000,0.0,0.0
2003-05-27,15.451929988228144,15.85973311240779,15.432813761026281,15.796014785766602,68486800,0.0,0.0
2003-05-28,15.78963972671984,15.846987182140955,15.483786226024243,15.553877830505371,91467000,0.0,0.0
2003-05-29,15.592110596822481,15.719549669266547,15.439184439099042,15.547507286071777,75451300,0.0,0.0
2003-05-30,15.75778458683177,15.872479535761293,15.617602546667547,15.68132209777832,85096700,0.0,0.0
2003-06-02,15.917077495321141,15.948937867819147,15.655828517582204,15.700431823730469,66310800,0.0,0.0
2003-06-03,15.77053226757925,15.878855164091759,15.65583729299546,15.85336685180664,61058200,0.0,0.0
2003-06-04,15.923448274030672,16.070002329548657,15.764150070550555,15.846985816955566,83484600,0.0,0.0
2003-06-05,15.592112204830668,15.623972583901967,15.299004009469881,15.349979400634766,115877900,0.0,0.0
2003-06-06,15.57298839974723,15.649450835646908,15.069605632788898,15.08234977722168,119629400,0.0,0.0
2003-06-09,15.114215074398702,15.279885373406701,15.03775260737901,15.133331298828125,73610000,0.0,0.0
2003-06-10,15.254405486336793,15.770531635942485,15.197058001341764,15.72592830657959,80655300,0.0,0.0
2003-06-11,15.719556858358635,15.904342261027255,15.56025855262551,15.85336685180664,75768600,0.0,0.0
2003-06-12,15.910710131895293,16.019032999764434,15.764156021057426,15.923454284667969,66177700,0.0,0.0
2003-06-13,16.057258164455902,16.08911731656703,15.604850669315638,15.706801414489746,55157500,0.0,0.0
2003-06-16,15.802385510149906,16.197445694810778,15.719550957019763,16.178329467773438,69658600,0.0,0.0
2003-06-17,16.337623380826415,16.6562197881926,16.26753299764307,16.54152488708496,122213900,0.0,0.0
2003-06-18,16.554266784537393,16.841003998325036,16.382224456264808,16.611614227294922,89957700,0.0,0.0
2003-06-19,16.624358373540748,16.815515705833388,16.57338300390613,16.611614227294922,63626900,0.0,0.0
2003-06-20,16.78365669536837,16.809143772723637,16.5733831419555,16.777284622192383,86048900,0.0,0.0
2003-06-23,16.65622853582965,16.71994809383735,16.242053231803833,16.42683982849121,52584500,0.0,0.0
2003-06-24,16.343997932109698,16.59250399395912,16.261163388392575,16.375858306884766,51820300,0.0,0.0
2003-06-25,16.337635771880734,16.56065366925168,16.019039122879317,16.095502853393555,60483500,0.0,0.0
2003-06-26,16.17832880479609,16.891985452072458,16.063633877970506,16.407718658447266,51758100,0.0,0.0
2003-06-27,16.535161588639397,16.783666511094637,16.267540435476295,16.33125877380371,76040300,0.0,0.0
2003-06-30,16.528791820668257,16.64348679023855,16.248426474535258,16.33763313293457,48073100,0.0,0.0
2003-07-01,16.30576989621819,16.694458037274703,16.178330802817914,16.66259765625,60926000,0.0,0.0
2003-07-02,16.885606265470155,17.15959931630903,16.853747117146444,17.12773895263672,94069300,0.0,0.0
2003-07-03,17.00667756263956,17.17234785002541,16.82826312652812,16.885610580444336,39440900,0.0,0.0
2003-07-07,17.216955316027548,17.55466683142767,17.172352000057657,17.471832275390625,88960800,0.0,0.0
2003-07-08,17.36988980607089,17.713973562075928,17.363517727118047,17.65025520324707,61896800,0.0,0.0
2003-07-09,17.56104009861875,17.650247951959326,17.363510593631204,17.503692626953125,62300700,0.0,0.0
2003-07-10,17.36351159116538,17.47183446438479,16.942964251689876,17.146865844726562,55350800,0.0,0.0
2003-07-11,17.172344838351563,17.49094120852247,17.13411239887999,17.4017333984375,50377300,0.0,0.0
2003-07-14,17.60564338859011,17.720338331732275,17.23607146921496,17.459089279174805,60464400,0.0,0.0
2003-07-15,17.50368523282389,17.5419176746832,17.267924584768704,17.37624740600586,53567600,0.0,0.0
2003-07-16,17.561036248220784,17.599268697847958,17.331647627202873,17.53554916381836,49838900,0.0,0.0
2003-07-17,17.293417561904104,17.37625333216826,16.911102735712955,17.006681442260742,72805000,0.0,0.0
2003-07-18,17.274302268795726,17.35076474665043,17.04491240453326,17.134119033813477,63388400,0.0,0.0
2003-07-21,17.121370649003936,17.146857728394732,16.567012391905926,16.592500686645508,48480800,0.0,0.0
2003-07-22,16.74542856825809,16.923841788783534,16.649848668292133,16.809146881103516,51791000,0.0,0.0
2003-07-23,16.834637817519468,16.981191904596024,16.65622335367685,16.8537540435791,49828200,0.0,0.0
2003-07-24,17.06402950170419,17.153236135532726,16.554274356835847,16.567018508911133,53556600,0.0,0.0
2003-07-25,16.745432138128848,17.17235148809,16.611620978859353,17.134119033813477,54173000,0.0,0.0
2003-07-28,17.165981209182892,17.204212452112003,16.879243848841305,16.955707550048828,52658300,0.0,0.0
2003-07-29,17.127746053473732,17.14049020422614,16.71994295218956,16.866497039794922,62391100,0.0,0.0
2003-07-30,16.860123717883322,16.930215326490305,16.675338407031752,16.71356964111328,41240300,0.0,0.0
2003-07-31,16.9493369898423,17.19784191413505,16.76455040434812,16.828269958496094,64504800,0.0,0.0
2003-08-01,16.777291433977524,16.891986367015484,16.643481488999356,16.67534065246582,42649700,0.0,0.0
2003-08-04,16.66259878169069,16.828269128161207,16.407721793024262,16.68171501159668,51825600,0.0,0.0
2003-08-05,16.76454165519339,16.911096917853627,16.31213536601049,16.350366592407227,58825800,0.0,0.0
2003-08-06,16.27390376307749,16.688078816280708,16.203812170181237,16.343994140625,56294900,0.0,0.0
2003-08-07,16.388608558512864,16.445956043363047,16.216567319311878,16.38223648071289,44258500,0.0,0.0
2003-08-08,16.49055971349081,16.55427927745812,16.24842682883455,16.299402236938477,33241400,0.0,0.0
2003-08-11,16.318506240844727,16.560638944034864,16.273902944100385,16.318506240844727,36433900,0.0,0.0
2003-08-12,16.38222388703391,16.420456324442924,16.216554852989393,16.394968032836914,38208400,0.0,0.0
2003-08-13,16.43320458853134,16.49692290281738,16.248418074124782,16.312137603759766,39636900,0.0,0.0
2003-08-14,16.350375004511577,16.382234173675283,16.261168358573673,16.33125877380371,37338300,0.0,0.0
2003-08-15,16.31851001482341,16.350369172623516,16.203815102184674,16.273906707763672,27607900,0.0,0.0
2003-08-18,16.286650472863602,16.45869285060189,16.22293093866249,16.375858306884766,45817400,0.0,0.0
2003-08-19,16.471439195699023,16.981193106545938,16.420463804614332,16.962078094482422,72952900,0.0,0.0
2003-08-20,16.75817412863003,16.904729431055692,16.567016729430094,16.8537540435791,56739300,0.0,0.0
2003-08-21,16.981189155996912,17.032164535222556,16.649848583355777,16.719940185546875,63802700,0.0,0.0
2003-08-22,17.064026083872786,17.172348924117777,16.700825114569703,16.707197189331055,65846300,0.0,0.0
2003-08-25,16.764543598249116,16.911098877895505,16.71356821869569,16.885610580444336,36132900,0.0,0.0
2003-08-26,16.76454930647299,16.99393920024367,16.541531489234757,16.930219650268555,47546000,0.0,0.0
2003-08-27,16.891987974907384,16.936591294145746,16.758176801842996,16.834640502929688,30633900,0.0,0.0
2003-08-28,16.885614770979668,16.936590163183748,16.719944442479093,16.891986846923828,46211200,0.0,0.0
2003-08-29,16.86012684219075,16.917474311614466,16.790036435944508,16.898359298706055,34503000,0.0,0.0
2003-09-02,17.01305668624373,17.39537158362945,16.866501345873154,17.369884490966797,74168900,0.0,0.0
2003-09-03,17.471829228352927,18.096277973727673,17.446340929187105,18.03255844116211,109437800,0.0,0.0
2003-09-04,17.905120980987626,18.140881676656573,17.835029372105442,18.115394592285156,59840800,0.0,0.0
2003-09-05,17.987963136417164,18.31930388090348,17.94973188600706,18.083541870117188,64024500,0.0,0.0
2003-09-08,18.08990495329142,18.42761760749078,18.058045796348566,18.37664222717285,46105300,0.0,0.0
2003-09-09,18.255580788620833,18.29381203163547,18.03893505262239,18.077167510986328,44315200,0.0,0.0
2003-09-10,17.860518139729198,17.956096835486736,17.51006130148616,17.554664611816406,54763500,0.0,0.0
2003-09-11,17.624755538117167,17.911492829604036,17.58015222951899,17.739450454711914,37813300,0.0,0.0
2003-09-12,17.510061923955373,18.09627948488331,17.490946913333776,18.058048248291016,55777200,0.0,0.0
2003-09-15,18.077159503380937,18.230085623047387,18.051671209095478,18.07078742980957,41432300,0.0,0.0
2003-09-16,18.102652522508848,18.446737316177675,18.045305056897377,18.41487693786621,52060600,0.0,0.0
2003-09-17,18.325670167300572,18.44673717324775,18.140883620573348,18.15999984741211,47221600,0.0,0.0
2003-09-18,18.15362476635543,18.803561787082398,18.109021459798495,18.797189712524414,67268100,0.0,0.0
2003-09-19,18.96286364410275,19.09667358945271,18.80993747141029,19.090301513671875,92433800,0.0,0.0
2003-09-22,18.72710256172446,19.115790694763067,18.357530656906345,18.52320098876953,65678700,0.0,0.0
2003-09-23,18.55505810994,18.931000809448012,18.40213074173626,18.860910415649414,57827800,0.0,0.0
2003-09-24,18.867288828689865,18.92463630719374,18.10902866929929,18.1345157623291,66336500,0.0,0.0
2003-09-25,18.14088739071936,18.453111868545857,17.98158911333751,17.994333267211914,56224500,0.0,0.0
2003-09-26,18.013436835873822,18.338405239145324,17.930601109267144,17.962461471557617,49864700,0.0,0.0
2003-09-29,18.102656248629465,18.421252805226747,17.90512672383699,18.370277404785156,47380300,0.0,0.0
2003-09-30,18.217351425915865,18.230095580019235,17.682109107068538,17.71396827697754,63333700,0.0,0.0
2003-10-01,17.860514701376623,18.24282941080683,17.720331506926648,18.172739028930664,58375900,0.0,0.0
2003-10-02,18.12814068469666,18.319298091687653,17.962470364808194,18.15999984741211,38143600,0.0,0.0
2003-10-03,18.58055074741988,18.771708191780615,18.433996625720024,18.52957534790039,57303000,0.0,0.0
2003-10-06,18.574174479079016,18.669753179690918,18.421248315030148,18.59966278076172,34047600,0.0,0.0
2003-10-07,18.48497167699389,18.714361578184718,18.427624201696183,18.567806243896484,52356800,0.0,0.0
2003-10-08,18.707985924299592,18.707985924299592,18.27469451172167,18.363901138305664,46989100,0.0,0.0
2003-10-09,18.618783868303748,18.701619660458608,18.35116269003719,18.440370559692383,62653300,0.0,0.0
2003-10-10,18.421253204345703,18.606039794543474,18.268326999707607,18.421253204345703,37604700,0.0,0.0
2003-10-13,18.465856859040873,18.542320570402193,18.160004444294522,18.33841896057129,39320300,0.0,0.0
2003-10-14,18.26195219777531,18.33204382019895,18.147257257572726,18.274696350097656,34851300,0.0,0.0
2003-10-15,18.710421475554863,18.748867203868507,18.390037554549934,18.627120971679688,57242100,0.16,0.0
2003-10-16,18.524593590631746,18.78090041902297,18.454108754511395,18.729639053344727,42232500,0.0,0.0
2003-10-17,18.761675826519916,18.768083649199976,18.45410644871317,18.53740692138672,49960000,0.0,0.0
2003-10-20,18.550226956458026,18.819349461869365,18.454110815679517,18.806533813476562,38794500,0.0,0.0
2003-10-21,18.806533813476562,18.85779518488027,18.691195422276348,18.806533813476562,44166800,0.0,0.0
2003-10-22,18.601484267459227,18.716821411315717,18.454106787447124,18.511775970458984,48798500,0.0,0.0
2003-10-23,18.402852837472675,18.633529662406286,18.005577441384478,18.524599075317383,67357900,0.0,0.0
2003-10-24,17.47373747373001,17.5570367465173,16.929084621912992,17.050830841064453,210558300,0.0,0.0
2003-10-27,17.24306297302246,17.364809208334254,17.185393767988856,17.24306297302246,65619100,0.0,0.0
2003-10-28,17.358403456978916,17.44170275077533,17.223841555101206,17.42888832092285,71752600,0.0,0.0
2003-10-29,17.40325299733489,17.460922195938917,17.08286910383142,17.134130477905273,73551500,0.0,0.0
2003-10-30,17.30713352808604,17.326356996627624,16.60228890306879,16.73685073852539,98729400,0.0,0.0
2003-10-31,16.897049476789277,16.941903032692288,16.730449681886856,16.749671936035156,69623700,0.0,0.0
2003-11-03,16.884228855606306,17.140535686864258,16.845783136459456,17.09568214416504,57772300,0.0,0.0
2003-11-04,17.038006649922036,17.05723011346604,16.666361576573053,16.70480728149414,84026100,0.0,0.0
2003-11-05,16.756075066458862,16.865005624058817,16.65996015614535,16.724037170410156,61514400,0.0,0.0
2003-11-06,16.82656218813836,16.85219226402247,16.659962417305202,16.80733871459961,68189800,0.0,0.0
2003-11-07,16.903451343750746,16.97393618165877,16.67918362707501,16.724037170410156,57822100,0.0,0.0
2003-11-10,16.73685245296642,16.80733606717107,16.65995979309082,16.65995979309082,54579100,0.0,0.0
2003-11-11,16.666366881759654,16.711220422139718,16.448505780913074,16.53180503845215,64990700,0.0,0.0
2003-11-12,16.56384885116599,16.749670888596345,16.403656891719834,16.64714813232422,75877300,0.0,0.0
2003-11-13,16.570255263797588,16.615108813072485,16.30754057047244,16.46132469177246,78949500,0.0,0.0
2003-11-14,16.467726908353107,16.67277233359374,16.301127194803307,16.33957290649414,83146400,0.0,0.0
2003-11-17,16.26908709917925,16.301126208789597,15.916665448634891,16.11530303955078,103900200,0.0,0.0
2003-11-18,16.230641389813897,16.557432974837045,16.096080795951636,16.11530303955078,106868300,0.0,0.0
2003-11-19,16.205021597195238,16.365213580296803,16.128128907552632,16.243467330932617,78853300,0.0,0.0
2003-11-20,16.128122661613848,16.422875209731338,16.070453472257405,16.083269119262695,106845700,0.0,0.0
2003-11-21,16.230648192888832,16.2626860937608,16.070456244193853,16.089679718017578,70712900,0.0,0.0
2003-11-24,16.230639371777478,16.538207452792943,16.198601488317628,16.48694610595703,99463800,0.0,0.0
2003-11-25,16.576659002570704,16.627920363702778,16.262681790698604,16.275497436523438,85663800,0.0,0.0
2003-11-26,16.410057885099768,16.422872307673277,16.22423470286165,16.30753517150879,69758400,0.0,0.0
2003-11-28,16.339579510846292,16.499771466834982,16.27550248401729,16.474140167236328,33402600,0.0,0.0
2003-12-01,16.595881705744883,16.794519332825892,16.33957489303273,16.557435989379883,101914600,0.0,0.0
2003-12-02,16.62791604520529,16.71762309834645,16.410055011433666,16.442092895507812,85121700,0.0,0.0
2003-12-03,16.544616466388106,16.704808339567183,16.416463701145048,16.448501586914062,93121600,0.0,0.0
2003-12-04,16.48053762742155,16.807329158777332,16.44209192436995,16.78810691833496,87202400,0.0,0.0
2003-12-05,16.63433248224829,16.96753205121653,16.608702404264086,16.64714813232422,96610900,0.0,0.0
2003-12-08,16.73685025634332,16.87781868841863,16.538211420304723,16.81374168395996,90504000,0.0,0.0
2003-12-09,16.94189503935085,17.050825576078477,16.820148857792404,16.9034481048584,103547100,0.0,0.0
2003-12-10,16.94830637020047,17.063643531052058,16.90345160400732,17.038013458251953,82853700,0.0,0.0
2003-12-11,17.038015192276397,17.153353587033827,16.839377524731674,17.050830841064453,79309000,0.0,0.0
2003-12-12,17.102096911305452,17.1789883808177,16.980350658715206,17.076465606689453,69154100,0.0,0.0
2003-12-15,17.332768149670507,17.36480727232139,17.095684752891774,17.134130477905273,88860600,0.0,0.0
2003-12-16,17.19180176969201,17.403255116263036,17.153356039997565,17.33917808532715,73978000,0.0,0.0
2003-12-17,17.326356887817383,17.351986956877962,17.204610698819742,17.326356887817383,53712300,0.0,0.0
2003-12-18,17.364805617253673,17.589074565764175,17.33276649765649,17.557035446166992,61177800,0.0,0.0
2003-12-19,17.61470759051059,17.65315331830111,17.42247772939034,17.531408309936523,76856400,0.0,0.0
2003-12-22,17.403249569528313,17.57625713126421,17.28150337176965,17.416065216064453,43894800,0.0,0.0
2003-12-23,17.40965860397068,17.51858916277141,17.307135868883808,17.39684295654297,39609000,0.0,0.0
2003-12-24,17.390432671552446,17.40324831716635,17.30072559658957,17.326356887817383,19924200,0.0,0.0
2003-12-26,17.33276664369466,17.460920678828273,17.300728745994988,17.43528938293457,12076900,0.0,0.0
2003-12-29,17.4352899346562,17.64033664179196,17.40325203594272,17.595481872558594,40426700,0.0,0.0
2003-12-30,17.56344345725271,17.653150548745902,17.557035633264988,17.633928298950195,34406600,0.0,0.0
2003-12-31,17.569852994890063,17.653152270520003,17.44810677158392,17.53781509399414,42198900,0.0,0.0
2004-01-02,17.672378190357477,17.794124430514277,17.512186219370854,17.589078903198242,44487700,0.0,0.0
2004-01-05,17.768487662457538,18.056833610397693,17.76207983892916,18.03120231628418,67333700,0.0,0.0
2004-01-06,18.063245605427472,18.12091480833355,17.986352927496817,18.09528350830078,46950800,0.0,0.0
2004-01-07,18.050425455258118,18.140132538672624,17.947902725022296,18.0760555267334,54298200,0.0,0.0
2004-01-08,18.191392142070036,18.24906132501371,17.941493164092265,18.044015884399414,58810800,0.0,0.0
2004-01-09,17.960717376891388,17.979939623891177,17.678779273277453,17.7236328125,67079900,0.0,0.0
2004-01-12,17.730043051054864,17.768488772459474,17.52499757400701,17.665966033935547,55845200,0.0,0.0
2004-01-13,17.653151058776388,17.71082025416459,17.46732904643355,17.57625961303711,51555900,0.0,0.0
2004-01-14,17.633934869749133,17.76849555712925,17.601895737872024,17.7492733001709,43907000,0.0,0.0
2004-01-15,17.653146560089514,17.762077098933464,17.56984731140517,17.646739959716797,58504100,0.0,0.0
2004-01-16,17.755672816147165,17.864603376707404,17.64033565393699,17.81974983215332,63983400,0.0,0.0
2004-01-20,17.928682507343595,18.069652203617547,17.896644606645463,18.00557518005371,63068500,0.0,0.0
2004-01-21,18.02478987023714,18.13372039794922,17.845375746123402,18.13372039794922,53570600,0.0,0.0
2004-01-22,18.172167747213432,18.223429101305932,17.903045332686045,17.947898864746094,78425200,0.0,0.0
2004-01-23,18.120906899395894,18.428475032543947,18.08245996612705,18.249059677124023,127259100,0.0,0.0
2004-01-26,18.255467774317957,18.47332884412125,18.14653723941631,18.454105377197266,58299600,0.0,0.0
2004-01-27,18.35158547510875,18.402846839256142,18.082463007793113,18.101686477661133,63196200,0.0,0.0
2004-01-28,18.133725497193083,18.223433806643182,17.60188835284904,17.755672454833984,71336000,0.0,0.0
2004-01-29,17.819750192171927,17.909458505259927,17.66596608395065,17.883827209472656,63748400,0.0,0.0
2004-01-30,17.838974149760755,17.877419872321074,17.653150916745496,17.717227935791016,40528700,0.0,0.0
2004-02-02,17.691597304140274,17.813342292107233,17.454512707790897,17.557035446166992,62891800,0.0,0.0
2004-02-03,17.557034901381883,17.65314981285615,17.416066446030786,17.48655128479004,47993800,0.0,0.0
2004-02-04,17.441697172317248,17.57625903115742,17.30713653564453,17.30713653564453,60648000,0.0,0.0
2004-02-05,17.33917773765889,17.40966259249184,17.191801424978795,17.275100708007812,55527500,0.0,0.0
2004-02-06,17.31995565673033,17.422478416325763,17.25587862644126,17.351993560791016,47209600,0.0,0.0
2004-02-09,17.42247560995717,17.448105684643753,17.204614475367475,17.236652374267578,48108500,0.0,0.0
2004-02-10,17.217428410399233,17.396842581853374,17.185389292520007,17.31354331970215,37790600,0.0,0.0
2004-02-11,17.281504574028386,17.448104324086408,17.204613133796933,17.39684295654297,51515300,0.0,0.0
2004-02-12,17.358401031220605,17.396846759741116,17.2558782737208,17.268693923950195,44537000,0.0,0.0
2004-02-13,17.287912473348175,17.339173841115798,16.980344266742453,17.038013458251953,67541100,0.0,0.0
2004-02-17,17.12131347801842,17.364805902283976,17.03801421003334,17.294321060180664,43477000,0.0,0.0
2004-02-18,17.236650089477227,17.371211935789418,17.134127359985715,17.153350830078125,50334700,0.0,0.0
2004-02-19,17.249465676963787,17.287911394849232,16.935489666203445,16.9547119140625,61840600,0.0,0.0
2004-02-20,17.082867174880267,17.172574263838133,16.98034443830915,17.025197982788086,57821900,0.0,0.0
2004-02-23,17.127722289457715,17.1469457626398,16.967530346109623,17.050830841064453,50256800,0.0,0.0
2004-02-24,17.050822979210917,17.26868401948559,17.012376050573994,17.22382926940918,55426500,0.0,0.0
2004-02-25,17.236650422888502,17.2943196121139,17.05082843040351,17.108497619628906,64275700,0.0,0.0
2004-02-26,17.03801396556549,17.076459686994088,16.922675579112244,16.980344772338867,66602700,0.0,0.0
2004-02-27,16.96111818797115,17.05723430715535,16.884226759224454,16.99956512451172,58266500,0.0,0.0
2004-03-01,17.063642855212315,17.121312044437712,16.980343594201944,17.108497619628906,51912300,0.0,0.0
2004-03-02,17.050830298812325,17.102091670166796,16.884230536368428,16.909860610961914,66331000,0.0,0.0
2004-03-03,16.88422377020738,17.012376536154036,16.800923311283398,16.89703941345215,54998700,0.0,0.0
2004-03-04,16.871408126962613,16.92907729939706,16.794515489661013,16.89703941345215,44023200,0.0,0.0
2004-03-05,16.80733699590965,17.044421589973464,16.788114746504096,16.88422966003418,59849800,0.0,0.0
2004-03-08,16.858599342678133,16.88423063959582,16.538215464212055,16.5510311126709,69367800,0.0,0.0
2004-03-09,16.531800671961037,16.64073119361286,16.365202200886003,16.480539321899414,81111700,0.0,0.0
2004-03-10,16.43569125813693,16.531806168689243,16.243461437032305,16.256277084350586,75155800,0.0,0.0
2004-03-11,16.134529614099637,16.518990448331817,16.064044781543004,16.076860427856445,90536300,0.0,0.0
2004-03-12,16.262680053710938,16.345980520507915,16.16656516462507,16.262680053710938,64137100,0.0,0.0
2004-03-15,16.211420716331812,16.294721193499473,16.057636630215296,16.121713638305664,68835300,0.0,0.0
2004-03-16,16.1857923886749,16.256277227378195,16.083269653561423,16.134531021118164,65453800,0.0,0.0
2004-03-17,16.17938212224534,16.313942733453448,16.0896750481066,16.102489471435547,56241400,0.0,0.0
2004-03-18,15.993563036503652,16.038417807259805,15.750071820379373,15.948709487915039,123231000,0.0,0.0
2004-03-19,15.871819495481619,15.980750075832493,15.737257615204587,15.782111167907715,86281600,0.0,0.0
2004-03-22,15.685982540853729,15.916659150096649,15.384822362693926,15.698798179626465,127605200,0.0,0.0
2004-03-23,15.794917767216837,15.801325588526629,15.44890397165679,15.474534034729004,91696300,0.0,0.0
2004-03-24,15.621914607501033,15.750068625041079,15.493761812128277,15.641138076782227,97584700,0.0,0.0
2004-03-25,15.762886648157632,16.172977610656865,15.750071000037662,16.140939712524414,85677900,0.0,0.0
2004-03-26,16.089679189172912,16.345986054226927,16.01919434297023,16.03841781616211,61584900,0.0,0.0
2004-03-29,16.179379228468044,16.275494108164153,16.019187354918852,16.217824935913086,51881600,0.0,0.0
2004-03-30,16.153751189956523,16.23064384247376,16.038414044431537,16.1473445892334,59010400,0.0,0.0
2004-03-31,16.147347063213786,16.147347063213786,15.935893764103087,15.974339485168457,70533200,0.0,0.0
2004-04-01,15.987156279172128,16.089679024142164,15.923079258023973,16.07045555114746,69051900,0.0,0.0
2004-04-02,16.32676198279231,16.595884486779763,16.30113190830981,16.563846588134766,98043800,0.0,0.0
2004-04-05,16.53821375035753,16.647144306634228,16.486952384001874,16.62792205810547,53800300,0.0,0.0
2004-04-06,16.512582790956298,16.595882048495373,16.44209795769202,16.53180503845215,48992000,0.0,0.0
2004-04-07,16.49336415394518,16.518995454339514,16.24346508593875,16.397249221801758,63268900,0.0,0.0
2004-04-08,16.544624301547174,16.563847775412587,16.249871701949687,16.326763153076172,45294600,0.0,0.0
2004-04-12,16.326749012706035,16.49334864208057,16.294711139512152,16.410049438476562,38786800,0.0,0.0
2004-04-13,16.454911419524926,16.512580598690747,16.28190388202747,16.30753517150879,56971500,0.0,0.0
2004-04-14,16.26909084663962,16.45491405868139,16.26268302324156,16.345983505249023,61079600,0.0,0.0
2004-04-15,16.358804713106977,16.486957558130854,16.08327432416239,16.160165786743164,73756900,0.0,0.0
2004-04-16,16.230644185409105,16.27549772442218,16.089675745344117,16.121713638305664,51768600,0.0,0.0
2004-04-19,16.070451167927747,16.403650609283897,16.05763552276008,16.358797073364258,44592100,0.0,0.0
2004-04-20,16.435693537632517,16.583069835730438,16.198610140199786,16.230648040771484,59902600,0.0,0.0
2004-04-21,16.249865992342972,16.33316523882296,16.147343278751993,16.30753517150879,49252000,0.0,0.0
2004-04-22,16.345983932065657,16.65355213019961,16.320352637804138,16.62792205810547,99207700,0.0,0.0
2004-04-23,17.557031666325365,17.762077098933464,17.518585953253144,17.646739959716797,258269000,0.0,0.0
2004-04-26,17.58907157016343,17.65314735411014,17.36480265984824,17.454509735107422,89391000,0.0,0.0
2004-04-27,17.40325615704444,17.537818052273884,17.38403267996372,17.441701889038086,80716800,0.0,0.0
2004-04-28,17.307135237143168,17.33276530889564,16.961120102229568,17.018789291381836,72842200,0.0,0.0
2004-04-29,16.986748949849197,17.262279208970874,16.858594943040494,16.967525482177734,77787300,0.0,0.0
2004-04-30,17.038013206872204,17.140535940894818,16.634328872261687,16.74325942993164,66172200,0.0,0.0
2004-05-03,16.781706922646432,16.99316022127959,16.781706922646432,16.88422966003418,65916200,0.0,0.0
2004-05-04,16.884226014821547,17.005972197497943,16.672772761839994,16.871410369873047,55496400,0.0,0.0
2004-05-05,16.865007573816882,17.04442299006702,16.82015402529623,16.852191925048828,51841700,0.0,0.0
2004-05-06,16.762480807746925,16.877819174661944,16.67918155506788,16.73685073852539,62693900,0.0,0.0
2004-05-07,16.67918724435394,16.903455009667482,16.499771809935453,16.51899528503418,68290200,0.0,0.0
2004-05-10,16.42287554019622,16.69199802188584,16.416468938732027,16.6151065826416,64621400,0.0,0.0
2004-05-11,16.71763786271677,16.730453516531494,16.525407944167995,16.621522903442383,57917200,0.0,0.0
2004-05-12,16.57666933725887,16.659968642718535,16.29473106417505,16.621522903442383,64145600,0.0,0.0
2004-05-13,16.544621774902176,16.781706361031745,16.52539952613991,16.724037170410156,63861500,0.0,0.0
2004-05-14,16.65996046050151,16.768891020091484,16.429283693800993,16.570253372192383,43775300,0.0,0.0
2004-05-17,16.320351004302356,16.525397671369277,16.288313111849508,16.365205764770508,55149600,0.0,0.0
2004-05-18,16.46773184202342,16.6407382075478,16.429284896646887,16.5510311126709,58158600,0.0,0.0
2004-05-19,16.679180366454197,16.832964437325977,16.416465759277344,16.416465759277344,60052800,0.0,0.0
2004-05-20,16.49976174820774,16.57665437954506,16.397239054535916,16.48694610595703,52089900,0.0,0.0
2004-05-21,16.64073317317622,16.788110641531365,16.518988216151584,16.5894718170166,57809300,0.0,0.0
2004-05-24,16.691996062356555,16.768888714741497,16.493358441765714,16.506174087524414,56250500,0.0,0.0
2004-05-25,16.47413693699415,16.781706361031745,16.403653321253515,16.724037170410156,66615000,0.0,0.0
2004-05-26,16.653556998790457,16.756079761473835,16.56384988698444,16.749671936035156,50306900,0.0,0.0
2004-05-27,16.76247667048044,16.781700134277344,16.608692626606032,16.781700134277344,49071900,0.0,0.0
2004-05-28,16.749669516150917,16.884231386587054,16.672778066331034,16.80733871459961,37393000,0.0,0.0
2004-06-01,16.743258378790564,16.832966682054014,16.57665986308841,16.730443954467773,48369500,0.0,0.0
2004-06-02,16.736852828451696,16.839375562474313,16.666367990498376,16.74325942993164,54020000,0.0,0.0
2004-06-03,16.691994529335837,16.743255885495458,16.570249572311205,16.5894718170166,45933100,0.0,0.0
2004-06-04,16.67918342446113,16.813744052831964,16.62151423454009,16.62792205810547,48815300,0.0,0.0
2004-06-07,16.67277125301016,16.93548583984375,16.640732143538347,16.93548583984375,65218600,0.0,0.0
2004-06-08,16.83937289934345,17.07645622596347,16.813741608807664,17.044418334960938,58447700,0.0,0.0
2004-06-09,16.916265159640922,17.076457066876475,16.916265159640922,16.961118698120117,50385500,0.0,0.0
2004-06-10,16.90345060754615,17.1661664768064,16.90345060754615,17.153350830078125,48109200,0.0,0.0
2004-06-14,17.01238341546436,17.236652374267578,16.99956898920482,17.236652374267578,67377500,0.0,0.0
2004-06-15,17.294331021114548,17.685199956570816,17.281515365683944,17.563453674316406,114183400,0.0,0.0
2004-06-16,17.518587283015474,17.621110007101592,17.39684108985048,17.50577163696289,67431100,0.0,0.0
2004-06-17,17.499365111005126,17.890233789409535,17.486550686170002,17.794118881225586,105427500,0.0,0.0
2004-06-18,17.794120520197126,18.261880679365955,17.749266973724428,18.1657657623291,134218700,0.0,0.0
2004-06-21,18.08246527130768,18.36440342049426,18.0183894747281,18.1657657623291,116881700,0.0,0.0
2004-06-22,18.03761482012775,18.165768879613378,17.819753652302797,18.127323150634766,98932000,0.0,0.0
2004-06-23,18.06964462343263,18.184981750862722,17.941490630065342,18.13372039794922,58558400,0.0,0.0
2004-06-24,18.249060170506233,18.35799070671211,18.172168746223942,18.191390991210938,65503800,0.0,0.0
2004-06-25,18.249064890870805,18.345179807168655,18.101688604402938,18.306734085083008,71136500,0.0,0.0
2004-06-28,18.325950322214506,18.422065200566674,18.050420108015835,18.12090492248535,77024100,0.0,0.0
2004-06-29,18.05683350425189,18.313140333043474,18.05683350425189,18.261878967285156,55371700,0.0,0.0
2004-06-30,18.306729401382263,18.454105650144527,18.191391042466698,18.300321578979492,83544400,0.0,0.0
2004-07-01,18.39002572143105,18.479732770496497,18.10808771015365,18.345170974731445,78441400,0.0,0.0
2004-07-02,18.338773205293936,18.377218927379584,18.197803520700788,18.306734085083008,36690100,0.0,0.0
2004-07-06,18.146543121075105,18.152950945460002,17.903051905286578,17.954313278198242,69158900,0.0,0.0
2004-07-07,17.73004483424652,18.14654365416009,17.653152161536404,18.00557518005371,66255700,0.0,0.0
2004-07-08,17.864605273173094,18.037612868105583,17.65315195342257,17.7108211517334,59125100,0.0,0.0
2004-07-09,17.80052810461336,17.94149656622484,17.71081979070836,17.851789474487305,50249300,0.0,0.0
2004-07-12,17.73003948771448,17.941492746193646,17.6787781287549,17.871007919311523,45757300,0.0,0.0
2004-07-13,17.88382014664507,17.909451432309822,17.685182571411133,17.685182571411133,43274100,0.0,0.0
2004-07-14,17.55702424007907,18.172161499880623,17.518578543268557,18.024784088134766,87656300,0.0,0.0
2004-07-15,17.973537256753684,18.06965340959808,17.813345298236566,17.858200073242188,46759700,0.0,0.0
2004-07-16,18.05683721454687,18.069652864161633,17.460922951304166,17.608299255371094,66406300,0.0,0.0
2004-07-19,17.698002978067933,18.108093881753582,17.68518733178593,17.909456253051758,60354500,0.0,0.0
2004-07-20,17.941492349457523,18.249060496413815,17.84537745630458,18.14653778076172,89010700,0.0,0.0
2004-07-21,19.152541595028747,19.152541595028747,18.46051269292808,18.492551803588867,201518000,0.0,0.0
2004-07-22,18.62711749154701,18.774493774354504,18.473333384856485,18.582263946533203,124640700,0.0,0.0
2004-07-23,18.18498779189957,18.197803439927057,17.954312238242117,17.96072006225586,97372700,0.0,0.0
2004-07-26,18.17217294372103,18.396440668152795,18.06965020621867,18.364402770996094,72387600,0.0,0.0
2004-07-27,18.390038053038058,18.42848378239383,18.024799346571285,18.223438262939453,72968400,0.0,0.0
2004-07-28,18.159349202036918,18.44769503659593,18.120903498151346,18.313133239746094,62718800,0.0,0.0
2004-07-29,18.441290676966894,18.454105099222723,18.101683432761472,18.249059677124023,60148400,0.0,0.0
2004-07-30,18.229840205301954,18.460515729163745,18.152947549236487,18.255470275878906,59552900,0.0,0.0
2004-08-02,18.114498742228374,18.29391287216362,18.044013921372613,18.274690628051758,52267000,0.0,0.0
2004-08-03,18.18498867862565,18.210619975930445,17.941497465067727,17.986351013183594,53990900,0.0,0.0
2004-08-04,17.947896808058946,18.06964296839014,17.935081165462623,17.979934692382812,46217900,0.0,0.0
2004-08-05,18.044014291103622,18.076052180057932,17.63392344608626,17.640331268310547,55591700,0.0,0.0
2004-08-06,17.54422220852474,17.851791688073867,17.33917670360373,17.390438079833984,75628000,0.0,0.0
2004-08-09,17.467326580041682,17.48014222657782,17.364803852087224,17.416065216064453,51877500,0.0,0.0
2004-08-10,17.492956770628062,17.78130270882733,17.460918876235848,17.7620792388916,57632700,0.0,0.0
2004-08-11,17.550638018885802,17.627530729301263,17.428892958799562,17.563453674316406,53097300,0.0,0.0
2004-08-12,17.448098131123338,17.49935948047226,17.21101484869718,17.22382926940918,50279700,0.0,0.0
2004-08-13,17.307135496126303,17.460919595444444,17.287912025398768,17.31354331970215,43333200,0.0,0.0
2004-08-16,17.319948908475716,17.428879450874955,17.275094149232434,17.358394622802734,54347200,0.0,0.0
2004-08-17,17.441703813089816,17.544226591161028,17.287919645983,17.332773208618164,56879700,0.0,0.0
2004-08-18,17.255875746392714,17.621113169263374,17.230244449687934,17.595481872558594,58844000,0.0,0.0
2004-08-19,17.524995052323998,17.58907206022323,17.30713395876697,17.37761878967285,46293000,0.0,0.0
2004-08-20,17.384033538851718,17.537818918759914,17.32636554909595,17.42888832092285,46494800,0.0,0.0
2004-08-23,17.525280696493155,17.56383982610918,17.42888225956678,17.506000518798828,39572200,0.08,0.0
2004-08-24,17.608825681623312,17.647384811239338,17.409602081872453,17.506000518798828,40835300,0.0,0.0
2004-08-25,17.48672120263437,17.782344479648902,17.467442249762843,17.705224990844727,53512700,0.0,0.0
2004-08-26,17.647379428524367,17.737352337882175,17.602393586731587,17.6345272064209,35465500,0.0,0.0
2004-08-27,17.67308581652167,17.769484221275526,17.64095342352779,17.64737892150879,33248700,0.0,0.0
2004-08-30,17.54456329345703,17.602402612784026,17.255367922594946,17.54456329345703,36679600,0.0,0.0
2004-08-31,17.538137791996597,17.55741674792367,17.383898789942688,17.54456329345703,52106700,0.0,0.0
2004-09-01,17.49957465814128,17.685946041083408,17.441735347971154,17.602399826049805,48507500,0.0,0.0
2004-09-02,17.608822409064008,17.788767023450873,17.576690011317826,17.750207901000977,42161700,0.0,0.0
2004-09-03,17.647380238575714,17.750206600529193,17.41602429505425,17.42245101928711,46174400,0.0,0.0
2004-09-07,17.538134489679525,17.5959725723431,17.454588277150464,17.583120346069336,44893400,0.0,0.0
2004-09-08,17.544555999010914,17.653807865008268,17.441730857574857,17.518850326538086,53278100,0.0,0.0
2004-09-09,17.544563807439413,17.653815722060706,17.4674455299261,17.53171157836914,56904700,0.0,0.0
2004-09-10,17.570269485213153,17.679521392174415,17.467444305222887,17.666667938232422,52664500,0.0,0.0
2004-09-13,17.692376796090752,17.718082481035065,17.184676341381117,17.512432098388672,48239200,0.0,0.0
2004-09-14,17.58954136462812,17.679513048213675,17.525275351021758,17.6345272064209,55920000,0.0,0.0
2004-09-15,17.583123139283853,17.60882882168758,17.44173759585838,17.4738712310791,52605700,0.0,0.0
2004-09-16,17.493143428292885,17.576689621817415,17.46101103125876,17.518850326538086,35951500,0.0,0.0
2004-09-17,17.602398263997593,17.69237119726279,17.518853282150534,17.67951774597168,65283000,0.0,0.0
2004-09-20,17.63453189222537,17.769489453464296,17.563839135896842,17.67951774597168,51513600,0.0,0.0
2004-09-21,17.640955641658042,17.69236821237607,17.51242360197679,17.518850326538086,73874400,0.0,0.0
2004-09-22,17.531711600906096,17.827333708042016,17.396752776424933,17.42888641357422,68409000,0.0,0.0
2004-09-23,17.473869318618675,17.60240016811571,17.461015865937156,17.57669448852539,52155800,0.0,0.0
2004-09-24,17.602404169733433,17.64739003857283,17.47387329101701,17.53813934326172,49859800,0.0,0.0
2004-09-27,17.461017776990815,17.55741623110728,17.435310868814238,17.4738712310791,47813600,0.0,0.0
2004-09-28,17.486719644925802,17.583119303786958,17.37746898632531,17.525279998779297,62055100,0.0,0.0
2004-09-29,17.51885602836906,17.795199145584007,17.499575848410075,17.724506378173828,61529300,0.0,0.0
2004-09-30,17.73093016058766,17.859462220759145,17.685944307259412,17.769489288330078,71218000,0.0,0.0
2004-10-01,17.87874153307258,18.20007046422276,17.853035855982316,18.15508460998535,66302800,0.0,0.0
2004-10-04,18.27718537888644,18.290037601333026,18.03940148992645,18.071535110473633,62016200,0.0,0.0
2004-10-05,18.090823058748366,18.283621200648017,18.058690647984875,18.23863410949707,58017700,0.0,0.0
2004-10-06,18.245050972122183,18.347876101897636,18.142225842346726,18.335023880004883,56999600,0.0,0.0
2004-10-07,18.341452111145188,18.373584507176083,18.097241488529978,18.103668212890625,38401500,0.0,0.0
2004-10-08,18.058687911600355,18.206498939951647,17.97514169503817,17.987995147705078,49556600,0.0,0.0
2004-10-11,18.122952902911397,18.135805129063623,17.949434979243602,18.03297996520996,44691000,0.0,0.0
2004-10-12,17.88516842129254,18.097245468747687,17.872314969744323,18.013700485229492,56412900,0.0,0.0
2004-10-13,18.11652564607001,18.167938226490268,17.955861179035125,18.013700485229492,49500700,0.0,0.0
2004-10-14,18.02012756564995,18.097245824911766,17.865888595581055,17.865888595581055,41548700,0.0,0.0
2004-10-15,17.97514169503817,18.14865962872328,17.878743251581792,17.987995147705078,49828500,0.0,0.0
2004-10-18,18.039406003477836,18.283616677650016,17.981566697793507,18.257909774780273,50350700,0.0,0.0
2004-10-19,18.33502450920183,18.373583627747788,18.10366734638153,18.11009407043457,57026500,0.0,0.0
2004-10-20,18.135805802942468,18.476414936971764,18.071540992475498,18.44428253173828,69078100,0.0,0.0
2004-10-21,18.51497355529147,18.566386137703834,18.296469773595756,18.35430908203125,94988500,0.0,0.0
2004-10-22,18.187213817363713,18.212920715709963,17.724500679082606,17.82732582092285,101912800,0.0,0.0
2004-10-25,17.782344478098903,17.846610514467997,17.70522498930145,17.756637573242188,61529500,0.0,0.0
2004-10-26,17.808043775602034,17.93014907836914,17.756631210085185,17.93014907836914,76966600,0.0,0.0
2004-10-27,17.904444488874308,18.219346624888136,17.72449988582112,18.0908145904541,72392600,0.0,0.0
2004-10-28,18.065116722467717,18.341459857829893,17.930157905437717,18.000850677490234,63059600,0.0,0.0
2004-10-29,18.071545028742452,18.09082398587941,17.86589342168887,17.97514533996582,80010100,0.0,0.0
2004-11-01,18.097242344493765,18.17436181469678,17.968710302746203,18.04582977294922,72930900,0.0,0.0
2004-11-02,18.161510295788226,18.296467850772903,18.0136992901081,18.148656845092773,89417100,0.0,0.0
2004-11-03,18.412141586820805,18.412141586820805,18.193637885866476,18.296463012695312,79666700,0.0,0.0
2004-11-04,18.238630798582218,18.6370792388916,18.238630798582218,18.6370792388916,87867700,0.0,0.0
2004-11-05,18.772037672353566,18.868437343115833,18.65636027382976,18.8363037109375,95337700,0.0,0.0
2004-11-08,18.75276389667439,18.945560839886934,18.72063025562359,18.81702995300293,112802100,0.0,0.0
2004-11-09,18.913421803327186,19.20904384286368,18.862009221417683,19.131925582885742,100401000,0.0,0.0
2004-11-10,19.22833135568601,19.27974395720764,19.080520279532966,19.106225967407227,84097700,0.0,0.0
2004-11-11,19.20904263850563,19.33114797254975,19.16405678537689,19.266881942749023,87358900,0.0,0.0
2004-11-12,19.38255758587087,19.40826448416725,19.151200404292947,19.260452270507812,162269000,0.0,0.0
2004-11-15,19.58278224230442,19.697385100870125,19.482505082602895,19.618595123291016,104468000,3.08,0.0
2004-11-16,19.57560944977229,19.58277229556613,19.375053866064217,19.425193786621094,64522600,0.0,0.0
2004-11-17,19.518315215159383,19.589942333220385,19.382223827460844,19.461013793945312,58830700,0.0,0.0
2004-11-18,19.432357121384047,19.461008507294657,19.339242849521113,19.389381408691406,63249900,0.0,0.0
2004-11-19,19.36072588929778,19.389375900896724,19.22463457722737,19.23896026611328,85808600,0.0,0.0
2004-11-22,19.160175758779438,19.210314317878243,18.69460166778207,19.08854866027832,92410800,0.0,0.0
2004-11-23,18.99543305552448,19.124361550544155,18.909480270120305,19.002595901489258,70459700,0.0,0.0
2004-11-24,19.067071768419684,19.145860389699468,18.909491793512093,19.081396102905273,60069200,0.0,0.0
2004-11-26,19.024082991264297,19.210312887026845,19.01692014533037,19.052734375,24398700,0.0,0.0
2004-11-29,19.081385781322485,19.303429922915228,19.059898608130027,19.174501419067383,67079900,0.0,0.0
2004-11-30,19.16018169897172,19.34641166634182,19.124368821704802,19.203157424926758,75960400,0.0,0.0
2004-12-01,19.303428723909114,19.539797177557368,19.203150245937636,19.518308639526367,99889000,0.0,0.0
2004-12-02,19.53263985124305,19.625754143344025,19.28194563473087,19.403711318969727,96088300,0.0,0.0
2004-12-03,19.453853501310814,19.654409184995295,19.439527802581818,19.503992080688477,76498400,0.0,0.0
2004-12-06,19.4108754196445,19.654406803838,19.389386874154372,19.57561683654785,55297400,0.0,0.0
2004-12-07,19.525472759420257,19.61142418480554,19.339242849521113,19.389381408691406,111656000,0.0,0.0
2004-12-08,19.3464126810554,19.59710693359375,19.27478555659105,19.59710693359375,95655000,0.0,0.0
2004-12-09,19.43236495321732,19.597107756253134,19.296274913813324,19.503992080688477,83006000,0.0,0.0
2004-12-10,19.39653968811035,19.468166769848477,19.36788967511887,19.39653968811035,70949200,0.0,0.0
2004-12-13,19.41086868171774,19.539797177557368,19.274777339867782,19.518308639526367,93812500,0.0,0.0
2004-12-14,19.375063524475156,19.575619208159637,19.367902041284484,19.503992080688477,127843200,0.0,0.0
2004-12-15,19.49682026694076,19.625748763874444,19.389380308220424,19.418031692504883,106303900,0.0,0.0
2004-12-16,19.446690757774256,19.53980643384564,19.346413598473223,19.453853607177734,88997500,0.0,0.0
2004-12-17,19.339245949218682,19.568451608547587,19.195991729051368,19.31059455871582,126184400,0.0,0.0
2004-12-20,19.34641200600644,19.446689157053328,19.26045918641359,19.303436279296875,85552800,0.0,0.0
2004-12-21,19.339242849521113,19.461008507294657,19.296267136828472,19.389381408691406,94646100,0.0,0.0
2004-12-22,19.224649962296528,19.446692853032747,19.181674227419126,19.317764282226562,63651900,0.0,0.0
2004-12-23,19.24613170933673,19.446685978651555,19.217480318764043,19.34640884399414,65801900,0.0,0.0
2004-12-27,19.346406711353545,19.41087096686241,19.21031535348223,19.23180389404297,55958500,0.0,0.0
2004-12-28,19.23180915733179,19.3607377036342,19.195994913262385,19.303436279296875,55075900,0.0,0.0
2004-12-29,19.23180721239604,19.339247201391274,19.21031866812756,19.267620086669922,47594900,0.0,0.0
2004-12-30,19.260447850334234,19.296262073324538,19.160170758307213,19.167333602905273,48355400,0.0,0.0
2004-12-31,19.160175673095285,19.267615637279857,19.110037114220702,19.138687133789062,54959500,0.0,0.0
2005-01-03,19.195996589226336,19.30343796464132,19.088556579985195,19.15302085876465,65002900,0.0,0.0
2005-01-04,19.2461246128871,19.410865949415978,19.095707600189392,19.22463607788086,109442100,0.0,0.0
2005-01-05,19.2246392240562,19.410869126068455,19.167337820834984,19.181663513183594,72463500,0.0,0.0
2005-01-06,19.231811992754853,19.382227741501584,19.081394877834203,19.160184860229492,76890500,0.0,0.0
2005-01-07,19.210320477017316,19.260459052191354,19.06706760025916,19.102880477905273,68723300,0.0,0.0
2005-01-10,19.05274244993808,19.23897242462866,19.009766722293715,19.195995330810547,70376600,0.0,0.0
2005-01-11,19.117203018451608,19.21031730465899,19.05990160397626,19.14585304260254,64712000,0.0,0.0
2005-01-12,19.174500667009287,19.231802070230504,19.067060706741163,19.181663513183594,72940600,0.0,0.0
2005-01-13,19.110036052345908,19.19598747244825,18.73757625544057,18.81636619567871,89861600,0.0,0.0
2005-01-14,18.909479460931227,18.94529368922253,18.651623848099412,18.708925247192383,92180800,0.0,0.0
2005-01-18,18.644463394905596,18.87366902068923,18.508372042281575,18.85218048095703,69146400,0.0,0.0
2005-01-19,18.77339351376991,18.809207752339972,18.565676394757602,18.608652114868164,58114100,0.0,0.0
2005-01-20,18.508375567544338,18.69460551550781,18.43674845430092,18.522701263427734,58380100,0.0,0.0
2005-01-21,18.587163342655877,18.71609049192239,18.36511918109898,18.372282028198242,76501000,0.0,0.0
2005-01-24,18.451074296942394,18.622978550389778,18.36512148713192,18.38661003112793,69010900,0.0,0.0
2005-01-25,18.451074355989572,18.759069990050207,18.443911507967982,18.637304306030273,67580700,0.0,0.0
2005-01-26,18.673117935609145,18.744745052550034,18.551352246661722,18.630142211914062,64974500,0.0,0.0
2005-01-27,18.587166037266535,18.737581749636828,18.515538922063424,18.70176887512207,93204100,0.0,0.0
2005-01-28,19.009762481980335,19.088551070724815,18.59432553144833,18.75190544128418,110466500,0.0,0.0
2005-01-31,18.873666843880663,18.99543248930595,18.73757550695284,18.823528289794922,71442100,0.0,0.0
2005-02-01,18.80204942410935,18.93097798160534,18.78056087580207,18.902326583862305,57981700,0.0,0.0
2005-02-02,18.92381502596464,18.981116454955284,18.823537866774462,18.952465057373047,79329500,0.0,0.0
2005-02-03,18.8879968090042,18.909483984946583,18.694604028482082,18.75190544128418,62545400,0.0,0.0
2005-02-04,18.74474051464261,18.887994713844034,18.72325197491041,18.85218048095703,61246500,0.0,0.0
2005-02-07,18.816375045042186,18.837862227086625,18.665957939861954,18.737585067749023,57763400,0.0,0.0
2005-02-08,18.759072756160812,18.86651275998008,18.73758420892745,18.794885635375977,61343700,0.0,0.0
2005-02-09,18.802045212576825,18.845020933391268,18.651629506639505,18.67311668395996,77874800,0.0,0.0
2005-02-10,18.694602161773332,18.71608933557016,18.622975061379517,18.665950775146484,71796400,0.0,0.0
2005-02-11,18.64446328526636,18.708927537910586,18.48688339383679,18.601486206054688,83835900,0.0,0.0
2005-02-14,18.572840791596075,18.7089321771664,18.558515094973174,18.630142211914062,58694000,0.0,0.0
2005-02-15,18.680431647775602,18.737909844183996,18.579845146657988,18.630138397216797,76551600,0.08,0.0
2005-02-16,18.587030657873516,18.63013896389397,18.443334477287543,18.529552459716797,57506600,0.0,0.0
2005-02-17,18.472072920958134,18.579845741765567,18.393041254857916,18.428964614868164,67024800,0.0,0.0
2005-02-18,18.42178780714743,18.42897275640131,18.249353136221202,18.30683135986328,77091100,0.0,0.0
2005-02-22,18.141578605822623,18.31401324792637,18.105655235946777,18.127208709716797,96419200,0.0,0.0
2005-02-23,18.134392182302072,18.21342523406503,18.084098920412412,18.105653762817383,83689400,0.0,0.0
2005-02-24,18.091281496639876,18.278085995165846,18.069726657060116,18.227792739868164,85236300,0.0,0.0
2005-02-25,18.19904923500115,18.23497258990514,18.06972296472574,18.141571044921875,62467700,0.0,0.0
2005-02-28,18.120012588221655,18.227785372170107,18.055349466007733,18.076904296875,82728000,0.0,0.0
2005-03-01,18.098470458518708,18.2565352060068,18.055360769794813,18.16313362121582,56394800,0.0,0.0
2005-03-02,18.098464684160678,18.306822631627487,18.076909846675854,18.148757934570312,67739000,0.0,0.0
2005-03-03,18.17750039168927,18.18468533911608,18.062543973637545,18.08409881591797,52183600,0.0,0.0
2005-03-04,18.1128372352366,18.17750039168927,18.055359026210738,18.08409881591797,63058200,0.0,0.0
2005-03-07,18.08409207259498,18.52954905423174,18.076907127847345,18.29963493347168,80407400,0.0,0.0
2005-03-08,18.249351501464844,18.407417630112878,18.206243180192118,18.249351501464844,52871800,0.0,0.0
2005-03-09,18.242162960592555,18.371489269332514,18.16313128222035,18.18468475341797,62991800,0.0,0.0
2005-03-10,18.270898818969727,18.306822176830366,18.14157253805022,18.270898818969727,59132900,0.0,0.0
2005-03-11,18.285269624948427,18.306823092587667,18.00506221214333,18.0266170501709,60617900,0.0,0.0
2005-03-14,18.01943217665622,18.069725428534557,17.933214194587404,18.040987014770508,65550500,0.0,0.0
2005-03-15,18.033802420078434,18.1343889257948,17.882921291115522,17.89729118347168,71469400,0.0,0.0
2005-03-16,17.832624798229674,17.94039623054302,17.645820342705427,17.69611358642578,74841400,0.0,0.0
2005-03-17,17.703301186499406,17.732040970300446,17.624269521823177,17.631454467773438,60573200,0.0,0.0
2005-03-18,17.624269761857068,17.897290859743787,17.444650221819185,17.466203689575195,135904000,0.0,0.0
2005-03-21,17.49494415310449,17.5021290994316,17.351247967339056,17.38717269897461,71446200,0.0,0.0
2005-03-22,17.379988073796643,17.437466275087225,17.214737045996355,17.236291885375977,102113300,0.0,0.0
2005-03-23,17.236295280224315,17.523686343281565,17.214740436599264,17.372806549072266,79293300,0.0,0.0
2005-03-24,17.415914673539103,17.58116436167291,17.387176252745192,17.44465446472168,78820900,0.0,0.0
2005-03-28,17.53086751435165,17.58116076825304,17.37280280632039,17.38717269897461,49802000,0.0,0.0
2005-03-29,17.34406170531806,17.415909792750494,17.11414892184491,17.185997009277344,74231700,0.0,0.0
2005-03-30,17.272216155341525,17.379987608578045,17.24347637027132,17.35843276977539,59585700,0.0,0.0
2005-03-31,17.423101692931706,17.466210014442456,17.329700101260272,17.365623474121094,62382300,0.0,0.0
2005-04-01,17.41591328115088,17.49494633019567,17.31532676083101,17.329696655273438,64619600,0.0,0.0
2005-04-04,17.32251102340417,17.43028248668574,17.20036966624813,17.408727645874023,62196400,0.0,0.0
2005-04-05,17.401543832406887,17.602718248587784,17.329697099131693,17.58116340637207,73549600,0.0,0.0
2005-04-06,17.581161141506122,17.918846774107532,17.566792618935242,17.724857330322266,78020200,0.0,0.0
2005-04-07,17.717667511545816,18.055351680896838,17.69611267803437,18.033798217773438,77451500,0.0,0.0
2005-04-08,18.012247690474233,18.14157398168502,17.89729129170651,17.918846130371094,47956300,0.0,0.0
2005-04-11,17.983510758152725,18.04098896227386,17.861369403096745,17.940401077270508,47791800,0.0,0.0
2005-04-12,17.90447494485673,18.213420758128393,17.81825696681346,18.191865921020508,67517800,0.0,0.0
2005-04-13,18.127196224442766,18.285262231959983,17.954761701104893,17.990686416625977,60929300,0.0,0.0
2005-04-14,17.969135720112355,18.062537261173446,17.8398094552677,17.846994400024414,66754400,0.0,0.0
2005-04-15,17.660194505669253,17.89010731567297,17.538053154056218,17.573976516723633,100251600,0.0,0.0
2005-04-18,17.56679443974946,17.8470005295573,17.530869703627587,17.71048927307129,75766400,0.0,0.0
2005-04-19,17.75359177501877,17.8182549084844,17.566788689882635,17.69611358642578,65956200,0.0,0.0
2005-04-20,17.717671356464397,17.746411140716486,17.459018779748956,17.473388671875,91923500,0.0,0.0
2005-04-21,17.58835010506246,18.2421653097655,17.58116515694181,18.16313362121582,93562300,0.0,0.0
2005-04-22,17.997879316977187,18.14157551275839,17.803891234177595,17.947586059570312,80087500,0.0,0.0
2005-04-25,18.012253073127628,18.163134248091257,17.86137326855278,17.954774856567383,75457900,0.0,0.0
2005-04-26,17.92602573840666,18.141568579312615,17.77514465346212,17.789514541625977,60464300,0.0,0.0
2005-04-27,17.71767704195778,18.069731289687873,17.696122196851896,17.954774856567383,47732800,0.0,0.0
2005-04-28,17.83262962202928,17.904477719802752,17.559608494956265,17.56679344177246,83623100,0.0,0.0
2005-04-29,17.875742592807473,18.17750358581543,17.81108079538112,18.17750358581543,98641200,0.0,0.0
2005-05-02,18.127208709716797,18.220611664015944,17.92603564579012,18.127208709716797,54376700,0.0,0.0
2005-05-03,18.055356728558166,18.249346173229856,18.026618312896673,18.22060775756836,67867800,0.0,0.0
2005-05-04,18.20624169906313,18.249350016828874,18.04099200563719,18.112838745117188,86864200,0.0,0.0
2005-05-05,18.105655235946777,18.199056819857205,18.019437229700547,18.127208709716797,59362300,0.0,0.0
2005-05-06,18.199054869793137,18.306826338261466,18.098468348607838,18.12002182006836,64322600,0.0,0.0
2005-05-09,18.127203626450992,18.19905171644362,17.997877338541933,18.040987014770508,61872400,0.0,0.0
2005-05-10,17.990690240927943,18.019428649065993,17.832624199810446,17.89010238647461,62235100,0.0,0.0
2005-05-11,17.882921291115522,17.940399490151783,17.703301747828665,17.89729118347168,59463300,0.0,0.0
2005-05-12,17.847001510387926,18.0409909849416,17.839816562768682,17.961957931518555,74540700,0.0,0.0
2005-05-13,17.983515452758688,18.234981804941288,17.954775658001342,18.17750358581543,77204300,0.0,0.0
2005-05-16,18.184703793446026,18.37930856703343,18.155874220360072,18.372100830078125,50577300,0.08,0.0
2005-05-17,18.242363916128976,18.379308165819772,18.19911887007644,18.35047721862793,39983200,0.0,0.0
2005-05-18,18.379310292364625,18.624367872908316,18.32164976604466,18.523462295532227,71182400,0.0,0.0
2005-05-19,18.559489556125683,18.77571606902164,18.523452262221237,18.682018280029297,52120800,0.0,0.0
2005-05-20,18.653193612041377,18.682024556638993,18.545080319270518,18.552288055419922,64444500,0.0,0.0
2005-05-23,18.552290895690984,18.790140726094638,18.552290895690984,18.631574630737305,75421100,0.0,0.0
2005-05-24,18.59553132112391,18.653191830075652,18.53787081217217,18.559494018554688,61287700,0.0,0.0
2005-05-25,18.509040705603734,18.57390894812568,18.379304220559842,18.530662536621094,35749000,0.0,0.0
2005-05-26,18.559498765709762,18.73968807411471,18.545083291100887,18.667612075805664,50579200,0.0,0.0
2005-05-27,18.61716047718939,18.804557534854755,18.602745001660807,18.790142059326172,54978000,0.0,0.0
2005-05-31,18.732485295933657,18.761316252783935,18.559503679039054,18.59554100036621,46131100,0.0,0.0
2005-06-01,18.54509023291453,18.739695088773004,18.45860010235688,18.602750778198242,54621000,0.0,0.0
2005-06-02,18.530661713694233,18.63877636291951,18.48020894391437,18.58832359313965,27212500,0.0,0.0
2005-06-03,18.523460285262413,18.60274264113858,18.263987257614353,18.328855514526367,79659500,0.0,0.0
2005-06-06,18.29281656098298,18.379308027170808,18.242363778513088,18.28561019897461,40756900,0.0,0.0
2005-06-07,18.25678384121612,18.617162520572723,18.24236836410532,18.386520385742188,54511400,0.0,0.0
2005-06-08,18.41534712259607,18.465801284695658,18.263988760503366,18.307233810424805,45369700,0.0,0.0
2005-06-09,18.307236636368355,18.45859639656062,18.271199318326918,18.386520385742188,52767900,0.0,0.0
2005-06-10,18.372100560889297,18.39372377143838,18.263987257614353,18.328855514526367,39459800,0.0,0.0
2005-06-13,18.2784016582069,18.37209948228155,18.206325668676698,18.24236297607422,49104100,0.0,0.0
2005-06-14,18.242363645036964,18.3360628472828,18.191910862936226,18.27840232849121,44243300,0.0,0.0
2005-06-15,18.30722917282423,18.31443690844116,18.098210338873294,18.206323623657227,50764800,0.0,0.0
2005-06-16,18.177493223185,18.18470095901684,17.982889854665466,18.047758102416992,65918800,0.0,0.0
2005-06-17,18.213531902344204,18.227947374007886,17.961266647169943,18.047758102416992,90821300,0.0,0.0
2005-06-20,18.004517787672217,18.220745811684164,17.96848047103798,18.098217010498047,50538900,0.0,0.0
2005-06-21,18.076589987831518,18.155873717408284,18.047760415544197,18.127042770385742,81084000,0.0,0.0
2005-06-22,18.098210749640636,18.206324036878367,18.04055023813151,18.069379806518555,60492700,0.0,0.0
2005-06-23,18.141457415573033,18.465798681091357,18.127041942719963,18.24236297607422,105159800,0.0,0.0
2005-06-24,18.177493223185,18.307229718688053,18.047758102416992,18.047758102416992,57970700,0.0,0.0
2005-06-27,18.069383354640703,18.199119874695185,18.04055378059265,18.054967880249023,61636200,0.0,0.0
2005-06-28,18.083795278079595,18.16307899693028,18.04055023813151,18.069379806518555,53058100,0.0,0.0
2005-06-29,18.177495281789124,18.249571273535107,18.018929199736117,18.083797454833984,55859900,0.0,0.0
2005-06-30,18.062170557124762,18.11983106380193,17.889189037093267,17.90360450744629,82018200,0.0,0.0
2005-07-01,17.910820600074807,18.011726190160147,17.78108405583048,17.809913635253906,69718400,0.0,0.0
2005-07-05,17.773872608017463,18.155874422489802,17.74504303461055,18.004514694213867,61883500,0.0,0.0
2005-07-06,17.997305333535596,18.07658905903869,17.79549421368795,17.802701950073242,64214600,0.0,0.0
2005-07-07,17.71621742732736,17.809915287565758,17.6585568883955,17.76667022705078,80082900,0.0,0.0
2005-07-08,17.759456179344653,18.10542066477834,17.752248442696537,18.083797454833984,56104000,0.0,0.0
2005-07-11,18.127045999335213,18.29281985003826,18.098216421912515,18.22795295715332,61525400,0.0,0.0
2005-07-12,18.19191070487806,18.465799197809865,18.163081133100352,18.45859146118164,63384800,0.0,0.0
2005-07-13,18.40093297654668,18.55949907568666,18.364894289422587,18.494630813598633,44749200,0.0,0.0
2005-07-14,18.5883320059258,18.81176639096017,18.5883320059258,18.718067169189453,69506800,0.0,0.0
2005-07-15,18.768512842201947,18.811757877051136,18.559492653416942,18.58832359313965,56472800,0.0,0.0
2005-07-18,18.530665269833086,18.58832716034414,18.41534423828125,18.41534423828125,39668000,0.0,0.0
2005-07-19,18.588331553365244,18.919879253748384,18.559500601296033,18.855010986328125,113290100,0.0,0.0
2005-07-20,18.739694109060284,18.90546799624231,18.653202608288577,18.876638412475586,71424800,0.0,0.0
2005-07-21,18.955912977384287,19.085649487642684,18.73968637677709,19.056819915771484,112932100,0.0,0.0
2005-07-22,18.73247705825902,18.98474232082164,18.473004059653455,18.509042739868164,97558900,0.0,0.0
2005-07-25,18.516252517700195,18.66761086708702,18.487421570349237,18.516252517700195,45174600,0.0,0.0
2005-07-26,18.53787532819013,18.552290802623567,18.4009324452784,18.408140182495117,51476400,0.0,0.0
2005-07-27,18.458589967428917,18.595532828077587,18.400929453804455,18.537872314453125,57977300,0.0,0.0
2005-07-28,18.559494018554688,18.63156999842811,18.494625774142108,18.559494018554688,44738700,0.0,0.0
2005-07-29,18.58112023439109,18.739686316006473,18.44417598792519,18.45859146118164,59524400,0.0,0.0
2005-08-01,18.602734583757947,18.77571606902164,18.5666972898535,18.682018280029297,61346800,0.0,0.0
2005-08-02,18.66761443862939,19.388371763477902,18.645992598714653,19.323503494262695,137510100,0.0,0.0
2005-08-03,19.287465531716748,19.77037297817558,19.26584231779097,19.640636444091797,139422400,0.0,0.0
2005-08-04,19.575768569680697,19.820826166812857,19.496484825098094,19.691089630126953,91461400,0.0,0.0
2005-08-05,19.669469022861577,20.137961032119026,19.640638068575917,20.008224487304688,82212400,0.0,0.0
2005-08-08,20.037045462625894,20.065876404531085,19.518100880947234,19.55413818359375,77207200,0.0,0.0
2005-08-09,19.619019713715076,19.828040059866776,19.467661290421148,19.712718963623047,64761800,0.0,0.0
2005-08-10,19.755955625945614,19.820823886826783,19.352331960812485,19.424407958984375,62818800,0.0,0.0
2005-08-11,19.44602813103397,19.67667020564678,19.381159875707215,19.655048370361328,48646800,0.0,0.0
2005-08-12,19.51810415182501,19.5613491971949,19.38836764098013,19.49648094177246,52006500,0.0,0.0
2005-08-15,19.503710475371708,19.735036698720542,19.29407160251672,19.612144470214844,45976600,0.08,0.0
2005-08-16,19.539855701933018,19.619373227995787,19.301300366118653,19.330215454101562,46894600,0.0,0.0
2005-08-17,19.388049901538043,19.626605272944385,19.27238677472365,19.482027053833008,52413100,0.0,0.0
2005-08-18,19.438656350092973,19.576006858524075,19.373595655510535,19.38805389404297,40861900,0.0,0.0
2005-08-19,19.409734892320927,19.453108214893625,19.301300896482655,19.315757751464844,36043500,0.0,0.0
2005-08-22,19.366363089259288,19.64106265885708,19.35190485432962,19.453109741210938,41691700,0.0,0.0
2005-08-23,19.40251079433195,19.568776389546613,19.330220985469314,19.424198150634766,48296700,0.0,0.0
2005-08-24,19.402506672374166,19.63383290853985,19.359133347796384,19.38081932067871,63645000,0.0,0.0
2005-08-25,19.445876919355367,19.583227367395935,19.409732717729753,19.539854049682617,39306300,0.0,0.0
2005-08-26,19.561549267904358,19.576007506915673,19.424200133737532,19.496488571166992,36774600,0.0,0.0
2005-08-29,19.3808139555645,19.68442990118644,19.3808139555645,19.626598358154297,52307700,0.0,0.0
2005-08-30,19.561540709505557,19.684432929707867,19.489250924890143,19.64828872680664,55163200,0.0,0.0
2005-08-31,19.641058455341163,19.836240448679916,19.547082706037063,19.792865753173828,65210200,0.0,0.0
2005-09-01,19.792877903491988,19.80010702384743,19.626612271757935,19.662757873535156,75974500,0.0,0.0
2005-09-02,19.66997811097508,19.71335281656029,19.49648342507385,19.532629013061523,52047500,0.0,0.0
2005-09-06,19.561544638380266,19.727811590033795,19.50371307483524,19.518171310424805,46089000,0.0,0.0
2005-09-07,19.474797312402053,19.597689553058547,19.388049280662628,19.40973663330078,44656100,0.0,0.0
2005-09-08,19.373585630813103,19.431417176204885,19.17117591134827,19.236236572265625,52552300,0.0,0.0
2005-09-09,19.243474122481878,19.38805235992564,19.17841343304749,19.214557647705078,41515800,0.0,0.0
2005-09-12,19.243465687791197,19.33744143199804,19.17117591134827,19.236236572265625,40550500,0.0,0.0
2005-09-13,19.18563429126832,19.344670697626544,19.062742084005617,19.14225959777832,63422900,0.0,0.0
2005-09-14,19.171173963657406,19.257920583525674,19.01213619587781,19.019365310668945,54969600,0.0,0.0
2005-09-15,19.06274350247575,19.10611682038037,18.954308139494824,18.990453720092773,60357200,0.0,0.0
2005-09-16,19.04105486460018,19.084428179567432,18.77358310154102,18.84587287902832,187384300,0.0,0.0
2005-09-19,18.86033349723976,18.990454837422405,18.69406795314549,18.795272827148438,61832300,0.0,0.0
2005-09-20,18.84587483904993,18.954308827151895,18.57117531060409,18.679609298706055,61043400,0.0,0.0
2005-09-21,18.65069664090089,18.722986440665192,18.383226174230195,18.426599502563477,68281800,0.0,0.0
2005-09-22,18.42660075037082,18.506119673377714,18.180816241816178,18.318166732788086,71314900,0.0,0.0
2005-09-23,18.296477958543917,18.462744910008183,18.159128857039104,18.267562866210938,66396800,0.0,0.0
2005-09-26,18.361538639809666,18.426599321075415,18.224188159491618,18.267562866210938,56203700,0.0,0.0
2005-09-27,18.33985408782997,18.397685655794984,18.28925025939891,18.318166732788086,48797900,0.0,0.0
2005-09-28,18.35430579842532,18.70129648771859,18.34707668210536,18.556716918945312,71019400,0.0,0.0
2005-09-29,18.513346268887805,18.795274951946798,18.433827356717053,18.751901626586914,66807100,0.0,0.0
2005-09-30,18.730215202895234,18.75913167377722,18.513347186533217,18.600093841552734,57644500,0.0,0.0
2005-10-03,18.5856299210915,18.600088152109972,18.39044931759332,18.433822631835938,55341300,0.0,0.0
2005-10-04,18.332623320516518,18.35430929479447,17.891656792688607,18.05792236328125,151666300,0.0,0.0
2005-10-05,18.101299853082157,18.108527593077476,17.83382797241211,17.83382797241211,73684700,0.0,0.0
2005-10-06,17.82659482421497,18.036235085842947,17.732619058569643,17.877197265625,81724600,0.0,0.0
2005-10-07,17.90612046967779,17.956722930121845,17.725396608769813,17.775999069213867,50768700,0.0,0.0
2005-10-10,17.833825085462685,17.841054203101184,17.602498836283612,17.682016372680664,48880900,0.0,0.0
2005-10-11,17.718161913467213,17.74707700513063,17.53020899180879,17.645872116088867,76567300,0.0,0.0
2005-10-12,17.703705240847704,17.85551396662296,17.544668775628537,17.566354751586914,71294400,0.0,0.0
2005-10-13,17.573587848624022,17.87720399010197,17.544672747861835,17.775999069213867,70192000,0.0,0.0
2005-10-14,17.86274306883368,17.877201306451184,17.71093571029021,17.83382797241211,53846700,0.0,0.0
2005-10-17,17.841056165484417,17.848285283918063,17.66756145951699,17.732622146606445,46924400,0.0,0.0
2005-10-18,17.703702179936954,17.94948664293429,17.674787090720667,17.761533737182617,69328200,0.0,0.0
2005-10-19,17.75430292843143,18.13743782043457,17.71092960933334,18.13743782043457,66574500,0.0,0.0
2005-10-20,18.10852574280188,18.166357308549397,17.88442859788192,17.920574188232422,58830600,0.0,0.0
2005-10-21,18.00732111559821,18.072381800384658,17.761536612807912,17.913345336914062,69431200,0.0,0.0
2005-10-24,17.992854206126015,18.144662857055664,17.84104693400901,18.144662857055664,51868000,0.0,0.0
2005-10-25,18.036242666376513,18.166362693771134,17.94949460263307,18.094074249267578,41310500,0.0,0.0
2005-10-26,18.05069496652269,18.31093771317518,18.021779871790944,18.151901245117188,58178100,0.0,0.0
2005-10-27,18.231415831621234,18.267561417687844,17.963945388793945,17.963945388793945,61566100,0.0,0.0
2005-10-28,18.14466975197692,18.506117351104695,18.14466975197692,18.455514907836914,106559300,0.0,0.0
2005-10-31,18.513350410294542,18.650699534461154,18.43383148033553,18.578411102294922,75122100,0.0,0.0
2005-11-01,18.513347104197592,18.867565598047264,18.513347104197592,18.766359329223633,71370400,0.0,0.0
2005-11-02,18.7446758869928,19.15672599919554,18.7446758869928,19.127809524536133,75067100,0.0,0.0
2005-11-03,19.22900920112964,19.257924287042204,18.975995650033276,19.113346099853516,73421600,0.0,0.0
2005-11-04,19.17841077851298,19.308530760558096,19.12057921577741,19.27238655090332,57464000,0.0,0.0
2005-11-07,19.31575422438583,19.575996869927526,19.30129737204348,19.525394439697266,77104800,0.0,0.0
2005-11-08,19.474796129119245,19.648290803243423,19.351903895929645,19.55431365966797,60091700,0.0,0.0
2005-11-09,19.503717959058907,19.62661023471907,19.47480285945194,19.489259719848633,59562100,0.0,0.0
2005-11-10,19.474796968639687,19.626604297987548,19.25792758252582,19.58323097229004,73314800,0.0,0.0
2005-11-11,19.626602010664524,19.80009667204831,19.612143777512625,19.720579147338867,51945600,0.0,0.0
2005-11-14,19.778415412951855,19.836246980523683,19.6627522778082,19.78564453125,67152200,0.0,0.0
2005-11-15,19.8146499073711,19.96690369971488,19.756648791920057,19.937902450561523,65081000,0.08,0.0
2005-11-16,19.923386962546328,20.21339232344893,19.89438711788339,20.11189079284668,86277000,0.0,0.0
2005-11-17,20.191653137065597,20.300405030299704,20.12640172455406,20.278654098510742,91351000,0.0,0.0
2005-11-18,20.387402056220118,20.48165330367464,20.227898030420945,20.351150512695312,75431200,0.0,0.0
2005-11-21,20.351155220884312,20.474407731672837,20.18440223065728,20.416406631469727,65794400,0.0,0.0
2005-11-22,20.343908924420475,20.3584095480461,20.198906836730973,20.235157012939453,104253300,0.0,0.0
2005-11-23,20.242401123046875,20.365653620392404,20.111898316109823,20.242401123046875,70541300,0.0,0.0
2005-11-25,20.15540176102964,20.25690472741388,19.916147040672033,20.126401901245117,44082500,0.0,0.0
2005-11-28,20.148153312421435,20.1916537945605,19.959649379344956,20.119152069091797,57517200,0.0,0.0
2005-11-29,20.14815145828321,20.14815145828321,20.010398330854965,20.06839942932129,62220400,0.0,0.0
2005-11-30,20.06839942932129,20.13365083795281,20.032147878495294,20.06839942932129,55904700,0.0,0.0
2005-12-01,20.104647534209455,20.372903451373066,20.104647534209455,20.22064971923828,61006100,0.0,0.0
2005-12-02,20.169896515665357,20.3729010065319,20.14814697286695,20.307649612426758,42319600,0.0,0.0
2005-12-05,20.24964957182344,20.314900969295774,20.09014554117772,20.191648483276367,47517300,0.0,0.0
2005-12-06,20.2278977791251,20.24239839635488,20.068395138162455,20.075645446777344,65980000,0.0,0.0
2005-12-07,20.061150965287908,20.119152069091797,19.97414861815438,20.119152069091797,55583200,0.0,0.0
2005-12-08,20.09014468115215,20.16264638444607,20.010394052098317,20.075645446777344,63931600,0.0,0.0
2005-12-09,20.090152740478516,20.177155095903906,20.03940194267017,20.090152740478516,48467000,0.0,0.0
2005-12-12,20.082893484667903,20.11914364078866,19.814637627667935,19.901639938354492,63757200,0.0,0.0
2005-12-13,19.785641242223658,19.887142803410423,19.575386427931008,19.66963768005371,104285500,0.0,0.0
2005-12-14,19.575386950975435,19.74939022459705,19.466635077818815,19.64063835144043,65076200,0.0,0.0
2005-12-15,19.633395337701977,19.65514627355771,19.437641063567206,19.517393112182617,79018100,0.0,0.0
2005-12-16,19.488379481745202,19.633382862939186,19.437628713183724,19.502880096435547,88542500,0.0,0.0
2005-12-19,19.44487905665503,19.481130593448242,19.321626597267574,19.452129364013672,68680100,0.0,0.0
2005-12-20,19.40137527480201,19.488376182506002,19.336123902596768,19.473876953125,62960600,0.0,0.0
2005-12-21,19.481137814970435,19.510137672300317,19.36513423708517,19.379634857177734,75800900,0.0,0.0
2005-12-22,19.365128599806603,19.41588075535639,19.154875201091148,19.278127670288086,91276900,0.0,0.0
2005-12-23,19.227385399808114,19.33613730122301,19.169384293529806,19.31438636779785,30689200,0.0,0.0
2005-12-27,19.343381977891802,19.46663446568831,19.17662901877154,19.18387794494629,37819000,0.0,0.0
2005-12-28,19.22013145426667,19.328883335117307,19.1041292636453,19.133129119873047,35444400,0.0,0.0
2005-12-29,19.147628885891315,19.212880288064092,19.03887700988839,19.046127319335938,34495500,0.0,0.0
2005-12-30,18.959123611450195,19.075125788473166,18.922873449701154,18.959123611450195,49044600,0.0,0.0
2006-01-03,19.031622617857302,19.575383264081797,18.92287076518337,19.459381103515625,79973000,0.0,0.0
2006-01-04,19.40863451039963,19.633388572036182,19.40863451039963,19.55363655090332,57975600,0.0,0.0
2006-01-05,19.54638528791068,19.669637776896465,19.51013512526695,19.56813621520996,48245500,0.0,0.0
2006-01-06,19.4956369379758,19.575388965162357,19.205631452099997,19.5101375579834,100963000,0.0,0.0
2006-01-09,19.524627713094745,19.62612923303423,19.40137527480201,19.473876953125,55625000,0.0,0.0
2006-01-10,19.32162700122717,19.589882847686468,19.27812653902058,19.575382232666016,64921900,0.0,0.0
2006-01-11,19.582641880054233,19.85814678257017,19.502889842259037,19.785646438598633,70120700,0.0,0.0
2006-01-12,19.75664335728225,19.76389366757618,19.55363881761805,19.676891326904297,45994800,0.0,0.0
2006-01-13,19.597149679495615,19.756652430648867,19.58264905224825,19.713151931762695,41418000,0.0,0.0
2006-01-17,19.50288481616719,19.71313963149502,19.50288481616719,19.56813621520996,58566600,0.0,0.0
2006-01-18,19.386877980640623,19.560881208683842,19.357878134060787,19.452129364013672,52376200,0.0,0.0
2006-01-19,19.481135745586986,19.749390274527855,19.46663512703475,19.589887619018555,60367600,0.0,0.0
2006-01-20,19.58263766873575,19.58263766873575,19.038876908754453,19.147628784179688,79165900,0.0,0.0
2006-01-23,19.147622621463558,19.234624923514886,19.067870626487732,19.104122161865234,47925600,0.0,0.0
2006-01-24,19.0968776242297,19.176629643299748,19.00987529589372,19.053377151489258,63040700,0.0,0.0
2006-01-25,19.147625445473924,19.26362761008129,19.017122664576913,19.1403751373291,59072100,0.0,0.0
2006-01-26,19.25637774056448,19.37237990781418,19.075124181379955,19.21287727355957,69509300,0.0,0.0
2006-01-27,19.74214419571958,20.264155512619066,19.713144335255937,20.14815330505371,134520700,0.0,0.0
2006-01-30,20.169893198826426,20.430898732325918,20.140893352245776,20.300395965576172,103999200,0.0,0.0
2006-01-31,20.235144039194505,20.575900178787695,20.206144193392063,20.409147262573242,94841300,0.0,0.0
2006-02-01,20.271402350275565,20.35115437832376,20.126400297198686,20.329404830932617,68448800,0.0,0.0
2006-02-02,20.27865289269098,20.29315351302138,19.974146780028974,20.06839942932129,55073400,0.0,0.0
2006-02-03,19.923390393663578,20.082894406770055,19.821888845581185,19.96689224243164,75022700,0.0,0.0
2006-02-06,19.945145823986675,19.9668967532846,19.640639728091642,19.698640823364258,60170500,0.0,0.0
2006-02-07,19.539144996141612,19.68414709364898,19.43764200674521,19.53189468383789,72159500,0.0,0.0
2006-02-08,19.58263927516616,19.63339006233752,19.365134123617878,19.5101375579834,51795200,0.0,0.0
2006-02-09,19.546384037719534,19.59713619817173,19.321630001422566,19.328880310058594,52861700,0.0,0.0
2006-02-10,19.29988093501658,19.495633741603925,19.220128920905623,19.350631713867188,52127000,0.0,0.0
2006-02-13,19.307132405805103,19.35788457420025,19.096878953874565,19.133129119873047,46707000,0.0,0.0
2006-02-14,19.14762532474273,19.343379494853956,19.10412485900297,19.32162857055664,58432900,0.0,0.0
2006-02-15,19.350731360430256,19.590796765731785,19.277983973587762,19.55442237854004,62808900,0.09,0.0
2006-02-16,19.532605225616095,19.568978236610896,19.328912756437486,19.50350570678711,48868500,0.0,0.0
2006-02-17,19.401654447511063,19.503499958311636,19.321632181858604,19.423479080200195,41513200,0.0,0.0
2006-02-21,19.438028679037462,19.438028679037462,19.161590251836618,19.307085037231445,50216100,0.0,0.0
2006-02-22,19.29981360575571,19.539879073249132,19.256164329817736,19.438032150268555,43043100,0.0,0.0
2006-02-23,19.445301415126,19.56169667560427,19.30708291052115,19.394378662109375,47359100,0.0,0.0
2006-02-24,19.343458561062953,19.452578959279016,19.292535801064865,19.372556686401367,44753800,0.0,0.0
2006-02-27,19.459850292518894,19.83086068889986,19.401652664902716,19.678091049194336,51301500,0.0,0.0
2006-02-28,19.605343466405383,19.859957199377813,19.54714584350586,19.54714584350586,65036100,0.0,0.0
2006-03-01,19.62716934427858,19.787213869406482,19.60534609997275,19.74356460571289,53061200,0.0,0.0
2006-03-02,19.65627223507641,19.7144698758059,19.568975080211576,19.619897842407227,41850300,0.0,0.0
2006-03-03,19.50349838081311,19.758113524761562,19.4525756295316,19.590795516967773,45218800,0.0,0.0
2006-03-06,19.583526862928903,19.75084492389031,19.518054336893332,19.576251983642578,53054100,0.0,0.0
2006-03-07,19.568972319191943,19.71446709425816,19.503499809166247,19.685367584228516,51613900,0.0,0.0
2006-03-08,19.634444765645263,20.005455192075956,19.61989501067755,19.82358741760254,57547400,0.0,0.0
2006-03-09,19.838129643617624,19.9472499893802,19.641712188720703,19.641712188720703,45360700,0.0,0.0
2006-03-10,19.685362429984075,19.801757664544727,19.554417444218178,19.765384674072266,41297200,0.0,0.0
2006-03-13,19.772667298988896,19.85268957443946,19.598074378721368,19.721744537353516,40342600,0.0,0.0
2006-03-14,19.67081964917521,19.91815855215938,19.63444526083854,19.809038162231445,39821800,0.0,0.0
2006-03-15,19.78721496163302,19.9690827411056,19.64899506072237,19.903610229492188,57152000,0.0,0.0
2006-03-16,19.88905560204795,19.990901089591116,19.801758478767592,19.838132858276367,73793700,0.0,0.0
2006-03-17,19.896340321703278,20.121856036069218,19.83814267323654,20.005460739135742,120615000,0.0,0.0
2006-03-20,20.150948901907906,20.361914787628447,20.129124270609534,20.289167404174805,67094100,0.0,0.0
2006-03-21,20.1800479888916,20.529233781137364,20.13640011174613,20.1800479888916,73199600,0.0,0.0
2006-03-22,19.699914578176074,20.005452452959265,19.49622219914034,19.750837326049805,145696100,0.0,0.0
2006-03-23,19.699918432162,19.71446818798402,19.394380497605013,19.53260040283203,73682900,0.0,0.0
2006-03-24,19.430750398575384,19.794485910829128,19.365279282907306,19.64899253845215,69157600,0.0,0.0
2006-03-27,19.64899253845215,19.859958414038072,19.64171766170217,19.64899253845215,59908600,0.0,0.0
2006-03-28,19.64899772644586,19.794491137237976,19.503502928112518,19.5689754486084,58520500,0.0,0.0
2006-03-29,19.605348221888622,19.787216011006176,19.583523587679714,19.65627098083496,53150300,0.0,0.0
2006-03-30,19.663544771507876,19.925433429826715,19.641720138505875,19.809038162231445,54612000,0.0,0.0
2006-03-31,19.859961419979005,20.034555713322803,19.79448890686035,19.79448890686035,62190500,0.0,0.0
2006-04-03,20.129130791726478,20.17277868092264,19.961812726856692,20.049108505249023,57605300,0.0,0.0
2006-04-04,20.07819596982599,20.223689308985126,19.983623981209035,20.1072940826416,45470000,0.0,0.0
2006-04-05,20.281893498078034,20.325542762764503,20.107300601955153,20.1800479888916,41539300,0.0,0.0
2006-04-06,20.12185591227022,20.165503801466382,19.91088995820427,20.049108505249023,51885500,0.0,0.0
2006-04-07,20.085477456857383,20.1654983340978,19.809037662634825,19.82358741760254,47249400,0.0,0.0
2006-04-10,19.809044278258572,19.96181398135804,19.787221026059694,19.852693557739258,39432000,0.0,0.0
2006-04-11,19.852684709877238,19.874507952350022,19.641717449034665,19.73628807067871,42953400,0.0,0.0
2006-04-12,19.7144725933955,19.787220001220703,19.619900546960313,19.787220001220703,32183000,0.0,0.0
2006-04-13,19.699918997382433,19.78721614727815,19.641721359965658,19.692644119262695,28160000,0.0,0.0
2006-04-17,19.663537998741784,19.678086361524482,19.44529590651459,19.525318145751953,35796200,0.0,0.0
2006-04-18,19.59807061972458,20.005454022210873,19.5107734825642,19.801761627197266,56272700,0.0,0.0
2006-04-19,19.72175089677046,19.77994855562588,19.612629072317613,19.66355323791504,45111100,0.0,0.0
2006-04-20,19.678101611972664,19.77994855562588,19.42348772169373,19.66355323791504,45648300,0.0,0.0
2006-04-21,19.6780899487127,19.925430199134368,19.64171695381455,19.750837326049805,58528000,0.0,0.0
2006-04-24,19.692645023538333,19.823590060624277,19.62717250499536,19.721744537353516,42318400,0.0,0.0
2006-04-25,19.707194780445924,19.794490546809094,19.656272018810544,19.721744537353516,49222500,0.0,0.0
2006-04-26,19.699916340693377,19.809036722691438,19.641718711125012,19.714466094970703,39190000,0.0,0.0
2006-04-27,19.61989501067755,20.100025824284092,19.59807176576698,19.82358741760254,96509600,0.0,0.0
2006-04-28,17.62662376252978,17.82304128521339,17.459305748780462,17.56842613220215,591052200,0.0,0.0
2006-05-01,17.69209416135844,18.186774653952476,17.524776167551867,17.670270919799805,174800900,0.0,0.0
2006-05-02,17.815759359017356,18.18676962589037,17.386551484843114,17.46657371520996,190533500,0.0,0.0
2006-05-03,17.452031053589863,17.473855685518235,16.840955235005108,16.855504989624023,211527100,0.0,0.0
2006-05-04,16.98644363873477,17.21923407521192,16.83367404758386,17.051916122436523,171257400,0.0,0.0
2006-05-05,17.21196674216148,17.42293403486833,17.110121228463584,17.313812255859375,131604300,0.0,0.0
2006-05-08,17.350181258613556,18.186772516882005,17.102841041380714,17.26288414001465,80693500,0.0,0.0
2006-05-09,17.277441513158887,17.45930931856056,17.0882988290362,17.182870864868164,75345900,0.0,0.0
2006-05-10,17.21924288464927,17.306540036760016,17.161045245755826,17.291990280151367,76563300,0.0,0.0
2006-05-11,17.248331003517766,17.30652999618759,16.840947767611485,16.891870498657227,92916700,0.0,0.0
2006-05-12,16.83368035769565,17.00099976073124,16.7682078494515,16.855504989624023,83115900,0.0,0.0
2006-05-15,16.870109010646694,16.96504840359945,16.818987691906635,16.90662384033203,67314800,0.09,0.0
2006-05-16,16.913933972883566,17.527392833491948,16.73135696420136,16.80438804626465,82095100,0.0,0.0
2006-05-17,16.71674845201262,16.855507351893834,16.599899291992188,16.599899291992188,98598300,0.0,0.0
2006-05-18,16.680231101966644,16.899322895799955,16.621806530747648,16.672927856445312,95476400,0.0,0.0
2006-05-19,16.643716106904968,16.72404902096208,16.446532658584385,16.475744247436523,100071200,0.0,0.0
2006-05-22,16.41731554422792,16.811682341599415,16.395407206341478,16.70943832397461,87322300,0.0,0.0
2006-05-23,16.877407368139107,17.074589341475814,16.629102697914004,16.643709182739258,79986300,0.0,0.0
2006-05-24,16.78977620636408,17.19144633336753,16.782472961187484,17.162233352661133,107356700,0.0,0.0
2006-05-25,17.2133605455369,17.468968642071445,17.19145219548815,17.337512969970703,83052700,0.0,0.0
2006-05-26,17.359422732516425,17.439755671039052,17.206057317242198,17.322906494140625,46861600,0.0,0.0
2006-05-30,17.198746656669123,17.35211200584076,16.89932059580467,16.90662384033203,52497500,0.0,0.0
2006-05-31,16.986959687489264,17.052687501282666,16.541471481323242,16.541471481323242,120202000,0.0,0.0
2006-06-01,16.60719624596051,16.680227291538966,16.519560105627427,16.665620803833008,80230800,0.0,0.0
2006-06-02,16.702139492348127,16.78977564563737,16.556077379597337,16.62180519104004,73935600,0.0,0.0
2006-06-05,16.59259010183612,16.59989334584033,16.42461966859345,16.431922912597656,63914100,0.0,0.0
2006-06-06,16.46844006588202,16.475743310917835,16.05216484950169,16.161710739135742,126601300,0.0,0.0
2006-06-07,16.176322161278794,16.351595916723593,16.074079485507326,16.095989227294922,73827500,0.0,0.0
2006-06-08,16.088673999617278,16.220128173599665,16.0448545486722,16.147098541259766,104126900,0.0,0.0
2006-06-09,16.17632279441971,16.205535784613236,15.986442537017945,16.008352279663086,52573800,0.0,0.0
2006-06-12,16.03755354629904,16.13979755316375,15.847674804159888,15.854976654052734,74309700,0.0,0.0
2006-06-13,15.86958768858868,16.088680857855653,15.672404254133866,15.7089204788208,113175300,0.0,0.0
2006-06-14,15.767349779363085,16.02295785710931,15.73813679084262,15.979138374328613,86081500,0.0,0.0
2006-06-15,16.07407704237956,16.161713210305987,15.920711659080652,16.117895126342773,121577300,0.0,0.0
2006-06-16,16.044862137073718,16.2712585618444,15.91340790092018,16.139802932739258,147506500,0.0,0.0
2006-06-19,16.16901678332352,16.5049591483708,16.15441168367505,16.468442916870117,129640900,0.0,0.0
2006-06-20,16.461139149486275,16.621806370552136,16.431926167682498,16.475744247436523,90598500,0.0,0.0
2006-06-21,16.51225519876546,16.906620576449033,16.45383064677711,16.855499267578125,91660300,0.0,0.0
2006-06-22,16.84089392309844,16.921228209885513,16.636408673751404,16.70943832397461,76590600,0.0,0.0
2006-06-23,16.68753088093945,16.702137368947863,16.431922912597656,16.431922912597656,60532600,0.0,0.0
2006-06-26,16.54146844423503,16.716742117852526,16.52686195652907,16.665620803833008,53644100,0.0,0.0
2006-06-27,16.716747823624434,16.913931296103673,16.680232984847603,16.694839477539062,84759100,0.0,0.0
2006-06-28,16.767866864537407,16.979656800776777,16.731352030748642,16.913928985595703,71906500,0.0,0.0
2006-06-29,17.03078153734804,17.25717661668979,16.95775046218725,17.14032745361328,121395500,0.0,0.0
2006-06-30,17.191449446481162,17.27178237206767,17.01617431640625,17.01617431640625,73048800,0.0,0.0
2006-07-03,17.184140028919693,17.3228974837175,17.125715470859735,17.308292388916016,25711400,0.0,0.0
2006-07-05,17.14762608839194,17.176839067779884,17.016170467049253,17.05268669128418,53093500,0.0,0.0
2006-07-06,17.125720439146033,17.242569589164667,17.103810701160636,17.147628784179688,44775200,0.0,0.0
2006-07-07,17.081902141946383,17.19875130002843,17.01617431640625,17.01617431640625,63168800,0.0,0.0
2006-07-10,17.111112029376525,17.279082489583548,17.074595803493526,17.162233352661133,50565100,0.0,0.0
2006-07-11,17.06729877681575,17.06729877681575,16.60720395126552,16.870115280151367,88676300,0.0,0.0
2006-07-12,16.643717448398945,16.709443876851758,16.519565051629407,16.534170150756836,77379300,0.0,0.0
2006-07-13,16.33698330735154,16.512256982247834,16.24934577342772,16.256649017333984,73099500,0.0,0.0
2006-07-14,16.271265019645483,16.46844714860998,16.234748778761567,16.278568267822266,67499400,0.0,0.0
2006-07-17,16.278564653122565,16.512262971077625,16.256654913457332,16.417322158813477,37053500,0.0,0.0
2006-07-18,16.497654721797268,16.621807114113892,16.417320411194833,16.607200622558594,65047300,0.0,0.0
2006-07-19,16.66563369709021,17.133030521668665,16.592602595011723,17.08921241760254,82188200,0.0,0.0
2006-07-20,17.118421936771956,17.125725184790863,16.63641871114106,16.68754005432129,76605200,0.0,0.0
2006-07-21,17.585809475511283,17.636930791974027,16.797077210061246,17.432445526123047,175483800,0.0,0.0
2006-07-24,17.53470040506424,17.607731505137053,17.374033099265944,17.52739715576172,59586700,0.0,0.0
2006-07-25,17.52738781824747,17.739177756334744,17.45435675708111,17.68805503845215,60075800,0.0,0.0
2006-07-26,17.615022862037485,17.91444891652786,17.600416373293704,17.79759979248047,54942100,0.0,0.0
2006-07-27,17.950963327903917,17.96556981630796,17.35941447705424,17.432445526123047,85386800,0.0,0.0
2006-07-28,17.58581804819018,17.73188021752972,17.57121155266581,17.709970474243164,51705800,0.0,0.0
2006-07-31,17.578512200539446,17.83412026260278,17.53469411339918,17.571208953857422,40254400,0.0,0.0
2006-08-01,17.54199411709914,17.673449747169666,17.417841732360493,17.520084381103516,49168700,0.0,0.0
2006-08-02,17.615026693341154,17.819512008424343,17.549298872649633,17.74648094177246,46462000,0.0,0.0
2006-08-03,17.6661428911128,17.877931390643962,17.63692991575604,17.680747985839844,43155300,0.0,0.0
2006-08-04,17.819506785273955,17.885234586699724,17.636929868636,17.739173889160156,45690400,0.0,0.0
2006-08-07,17.731874510922943,17.877935240304026,17.666146695168386,17.68805503845215,36862400,0.0,0.0
2006-08-08,17.812204907683164,17.907145691669776,17.673447443320324,17.77569007873535,58171300,0.0,0.0
2006-08-09,17.88523920080167,17.994785100455246,17.7756933011481,17.848724365234375,44405700,0.0,0.0
2006-08-10,17.79760251023502,17.965572977583882,17.775692773773653,17.86332893371582,31753400,0.0,0.0
2006-08-11,17.841419219970703,17.856025709823157,17.673448765522107,17.841419219970703,30255500,0.0,0.0
2006-08-14,17.907150260226636,17.965574837219556,17.782997859997714,17.914453506469727,47831900,0.0,0.0
2006-08-15,17.99507765639112,18.068377643606595,17.914448928726973,18.046388626098633,48994500,0.09,0.0
2006-08-16,18.039065906044737,18.12702480841119,17.936445322508483,18.10503578186035,52373600,0.0,0.0
2006-08-17,18.10503578186035,18.141685091499447,18.039065906044737,18.10503578186035,45674800,0.0,0.0
2006-08-18,18.361576440111165,18.911324254462766,18.310266867797974,18.903995513916016,128414800,0.0,0.0
2006-08-21,18.80870606395395,19.153214208447817,18.73540607203922,19.145885467529297,88398300,0.0,0.0
2006-08-22,19.06526075424298,19.2411799459793,18.77939224243164,18.77939224243164,89312400,0.0,0.0
2006-08-23,18.80137404048685,19.021273994190405,18.706085039205284,18.8160343170166,44648500,0.0,0.0
2006-08-24,18.925991263781782,18.955311828722206,18.69143233658435,18.867351531982422,35933300,0.0,0.0
2006-08-25,18.8453622029152,19.057932116835985,18.83070331767501,18.947982788085938,33115900,0.0,0.0
2006-08-28,18.940644441391036,19.057923860996848,18.830695160270707,19.02127456665039,34190900,0.0,0.0
2006-08-29,18.999284930102448,19.0432643647374,18.786715099551646,18.940645217895508,42711200,0.0,0.0
2006-08-30,18.94798188331212,18.97730105047407,18.794051711947027,18.911331176757812,30283100,0.0,0.0
2006-08-31,18.962639449722747,19.04326819642995,18.82336958092841,18.838029861450195,26380500,0.0,0.0
2006-09-01,18.977294513744464,19.035934225951404,18.79404523833764,18.940645217895508,31594600,0.0,0.0
2006-09-05,18.830692466306346,19.028600584777337,18.735402077708496,18.772052764892578,44222400,0.0,0.0
2006-09-06,18.698752788605177,18.85268148053603,18.698752788605177,18.772052764892578,50160400,0.0,0.0
2006-09-07,18.67676885442762,18.83802913781001,18.610798992695052,18.640119552612305,51266900,0.0,0.0
2006-09-08,18.713422770248286,18.90400224821799,18.66211178157524,18.764732360839844,36866800,0.0,0.0
2006-09-11,18.640116530000054,19.021275358629538,18.63278639120937,18.991954803466797,55608200,0.0,0.0
2006-09-12,18.98462617428655,19.043265891193894,18.852686461724748,19.006616592407227,52248800,0.0,0.0
2006-09-13,18.925984964474544,19.131224656501253,18.925984964474544,19.043264389038086,37706700,0.0,0.0
2006-09-14,19.050593207449953,19.42442187161682,19.043263069162652,19.29981231689453,74324500,0.0,0.0
2006-09-15,19.483065382188332,19.74694481970675,19.417095522808726,19.68097496032715,126057700,0.0,0.0
2006-09-18,19.600344617344195,19.820244612346016,19.549035037934793,19.636995315551758,49135000,0.0,0.0
2006-09-19,19.600338926996702,19.746938881103855,19.585678651969832,19.68829917907715,43039100,0.0,0.0
2006-09-20,19.798253433630553,19.959512305311698,19.78359315491014,19.922863006591797,71676400,0.0,0.0
2006-09-21,19.96684575894536,19.97417589952229,19.680977266851997,19.717626571655273,58495100,0.0,0.0
2006-09-22,19.66631567051688,19.680975950690332,19.40976635980655,19.541706085205078,47712500,0.0,0.0
2006-09-25,19.651655710828308,19.93019544634132,19.63699682849706,19.754276275634766,67903900,0.0,0.0
2006-09-26,19.724958706253712,20.025487509881778,19.70296828229989,19.937528610229492,54766500,0.0,0.0
2006-09-27,19.92286393661534,20.135432395659752,19.878884496482222,20.11344337463379,66233900,0.0,0.0
2006-09-28,20.135425544432714,20.172076230473976,19.981496857301565,20.084115982055664,44179700,0.0,0.0
2006-09-29,20.047481536865234,20.098791137230926,19.944860938052095,20.047481536865234,34283500,0.0,0.0
2006-10-02,20.02548519373469,20.150094785564335,19.90087560190504,20.054805755615234,52908100,0.0,0.0
2006-10-03,20.0621337890625,20.142762529603303,19.94485295193905,20.0621337890625,39386200,0.0,0.0
2006-10-04,20.076791149931122,20.494599294637954,20.06213226972188,20.47994041442871,82191200,0.0,0.0
2006-10-05,20.46527862548828,20.604548462804015,20.362659481192996,20.46527862548828,81967200,0.0,0.0
2006-10-06,20.347996896738753,20.523916009046594,20.26736677931735,20.428627014160156,36452200,0.0,0.0
2006-10-09,20.37732143652305,20.47261185468047,20.245383115974708,20.318681716918945,33366300,0.0,0.0
2006-10-10,20.296688079833984,20.34066751001461,20.113438822987007,20.296688079833984,34598500,0.0,0.0
2006-10-11,20.128099764882542,20.2820298834197,20.09878060778276,20.18674087524414,37219600,0.0,0.0
2006-10-12,20.21606849156583,20.736497379145398,20.186749322197723,20.6851863861084,120174900,0.0,0.0
2006-10-13,20.773148884833805,21.029698284794037,20.75115845692347,20.79513931274414,129751900,0.0,0.0
2006-10-16,20.875756412552583,20.9637166769277,20.765807130644415,20.85376739501953,49744800,0.0,0.0
2006-10-17,20.699841266105715,20.89775085048184,20.64853168454477,20.8464412689209,40122600,0.0,0.0
2006-10-18,20.890418609516118,21.03701859758727,20.7144994626794,20.905078887939453,40630800,0.0,0.0
2006-10-19,20.78046204203047,20.853762010402907,20.6118730934303,20.736482620239258,44730800,0.0,0.0
2006-10-20,20.87576063013842,20.883090770157356,20.648531881876448,20.839111328125,48887800,0.0,0.0
2006-10-23,20.743816715030395,21.029686525688792,20.65585784873625,20.85376739501953,48525000,0.0,0.0
2006-10-24,20.83910960386202,20.83910960386202,20.619209615732622,20.72916030883789,61409600,0.0,0.0
2006-10-25,20.729157299564346,20.861095595591,20.62653676076904,20.75114631652832,40717100,0.0,0.0
2006-10-26,20.765807709575817,20.824447421433725,20.55323927837128,20.780467987060547,69964200,0.0,0.0
2006-10-27,20.883087332285804,21.102987302409133,20.707168195035752,20.77313804626465,89060100,0.0,0.0
2006-10-30,20.780472910969106,21.13964140596347,20.75848248953141,20.912412643432617,47296800,0.0,0.0
2006-10-31,21.00769275226448,21.14696256606418,20.934392776681438,21.044342041015625,61861700,0.0,0.0
2006-11-01,21.09566577308534,21.249594556719618,21.037026036736815,21.11765480041504,75895900,0.0,0.0
2006-11-02,21.044348477535515,21.15429917357942,20.94905945878946,21.088329315185547,58674400,0.0,0.0
2006-11-03,21.146966001911807,21.20560571228956,20.971046870778544,21.059005737304688,41124500,0.0,0.0
2006-11-06,21.08832551612579,21.29356379586092,21.080995377837972,21.13963508605957,60446200,0.0,0.0
2006-11-07,21.154296492131326,21.308225210151427,21.110315660056155,21.220266342163086,56511200,0.0,0.0
2006-11-08,21.095651897101774,21.425499672819274,21.00769165139537,21.242250442504883,77403300,0.0,0.0
2006-11-09,21.33755281587174,21.55012131548775,21.256922661837322,21.44750213623047,89407500,0.0,0.0
2006-11-10,21.381523150138495,21.469483407779705,21.366862874184815,21.432832717895508,37855100,0.0,0.0
2006-11-13,21.396188350237747,21.594096528835795,21.374197931246325,21.51346778869629,47271800,0.0,0.0
2006-11-14,21.53554004979042,21.638510076840152,21.381083606354412,21.498764038085938,63012500,0.1,0.0
2006-11-15,21.425200474724615,21.594367220649964,21.410491481789826,21.4178466796875,63943200,0.0,0.0
2006-11-16,21.432567380241338,21.800319058847325,21.425212178325857,21.675283432006836,64328500,0.0,0.0
2006-11-17,21.55759915312017,21.726765961210717,21.535534954179585,21.623794555664062,49356700,0.0,0.0
2006-11-20,21.712060242622343,22.06510153042237,21.697349838248662,21.984195709228516,85703800,0.0,0.0
2006-11-21,21.998898996359763,22.065094391763928,21.91063940439482,22.006254196166992,66446600,0.0,0.0
2006-11-22,22.04302879234223,22.065094391763928,21.932703600955595,22.006254196166992,43907200,0.0,0.0
2006-11-24,21.815020200457106,21.9474109730026,21.80030980287189,21.88857078552246,20456700,0.0,0.0
2006-11-27,21.837088836713814,21.873863432935416,21.572307254763338,21.682632446289062,72722100,0.0,0.0
2006-11-28,21.5796671225082,21.638507330907125,21.42521069867276,21.61644172668457,52602300,0.0,0.0
2006-11-29,21.653206495594198,21.903277602216708,21.645851298004064,21.748821258544922,58775100,0.0,0.0
2006-11-30,21.638505412022056,21.748830617628833,21.57231000808577,21.594375610351562,53297400,0.0,0.0
2006-12-01,21.49875105084078,21.550236033263932,21.25603513165982,21.4178466796875,72257000,0.0,0.0
2006-12-04,21.498756990234167,21.712053579611766,21.45462719351709,21.572307586669922,55123400,0.0,0.0
2006-12-05,21.594375859006984,21.6237952595057,21.351659842732797,21.425209045410156,45606000,0.0,0.0
2006-12-06,21.40313898429485,21.425203177911115,21.233973619886708,21.322233200073242,48564100,0.0,0.0
2006-12-07,21.30016937220945,21.38107516314889,21.1898441863853,21.21926498413086,46831100,0.0,0.0
2006-12-08,21.19720274085956,21.623794555664062,21.182492339658456,21.623794555664062,108854900,0.0,0.0
2006-12-11,21.469343938821744,21.881225436591702,21.410503724854607,21.726770401000977,107712000,0.0,0.0
2006-12-12,21.741475476354903,21.792960478921515,21.49140426143613,21.64586067199707,68529400,0.0,0.0
2006-12-13,21.77089732828048,21.77089732828048,21.564955905231596,21.734121322631836,46002500,0.0,0.0
2006-12-14,21.7267614181462,22.12393234750008,21.71205102002104,22.1165771484375,85866500,0.0,0.0
2006-12-15,22.168059900124966,22.234255282141927,22.087155524329177,22.204835891723633,102783700,0.0,0.0
2006-12-18,22.204847566249562,22.25633257869606,21.903291290896032,21.984195709228516,56986800,0.0,0.0
2006-12-19,21.851792202555714,22.190124292626418,21.71940284855646,22.0577335357666,53822100,0.0,0.0
2006-12-20,22.057743640443594,22.24161946412471,22.043033237862414,22.13129425048828,31202100,0.0,0.0
2006-12-21,22.16071546619459,22.16807066808705,21.984194829359424,22.050390243530273,32270500,0.0,0.0
2006-12-22,21.94005610835411,21.96212170506799,21.78560113993919,21.800310134887695,37971700,0.0,0.0
2006-12-26,21.71940284855646,22.065088733687762,21.623786678441896,22.0577335357666,37098300,0.0,0.0
2006-12-27,22.057745490468953,22.160715511451087,21.998905278070403,22.079811096191406,31248400,0.0,0.0
2006-12-28,21.962130626543352,22.087166252992592,21.925354617081037,22.050390243530273,26690600,0.0,0.0
2006-12-29,21.962127685546875,22.17542290042021,21.94006208282434,21.962127685546875,41739800,0.0,0.0
2007-01-03,21.998902287223306,22.2489735066342,21.623795458106965,21.962127685546875,76935100,0.0,0.0
2007-01-04,21.844445790453346,22.043030589999947,21.65321478845277,21.925350189208984,45774500,0.0,0.0
2007-01-05,21.79295493598307,21.88121591997784,21.660565564282027,21.800310134887695,44607200,0.0,0.0
2007-01-08,21.80766566130629,22.138642602681468,21.719406078846756,22.013607025146484,50220200,0.0,0.0
2007-01-09,22.065101579687067,22.19749241362301,21.86651532878315,22.035680770874023,44636600,0.0,0.0
2007-01-10,21.91799341482355,21.98418881087246,21.64585803360996,21.81502342224121,55017400,0.0,0.0
2007-01-11,21.888573187052348,22.616721113081418,21.80766739431771,22.579946517944336,99464300,0.0,0.0
2007-01-12,22.543171945864138,23.087444124912757,22.53581674579931,22.955053329467773,103972500,0.0,0.0
2007-01-16,22.991834075493177,23.131580099847703,22.8226686476679,22.918283462524414,62379600,0.0,0.0
2007-01-17,22.991814382530606,23.124205091906763,22.807938709032626,22.874134063720703,58519600,0.0,0.0
2007-01-18,22.910921422274235,23.072733003078728,22.653495055153233,22.800596237182617,56364300,0.0,0.0
2007-01-19,22.602008300641298,22.881500244140625,22.57258890824495,22.881500244140625,75826900,0.0,0.0
2007-01-22,22.844731027732195,22.88886223371083,22.44020479295607,22.59465980529785,56143900,0.0,0.0
2007-01-23,22.528461572656635,22.77117756364217,22.447557177568772,22.60936737060547,49171200,0.0,0.0
2007-01-24,22.6387870987924,23.021247664481546,22.543170905224436,22.866792678833008,58527800,0.0,0.0
2007-01-25,22.85944656098829,23.15364765257948,22.396080017089844,22.396080017089844,97378700,0.0,0.0
2007-01-26,22.96241037239213,22.96976557304726,22.506399154663086,22.506399154663086,96103700,0.0,0.0
2007-01-29,22.54317178007587,22.638787977354493,22.31516619118686,22.454912185668945,57605900,0.0,0.0
2007-01-30,22.484324343206826,22.53580932384357,22.168057858883405,22.418128967285156,61900400,0.0,0.0
2007-01-31,22.366649157762197,22.87414668954034,22.32251936456522,22.6976261138916,73968400,0.0,0.0
2007-02-01,22.682923560952467,22.756474176961575,22.33723748942936,22.47698211669922,55355800,0.0,0.0
2007-02-02,22.66820216298172,22.68291255962119,22.160704701805233,22.204835891723633,60401700,0.0,0.0
2007-02-05,22.043031863596777,22.079807867756934,21.631150437030822,21.77825164794922,99102100,0.0,0.0
2007-02-06,21.763538759694427,21.881219153839137,21.49140197144668,21.70469856262207,79281100,0.0,0.0
2007-02-07,21.800309376709276,21.844440568602227,21.513463643708587,21.60172462463379,65145500,0.0,0.0
2007-02-08,21.506106407074867,21.917987672353053,21.47668701812814,21.520816802978516,48749000,0.0,0.0
2007-02-09,21.58701328305616,21.623787871830956,21.278101967621687,21.314876556396484,69823100,0.0,0.0
2007-02-12,21.248687330839086,21.39578853428018,21.204557530951178,21.285463333129883,52774400,0.0,0.0
2007-02-13,21.43307465302315,21.551163102263605,21.374029020677565,21.410932540893555,50348100,0.1,0.0
2007-02-14,21.529016679890567,21.912804766947957,21.514255274759496,21.698768615722656,55588600,0.0,0.0
2007-02-15,21.83162238265777,21.883285902206293,21.565922673293574,21.74305534362793,63858100,0.0,0.0
2007-02-16,21.337121879450375,21.359263986361512,21.145227842728914,21.211652755737305,109340300,0.0,0.0
2007-02-20,21.130472528102505,21.300225914562215,21.012384072659056,21.27808380126953,53978200,0.0,0.0
2007-02-21,21.219034828965416,21.691388545120784,21.21165412618485,21.661867141723633,68604900,0.0,0.0
2007-02-22,21.63234677003323,21.802100137678753,21.52163903129069,21.691390991210938,57754400,0.0,0.0
2007-02-23,21.565917359881873,21.61020157234871,21.322359822214185,21.329740524291992,63787100,0.0,0.0
2007-02-26,21.374023416592195,21.469971136271745,21.27069640252959,21.455209732055664,63481900,0.0,0.0
2007-02-27,21.189511177193854,21.38140521870026,20.510503441021275,20.569547653198242,87143300,0.0,0.0
2007-02-28,20.628589102084597,20.85000451615738,20.60644699758737,20.79096031188965,86333300,0.0,0.0
2007-03-01,20.532653041327574,20.909060585019123,20.466228097868733,20.7319278717041,80175700,0.0,0.0
2007-03-02,20.680265026448247,20.783592094048938,20.488370895385742,20.488370895385742,63254700,0.0,0.0
2007-03-05,20.289091206159892,20.599073742553905,20.230046980547957,20.3333740234375,56454300,0.0,0.0
2007-03-06,20.517881697368296,20.6212101192423,20.407173981105064,20.540023803710938,49361800,0.0,0.0
2007-03-07,20.48836851199725,20.59169556757802,20.33337652090054,20.377660751342773,52044700,0.0,0.0
2007-03-08,20.458841093079506,20.554788829745537,19.63222201878501,20.163619995117188,72175200,0.0,0.0
2007-03-09,20.237423905644544,20.281706714652923,19.9495835355024,20.141477584838867,80125000,0.0,0.0
2007-03-12,20.060287988809282,20.281703405449715,20.02338448088595,20.252182006835938,36516400,0.0,0.0
2007-03-13,20.111965597054745,20.222673383016296,19.713415878322124,19.720796585083008,75169500,0.0,0.0
2007-03-14,19.794589208567558,20.222660064697266,19.728164299191832,20.222660064697266,75730300,0.0,0.0
2007-03-15,20.16362709870697,20.27433487347923,20.07506144197946,20.134105682373047,51757100,0.0,0.0
2007-03-16,20.18576284169406,20.281709174134765,20.075055101885468,20.171001434326172,65055300,0.0,0.0
2007-03-19,20.17837784646439,20.540023803710938,20.075050832315373,20.540023803710938,49412000,0.0,0.0
2007-03-20,20.61382632957643,20.78357822960284,20.48835722787761,20.547401428222656,47902400,0.0,0.0
2007-03-21,20.591697702777953,21.049291610717773,20.34075933515381,21.049291610717773,72808200,0.0,0.0
2007-03-22,21.049282323320927,21.071423023343357,20.67287493796376,20.864768981933594,47934900,0.0,0.0
2007-03-23,20.827861878221665,20.86476538477188,20.51787946182404,20.680252075195312,50519800,0.0,0.0
2007-03-26,20.621215334718634,20.827869415283203,20.44408266235243,20.827869415283203,47491500,0.0,0.0
2007-03-27,20.695017683244494,20.78358330151273,20.407175904559914,20.458839416503906,58979800,0.0,0.0
2007-03-28,20.35550891595854,20.66549134240359,20.222659103521394,20.399791717529297,46947000,0.0,0.0
2007-03-29,20.547410572394217,20.554791276687563,20.289091553028673,20.480985641479492,42629900,0.0,0.0
2007-03-30,20.480980631070263,20.628591865375206,20.296467292051613,20.569547653198242,47061000,0.0,0.0
2007-04-02,20.58430619425902,20.613829002121513,20.340748660293325,20.47359848022461,41977600,0.0,0.0
2007-04-03,20.562166950710488,20.709776777290372,20.480980631070263,20.569547653198242,39821300,0.0,0.0
2007-04-04,20.67287511953672,21.241176553855198,20.591688798141195,21.034521102905273,63244200,0.0,0.0
2007-04-05,20.90167442824446,21.145232021499307,20.88691302071985,21.071426391601562,30131200,0.0,0.0
2007-04-09,21.093564250247926,21.19689126663799,20.9533337224864,21.086183547973633,31384600,0.0,0.0
2007-04-10,21.034519954930158,21.137846970903425,20.82786451525861,20.96071434020996,38643100,0.0,0.0
2007-04-11,20.886910343714092,21.08618509658003,20.65811418730789,20.746681213378906,44050200,0.0,0.0
2007-04-12,20.709780121743297,21.123091081453314,20.695020122109238,21.06404685974121,43762100,0.0,0.0
2007-04-13,20.98285567007955,21.18213040012868,20.739298135927825,21.115705490112305,36002900,0.0,0.0
2007-04-16,21.108323106646342,21.21903081194631,20.820481383596608,21.204269409179688,30740100,0.0,0.0
2007-04-17,21.130468308040964,21.322362361743895,21.07880479506809,21.2928409576416,33170200,0.0,0.0
2007-04-18,21.115700936585693,21.159983731138862,20.931187650268726,21.108320236206055,41778400,0.0,0.0
2007-04-19,20.916434208405473,21.322363029672598,20.85738999062616,21.174753189086914,43648800,0.0,0.0
2007-04-20,21.388796877075084,21.477363944569372,21.182142732464712,21.418319702148438,60311500,0.0,0.0
2007-04-23,21.37402119146705,21.39616329548609,21.159986483515713,21.241172790527344,41739100,0.0,0.0
2007-04-24,21.248559951782227,21.37402768952653,21.100948695562046,21.248559951782227,34236700,0.0,0.0
2007-04-25,21.30022143316254,21.403548458005005,21.17475229968592,21.396167755126953,39475000,0.0,0.0
2007-04-26,21.469975253507833,21.661869321940927,21.337125405536824,21.47735595703125,68760300,0.0,0.0
2007-04-27,22.267069493106074,22.68775967486292,22.14160036804482,22.230167388916016,128298800,0.0,0.0
2007-04-30,22.237551617202787,22.41468569824419,22.097322463989258,22.097322463989258,67788800,0.0,0.0
2007-05-01,22.097319005776345,22.451584296966214,22.06779619431462,22.43682289123535,73539300,0.0,0.0
2007-05-02,22.42945086746142,22.65086781592638,22.3630259236945,22.59182357788086,80686700,0.0,0.0
2007-05-03,22.58443822555254,22.87965935504024,22.532774703857864,22.85751724243164,82036800,0.0,0.0
2007-05-04,22.643481513527746,22.658242921322042,22.355641100165634,22.554914474487305,104385900,0.0,0.0
2007-05-07,22.52539355725744,22.702526231471186,22.495870741025804,22.66562271118164,59889100,0.0,0.0
2007-05-08,22.64347923162338,22.835373290435044,22.569673607815023,22.69514274597168,60551700,0.0,0.0
2007-05-09,22.658240937966497,22.82799288956592,22.56229320342755,22.71728515625,51735000,0.0,0.0
2007-05-10,22.643479161788743,22.827992516877995,22.53277143028023,22.569673538208008,55398600,0.0,0.0
2007-05-11,22.56228890066606,22.864890637626736,22.547527496978972,22.798465728759766,43425300,0.0,0.0
2007-05-14,22.761570903245158,22.872278650837373,22.73942879063656,22.85751724243164,70188500,0.0,0.0
2007-05-15,22.879728317260742,23.020413128038726,22.835302055225476,22.879728317260742,75013900,0.1,0.0
2007-05-16,22.95376530390995,23.020405380678287,22.813080540478463,23.005596160888672,45833600,0.0,0.0
2007-05-17,22.97598599693486,23.05743390553784,22.92415371218797,22.938962936401367,41045600,0.0,0.0
2007-05-18,22.93155402897294,22.946363250412414,22.642781272328634,22.827892303466797,58453000,0.0,0.0
2007-05-21,22.75384752047808,23.07223871876889,22.75384752047808,22.99078941345215,41836400,0.0,0.0
2007-05-22,22.87973007724373,22.90194391611283,22.702023603147502,22.7242374420166,39999500,0.0,0.0
2007-05-23,22.83530170827601,22.83530170827601,22.6353814137267,22.642786026000977,46322500,0.0,0.0
2007-05-24,22.61316208011475,22.805676291284893,22.183703173133036,22.339197158813477,64046400,0.0,0.0
2007-05-25,22.420654734019816,22.702022956924868,22.346610018849386,22.568742752075195,47726500,0.0,0.0
2007-05-29,22.576152244464577,22.82790348308664,22.50210751329001,22.79828643798828,42373100,0.0,0.0
2007-05-30,22.62057130246046,23.05002891153622,22.590954266809714,23.035221099853516,57376800,0.0,0.0
2007-05-31,23.042628737712747,23.072245777252697,22.66500195065119,22.7242374420166,85290500,0.0,0.0
2007-06-01,22.798275932807552,22.87972382851213,22.62056809495998,22.65018653869629,39469400,0.0,0.0
2007-06-04,22.52431390177526,22.77606505707881,22.50950467798439,22.74644660949707,41434500,0.0,0.0
2007-06-05,22.672404475098084,22.679807675086973,22.457674956000222,22.642786026000977,44265000,0.0,0.0
2007-06-06,22.487296024424804,22.605767010041998,22.398442079069138,22.42806053161621,38217500,0.0,0.0
2007-06-07,22.2281307683639,22.428051001247738,21.909739600204816,21.93195343017578,71971400,0.0,0.0
2007-06-08,21.90234638987996,22.257759380689958,21.77647077909904,22.250354766845703,61346200,0.0,0.0
2007-06-11,22.168908189938897,22.39844558395428,22.16150357564346,22.2281436920166,48467400,0.0,0.0
2007-06-12,22.183710409076372,22.391035320181114,22.04302700981623,22.102262496948242,56981800,0.0,0.0
2007-06-13,22.191113353702903,22.516909214586075,22.102260835825415,22.502099990844727,64435600,0.0,0.0
2007-06-14,22.472478785725812,22.739037702181758,22.435455733242314,22.59835433959961,59065700,0.0,0.0
2007-06-15,22.850108237460706,22.864916047977164,22.531717008650688,22.576143264770508,100933000,0.0,0.0
2007-06-18,22.724230178247762,22.746442597731175,22.524309929186668,22.59095001220703,45412600,0.0,0.0
2007-06-19,22.56873759735288,22.702017771761227,22.494692899094336,22.55392837524414,46802600,0.0,0.0
2007-06-20,22.539124917975137,22.590955793079686,22.183710580156713,22.220733642578125,46861600,0.0,0.0
2007-06-21,22.198518068954385,22.435460000778225,22.146687197903585,22.376224517822266,56564800,0.0,0.0
2007-06-22,22.21332966998212,22.287374384672486,21.806085857613297,21.835702896118164,86219900,0.0,0.0
2007-06-25,21.820893670723,22.0430278147941,21.754253568730217,21.835702896118164,53905800,0.0,0.0
2007-06-26,21.88012257537264,22.06523360024816,21.84310093531155,21.85791015625,48340300,0.0,0.0
2007-06-27,21.739440651828016,22.176302812424556,21.739440651828016,22.117067337036133,53468600,0.0,0.0
2007-06-28,22.109661952217266,22.19110984534738,21.976381784186966,22.087448120117188,46055200,0.0,0.0
2007-06-29,22.117076974314294,22.161503247142594,21.502508119760723,21.820898056030273,71193900,0.0,0.0
2007-07-02,21.968984016869364,22.065241161383824,21.835703807322012,22.020814895629883,47316000,0.0,0.0
2007-07-03,22.057841800078922,22.376231741067976,22.050437185783487,22.2281436920166,35202600,0.0,0.0
2007-07-05,22.250349340389405,22.376224920471554,22.087452112400587,22.205923080444336,47838500,0.0,0.0
2007-07-06,22.146686261044245,22.24294479945403,21.96157520810186,22.191112518310547,57541000,0.0,0.0
2007-07-09,22.10966272607694,22.176302812424556,22.072639671280967,22.117067337036133,33831400,0.0,0.0
2007-07-10,21.99119676904978,22.205924886486233,21.60616538544974,21.71723175048828,66013500,0.0,0.0
2007-07-11,21.65059181553498,21.954173874708566,21.62837797744223,21.835702896118164,48017000,0.0,0.0
2007-07-12,21.887527224008927,22.294772326816247,21.79867472279336,22.265153884887695,54302400,0.0,0.0
2007-07-13,22.168903455052316,22.228138944478367,21.96157853591841,22.080049514770508,42173000,0.0,0.0
2007-07-16,22.035618221871236,22.391031077316303,22.005999777774907,22.235538482666016,48023200,0.0,0.0
2007-07-17,22.228138543023032,22.86491968978099,22.220733930442822,22.790876388549805,77539600,0.0,0.0
2007-07-18,22.590949287001607,22.93155288947394,22.583544676649815,22.89453125,64414400,0.0,0.0
2007-07-19,22.990796686833107,23.575748405917935,22.901944155000937,23.331401824951172,121159300,0.0,0.0
2007-07-20,23.064836218099305,23.10185927494163,22.798277270260627,23.072240829467773,98292600,0.0,0.0
2007-07-23,23.22032745795101,23.33879840112137,23.042621043195474,23.094451904296875,48910600,0.0,0.0
2007-07-24,22.961175247982062,23.309183520175257,22.739041136388,22.805681228637695,59729300,0.0,0.0
2007-07-25,22.946369105653748,23.17590644739645,22.48729442216834,22.739044189453125,54950100,0.0,0.0
2007-07-26,22.39103250777273,22.60576200433372,21.85050857904955,22.198516845703125,87025300,0.0,0.0
2007-07-27,22.161496375834062,22.21332724677756,21.73944338411094,21.761655807495117,69214600,0.0,0.0
2007-07-30,21.776464746680755,21.83570022873994,21.43586107791176,21.769060134887695,67499600,0.0,0.0
2007-07-31,21.99859825510628,22.006002867169887,21.45807428503112,21.465478897094727,66554000,0.0,0.0
2007-08-01,21.435862492528905,21.88012793114857,21.339603945152028,21.695016860961914,80006300,0.0,0.0
2007-08-02,21.613563659905715,22.057830402063974,21.487688106498958,21.85791015625,47938300,0.0,0.0
2007-08-03,21.806084859056835,22.050431417745965,21.39883965305135,21.443265914916992,61535500,0.0,0.0
2007-08-06,21.509911223119744,21.872730255126953,21.28777844771011,21.872730255126953,59530500,0.0,0.0
2007-08-07,21.717231620213305,22.057836738211833,21.5099067043757,21.880128860473633,49163000,0.0,0.0
2007-08-08,22.006004399821055,22.22073392776486,21.62837763198865,22.213329315185547,52898600,0.0,0.0
2007-08-09,21.946768029398598,22.287373132930444,21.41364865568377,21.695016860961914,72964500,0.0,0.0
2007-08-10,21.398831039623342,21.509897355723883,20.92494733770911,21.258146286010742,76576200,0.0,0.0
2007-08-13,21.428454185870653,21.465475828611105,21.058232109325544,21.198915481567383,55492300,0.0,0.0
2007-08-14,21.37724947251894,21.46641343020126,20.95371713043902,21.00572967529297,42944100,0.1,0.0
2007-08-15,20.983442531720183,21.540722348516976,20.84226458130562,20.879417419433594,48117700,0.0,0.0
2007-08-16,20.71593770177262,21.065167124331015,20.44101391937045,20.663925170898438,81447400,0.0,0.0
2007-08-17,20.871983294817465,20.990869522094727,20.671362254823727,20.990869522094727,76747700,0.0,0.0
2007-08-20,20.938851731568636,21.16919356208454,20.864547503817782,20.998294830322266,49952000,0.0,0.0
2007-08-21,20.879408392457968,21.042876557839843,20.708509662663023,20.85711669921875,50786200,0.0,0.0
2007-08-22,21.005723528420475,21.04287493037729,20.812533120327714,20.968570709228516,44763500,0.0,0.0
2007-08-23,21.01316114333675,21.050312557759923,20.879413783836345,21.02802085876465,33886600,0.0,0.0
2007-08-24,20.961150659203938,21.429266495176844,20.857125547759225,21.40697479248047,45158900,0.0,0.0
2007-08-27,21.258368200243147,21.37725444965618,21.10232911211611,21.16920280456543,32789500,0.0,0.0
2007-08-28,21.028021409476743,21.169199339006276,20.73823640112697,20.753097534179688,43924400,0.0,0.0
2007-08-29,20.90170084346706,21.25836088623195,20.671358991633685,21.243499755859375,45753700,0.0,0.0
2007-08-30,21.117186983688725,21.496137376584933,21.042882734981216,21.13947868347168,33690700,0.0,0.0
2007-08-31,21.325234364820354,21.488702545749547,21.07260081968909,21.347524642944336,42511900,0.0,0.0
2007-09-04,21.176632866894668,21.622457000171202,21.161771731763753,21.40697479248047,45689600,0.0,0.0
2007-09-05,21.288080913751752,21.347524015728165,21.117182172723986,21.16176414489746,47669800,0.0,0.0
2007-09-06,21.22121328916252,21.555581718756216,21.213782722145353,21.481277465820312,45430800,0.0,0.0
2007-09-07,21.265798853330907,21.421836524848274,21.042886071859947,21.132051467895508,52160900,0.0,0.0
2007-09-10,21.30294204355469,21.362385145531103,21.109751607822517,21.16176414489746,37247600,0.0,0.0
2007-09-11,21.27322487038201,21.510998752374793,21.236073454227093,21.496137619018555,34380800,0.0,0.0
2007-09-12,21.4069722361168,21.67446696758638,21.39954166943868,21.496137619018555,42364700,0.0,0.0
2007-09-13,21.637305683852624,21.74133073543486,21.518418088456453,21.66702651977539,35288600,0.0,0.0
2007-09-14,21.533286021454213,21.629881957514876,21.458981782308047,21.577869415283203,33496600,0.0,0.0
2007-09-17,21.392108033663064,21.458980285270393,21.265791261097434,21.347524642944336,39536500,0.0,0.0
2007-09-18,21.325238837128847,21.52585846849535,21.005731556148113,21.496137619018555,77462400,0.0,0.0
2007-09-19,21.45155074118121,21.481271583876044,21.028017040588143,21.302942276000977,94242200,0.0,0.0
2007-09-20,21.161771394795633,21.236075652031186,21.057746285007358,21.117189407348633,67168900,0.0,0.0
2007-09-21,21.317812024143315,21.4069760055096,21.1320520761883,21.288089752197266,135636100,0.0,0.0
2007-09-24,21.40696681652004,22.001399245156154,21.399536251723113,21.607587814331055,104459800,0.0,0.0
2007-09-25,21.652175750658117,21.964252471923828,21.629885467362094,21.964252471923828,75621000,0.0,0.0
2007-09-26,22.053413633388367,22.179730411072637,21.90480515944142,21.919666290283203,60337000,0.0,0.0
2007-09-27,22.06827813792942,22.083137853807447,21.875087659158474,21.91223907470703,43407100,0.0,0.0
2007-09-28,21.9122319542676,22.060840402642427,21.71904153827441,21.88994026184082,45819100,0.0,0.0
2007-10-01,21.889945556458308,22.135149980756,21.852794143996224,22.120288848876953,43875100,0.0,0.0
2007-10-02,22.068273544311523,22.17972918499282,21.971677616415132,22.068273544311523,33700900,0.0,0.0
2007-10-03,22.07570975882371,22.179736285030554,21.763634431910628,21.88252067565918,37633900,0.0,0.0
2007-10-04,21.964247026680493,22.120286057246954,21.87508308112997,22.075702667236328,37868000,0.0,0.0
2007-10-05,22.20945174944035,22.283755988066286,22.09056553453304,22.172300338745117,45012300,0.0,0.0
2007-10-08,22.03855299266553,22.179730904331258,21.993971016384155,22.172300338745117,30265400,0.0,0.0
2007-10-09,22.313479322698424,22.580972610476678,22.29118762486876,22.36549186706543,63603100,0.0,0.0
2007-10-10,22.320909226848123,22.566112226762222,22.31347866112521,22.462085723876953,32251500,0.0,0.0
2007-10-11,22.51409678657829,22.759299770372238,22.13514788027116,22.22431182861328,50788400,0.0,0.0
2007-10-12,22.31348396858642,22.588407879549777,22.25404084589955,22.417509078979492,31121100,0.0,0.0
2007-10-15,22.365493388928073,22.536392165544367,22.29118914167536,22.320911407470703,47150500,0.0,0.0
2007-10-16,22.469521873019154,22.722155501432738,22.46209130544983,22.52896499633789,56286200,0.0,0.0
2007-10-17,22.848463114559177,23.205121710845095,22.77415888602412,23.093666076660156,86092400,0.0,0.0
2007-10-18,23.19769820999848,23.205128776838134,22.759304687109058,23.15311622619629,49208600,0.0,0.0
2007-10-19,23.101105698496465,23.101105698496465,22.372927091273297,22.417509078979492,75200200,0.0,0.0
2007-10-22,22.380352427190857,22.811315320238894,22.380352427190857,22.670137405395508,58785100,0.0,0.0
2007-10-23,22.818742977561243,23.12339048459959,22.818742977561243,22.95992088317871,49956200,0.0,0.0
2007-10-24,22.92277607385244,23.25714310375997,22.662711883544922,23.21999168395996,77979200,0.0,0.0
2007-10-25,23.45776350443836,23.940740451507867,23.398320384108608,23.769840240478516,169588700,0.0,0.0
2007-10-26,26.756855474301172,26.77171660684064,25.679450292665994,26.028676986694336,288121200,0.0,0.0
2007-10-29,25.894926458136815,26.22186566503739,25.597712347147304,25.68687629699707,114655600,0.0,0.0
2007-10-30,25.53826836117981,26.44477751286848,25.523407230147267,26.429916381835938,107297300,0.0,0.0
2007-10-31,26.392771628991245,27.492470092556925,26.385339644364816,27.351293563842773,185635800,0.0,0.0
2007-11-01,27.14322978785882,27.85654980318682,27.016914443829492,27.53704261779785,152078800,0.0,0.0
2007-11-02,27.65592881460743,27.86397895040657,27.061494996089014,27.53704261779785,96389800,0.0,0.0
2007-11-05,27.31412796794111,27.56676148537697,27.21753488367921,27.291837692260742,75485400,0.0,0.0
2007-11-06,27.187824530018826,27.239837085692486,26.652835003693518,27.0540771484375,100966700,0.0,0.0
2007-11-07,26.779147884949513,26.868311843366442,26.34075440723218,26.39276695251465,74897800,0.0,0.0
2007-11-08,26.452205883695036,26.67512000816061,25.560560723716087,25.813194274902344,133742400,0.0,0.0
2007-11-09,25.39709345002085,25.664588156326595,25.003283373776895,25.062725067138672,125136900,0.0,0.0
2007-11-12,24.75807278892274,25.04785770383831,24.535161533946948,24.802656173706055,84865200,0.0,0.0
2007-11-13,25.003943216530637,25.846351874492782,24.884663938351075,25.68979835510254,104311500,0.11,0.0
2007-11-14,25.8090766990792,25.905991997792803,25.16049582519445,25.29468536376953,84063100,0.0,0.0
2007-11-15,25.167949676513672,25.421418490369657,25.0113961619138,25.167949676513672,64014100,0.0,0.0
2007-11-16,25.24250712625902,25.540703963027624,25.13068153506897,25.413970947265625,71113800,0.0,0.0
2007-11-19,25.31705093383789,25.52579180912836,25.249956160323524,25.31705093383789,63026200,0.0,0.0
2007-11-20,25.518337140288683,26.070005634826487,25.42142182830719,25.77926254272461,100009400,0.0,0.0
2007-11-21,25.645071178968163,25.891083453474543,25.481061100068978,25.518335342407227,89518700,0.0,0.0
2007-11-23,25.61524901312408,25.674887228291457,25.130675362118886,25.428874969482422,33467200,0.0,0.0
2007-11-26,25.413970853048266,25.622708922396725,24.54919519509234,24.579015731811523,80335000,0.0,0.0
2007-11-27,24.80266216732409,25.0486744667826,24.36281923789929,24.646108627319336,84178400,0.0,0.0
2007-11-28,24.884663796078996,25.264865604401916,24.526825963586163,25.12322235107422,88585000,0.0,0.0
2007-11-29,25.033767906708604,25.29469048238121,24.83248355811426,25.041221618652344,53633600,0.0,0.0
2007-11-30,25.287237986102454,25.43633784349815,24.74302592387492,25.04867935180664,71027800,0.0,0.0
2007-12-03,24.974118053994427,25.0784870475636,24.36281151122489,24.541728973388672,61770600,0.0,0.0
2007-12-04,24.407548589564485,24.780296716294384,24.325543546669106,24.429912567138672,54801500,0.0,0.0
2007-12-05,24.705743610869238,25.734529163056973,24.62373857386149,25.458696365356445,84894700,0.0,0.0
2007-12-06,25.540704251313418,25.801629685754374,25.24996112354908,25.756898880004883,49209700,0.0,0.0
2007-12-07,25.801624475986443,25.868719249141684,25.510881406927865,25.74198341369629,40771000,0.0,0.0
2007-12-10,25.82399148100448,26.055096358718746,25.697258474538494,25.913450241088867,36083500,0.0,0.0
2007-12-11,25.891080600801413,26.084911189751953,25.294684257573,25.421417236328125,55070700,0.0,0.0
2007-12-12,25.80162893616116,26.159466840232295,25.294691194432996,25.6972599029541,63345400,0.0,0.0
2007-12-13,25.70470410960889,26.427836206336178,25.555604327088382,26.256372451782227,73913200,0.0,0.0
2007-12-14,26.129642363805576,26.718585069629718,26.09982183200228,26.32347297668457,71126200,0.0,0.0
2007-12-17,26.114728456107393,26.189279775219173,25.61524741534764,25.637611389160156,58121200,0.0,0.0
2007-12-18,25.823987265042696,26.09236634532364,25.503423679578482,25.89853858947754,52791800,0.0,0.0
2007-12-19,25.861270183750666,26.19674414667873,25.630168110056044,25.935821533203125,58469100,0.0,0.0
2007-12-20,26.30856434967916,26.68131248891346,26.152010813722978,26.48002815246582,59345000,0.0,0.0
2007-12-21,26.763313880391927,26.882593154907227,26.651488316352854,26.882593154907227,83240500,0.0,0.0
2007-12-24,26.93478213842362,27.374625069555332,26.875141069327874,27.27025604248047,29622600,0.0,0.0
2007-12-26,27.143523671888843,27.314987501753677,27.031698074921614,27.29262351989746,30252400,0.0,0.0
2007-12-27,27.098782923774078,27.2478827170889,26.79312962720761,26.81549644470215,33311100,0.0,0.0
2007-12-28,26.91241212219061,27.00932742604998,26.59184852344547,26.927322387695312,33447200,0.0,0.0
2007-12-31,26.763324064747536,26.830418859934387,26.480034613531583,26.5396728515625,35229700,0.0,0.0
2008-01-02,26.681304983468497,26.80803795011375,26.092362406625487,26.256372451782227,63004200,0.0,0.0
2008-01-03,26.25639277036967,26.576956555513362,25.98801352291504,26.368215560913086,49599600,0.0,0.0
2008-01-04,26.234019223181996,26.24147578028296,25.41397426035949,25.630168914794922,72090800,0.0,0.0
2008-01-07,25.756901117854373,25.94327522557234,25.533252757361453,25.801631927490234,80164300,0.0,0.0
2008-01-08,25.87616766000744,25.87616766000744,24.89956963769472,24.936843872070312,79148300,0.0,0.0
2008-01-09,24.86974494006867,25.749430374181607,24.862288388139522,25.67487907409668,74305500,0.0,0.0
2008-01-10,25.607799117901955,25.719624710703066,25.182866415406473,25.592891693115234,72446000,0.0,0.0
2008-01-11,25.451250923186446,25.525802282035645,25.138143747550494,25.279787063598633,55187900,0.0,0.0
2008-01-14,25.689795890617383,25.77180091971932,25.406509409518733,25.637611389160156,52792200,0.0,0.0
2008-01-15,25.369232488969025,25.630157841752354,25.34686851501465,25.34686851501465,61606200,0.0,0.0
2008-01-16,24.914483766188393,25.085950409409687,24.23608228001924,24.77284049987793,120778500,0.0,0.0
2008-01-17,25.00394372682335,25.197771491380003,24.579011111896282,24.683380126953125,94247800,0.0,0.0
2008-01-18,24.72065507122446,25.346872023198355,24.579011810172222,24.608829498291016,117062000,0.0,0.0
2008-01-22,23.5129522831315,24.25099197417524,23.483131750767058,23.826059341430664,108521400,0.0,0.0
2008-01-23,23.468219914315277,23.893152518627414,23.14020261178168,23.803693771362305,137597400,0.0,0.0
2008-01-24,24.116804339175015,24.869757200087964,23.945340530215315,24.787752151489258,155640400,0.0,0.0
2008-01-25,26.01782525335023,26.092373755113332,24.50446564174038,24.556650161743164,196992300,0.0,0.0
2008-01-28,24.61628170058965,24.675919910124552,24.168982331789106,24.39263343811035,81019000,0.0,0.0
2008-01-29,24.489545178506958,24.519365704336213,24.11679713716687,24.303171157836914,68023000,0.0,0.0
2008-01-30,24.273357266624014,24.452274761857385,23.89315261252905,24.00497817993164,106432600,0.0,0.0
2008-01-31,23.788779884570666,24.407542998239308,23.647135230723574,24.303171157836914,103642200,0.0,0.0
2008-02-01,23.15511494038977,24.787752253897224,22.551263328733565,22.700363159179688,291138900,0.0,0.0
2008-02-04,22.73018098010274,22.901644780024597,22.446893024663204,22.506532669067383,119998600,0.0,0.0
2008-02-05,22.297792503842516,22.320157903013595,21.537385995080644,21.67157554626465,137534100,0.0,0.0
2008-02-06,21.828134032179108,21.880318550109518,21.09009280304587,21.26155662536621,138315600,0.0,0.0
2008-02-07,21.127360843223624,21.455379544853642,20.799342141593606,20.96335220336914,164964900,0.0,0.0
2008-02-08,21.090089394270457,21.679030686765405,21.052813728972524,21.291372299194336,124872000,0.0,0.0
2008-02-11,21.26155763569009,21.32865242533787,20.80680437739323,21.030452728271484,156814100,0.0,0.0
2008-02-12,21.194454152385276,21.336098808199075,20.955895630122633,21.12735939025879,84365900,0.0,0.0
2008-02-13,21.336103579006206,21.656665776274558,21.269008801877156,21.589570999145508,88986200,0.0,0.0
2008-02-14,21.529936813319328,21.64921755328205,21.216828247981063,21.24664878845215,69113500,0.0,0.0
2008-02-15,21.105002844421747,21.351016601393162,21.06027345822373,21.187007904052734,68166100,0.0,0.0
2008-02-19,21.553710698147857,21.583647093417895,21.007384331482715,21.082223892211914,68261200,0.11,0.0
2008-02-20,21.067256897770445,21.149580562018826,20.895126897474718,21.119644165039062,93056200,0.0,0.0
2008-02-21,21.419010942216794,21.67346328049664,20.925070187759385,21.02984619140625,98776500,0.0,0.0
2008-02-22,21.134618641503195,21.246877308631465,20.356290645627002,20.715518951416016,125705400,0.0,0.0
2008-02-25,20.693067221634838,21.134619228387635,20.565840348037483,20.835262298583984,109974300,0.0,0.0
2008-02-26,20.760425887928434,21.59862684716317,20.70803859562251,21.239397048950195,108923500,0.0,0.0
2008-02-27,21.097194638574173,21.463906960258853,21.029839168525346,21.149581909179688,75199500,0.0,0.0
2008-02-28,20.969971984349222,21.15707023240206,20.80532461249706,20.902616500854492,83002900,0.0,0.0
2008-02-29,20.723003227609755,20.82777779415336,20.22157984459245,20.356290817260742,117411400,0.0,0.0
2008-03-03,20.386223525015275,20.498482180584993,20.109318936439717,20.199125289916992,76544300,0.0,0.0
2008-03-04,20.221579063130203,20.67809781931832,20.176674455678505,20.648162841796875,86925600,0.0,0.0
2008-03-05,20.767899571043277,21.26183868988863,20.730480503154908,21.0448055267334,106489800,0.0,0.0
2008-03-06,20.999910236499097,21.082233935262767,20.580810495191155,20.633197784423828,91127700,0.0,0.0
2008-03-07,20.46105927916299,21.00738568092219,20.446091080566465,20.857707977294922,77597600,0.0,0.0
2008-03-10,20.827776165410658,21.1495853688534,20.767904785289655,20.992422103881836,72175100,0.0,0.0
2008-03-11,21.254360087311397,21.957849879617232,21.23939188530682,21.912946701049805,98740700,0.0,0.0
2008-03-12,22.025202113888497,22.07010528583559,21.359132924796548,21.42648696899414,75993800,0.0,0.0
2008-03-13,21.359140676229433,21.695916729220983,21.074750486649062,21.41901206970215,84552200,0.0,0.0
2008-03-14,21.49384872043745,21.71088339857669,20.685584252010813,20.92506980895996,105214900,0.0,0.0
2008-03-17,20.431126712532368,21.501328846250527,20.41615993857576,21.179519653320312,84490100,0.0,0.0
2008-03-18,21.456428308859838,22.062626265781994,21.456428308859838,22.017723083496094,83695300,0.0,0.0
2008-03-19,21.98778959396965,22.14495289398967,21.41901206970215,21.41901206970215,61442100,0.0,0.0
2008-03-20,21.50881098446037,21.868039220675037,21.396552339074052,21.838104248046875,60170200,0.0,0.0
2008-03-24,21.950364473384127,22.00275174983875,21.748298040676673,21.83062171936035,48294700,0.0,0.0
2008-03-25,21.950363460388235,21.980299861235743,21.658490689355812,21.808168411254883,49149000,0.0,0.0
2008-03-26,21.72584722876307,21.755782203631757,21.239390683269278,21.374101638793945,45868100,0.0,0.0
2008-03-27,21.31423130732458,21.321715408270492,20.955003026598572,20.992422103881836,47894400,0.0,0.0
2008-03-28,21.12713315022271,21.276812314844943,20.82777624842455,20.88764762878418,49244000,0.0,0.0
2008-03-31,20.86520047254028,21.39656035331462,20.83526548869975,21.239397048950195,46780600,0.0,0.0
2008-04-01,21.57616763337322,22.107527344089032,21.426488479734516,22.077590942382812,65796200,0.0,0.0
2008-04-02,22.129970527558456,22.13745462538422,21.70338694360985,21.823129653930664,49499400,0.0,0.0
2008-04-03,21.70339584350586,21.942881362353138,21.553716680503165,21.70339584350586,38961400,0.0,0.0
2008-04-04,21.80067736045337,21.897969204742594,21.508804682477106,21.823129653930664,43860800,0.0,0.0
2008-04-07,22.11500233190693,22.144938723209982,21.725839237087143,21.823129653930664,44428600,0.0,0.0
2008-04-08,21.658497200646746,21.703400387971296,21.359140239405424,21.51630210876465,44733500,0.0,0.0
2008-04-09,21.493844009143555,21.733330941045434,21.35913448347189,21.621070861816406,45839300,0.0,0.0
2008-04-10,21.57617215898567,22.002755980652072,21.553719852996622,21.785722732543945,65591600,0.0,0.0
2008-04-11,21.606098792455498,21.710873318111794,21.11215827627873,21.164546966552734,54373700,0.0,0.0
2008-04-14,21.13461750420036,21.18700478421138,20.902616080960293,20.999906539916992,43418100,0.0,0.0
2008-04-15,21.04480893177429,21.314229404543727,20.977453456720387,21.142099380493164,34310000,0.0,0.0
2008-04-16,21.381585462159055,21.740813720603263,21.239390407899226,21.66597557067871,54107400,0.0,0.0
2008-04-17,21.79320193658801,21.957847861164545,21.628554584565293,21.868040084838867,48743300,0.0,0.0
2008-04-18,22.45926632526486,22.526621786140215,22.159909514399867,22.4517822265625,73658900,0.0,0.0
2008-04-21,22.593981354790056,22.900822320143657,22.541594081794972,22.766111373901367,54411700,0.0,0.0
2008-04-22,22.930762139662775,22.97566674953213,22.429338749026453,22.63888931274414,67387500,0.0,0.0
2008-04-23,22.788563902653703,23.544439459801325,22.676303828028434,23.536956787109375,98351500,0.0,0.0
2008-04-24,23.67166233405549,24.0234064168301,23.319918251280885,23.79888916015625,115416700,0.0,0.0
2008-04-25,22.48920801105451,22.743661733166732,22.15243203351514,22.324562072753906,145194900,0.0,0.0
2008-04-28,22.30210341419604,22.33203980941728,21.56867886062631,21.695905685424805,97473000,0.0,0.0
2008-04-29,21.5537103143884,21.628549873785097,21.291773997668763,21.43396759033203,84428900,0.0,0.0
2008-04-30,21.508815569869864,21.860559781053407,21.336685515085133,21.34416961669922,74733600,0.0,0.0
2008-05-01,21.32919524094452,22.07010395696802,21.314227042048046,22.002748489379883,71699400,0.0,0.0
2008-05-02,22.144948696342258,22.1674009999311,21.598622156030867,21.883010864257812,66024200,0.0,0.0
2008-05-05,22.399397901071847,22.62391518180756,21.69590823268265,21.763263702392578,119687700,0.0,0.0
2008-05-06,21.703392652944633,22.347010960814703,21.6510053818289,22.22726821899414,93582000,0.0,0.0
2008-05-07,22.219787259835098,22.556563233514435,21.76326709996399,21.860557556152344,88775000,0.0,0.0
2008-05-08,21.91294827390276,21.9952705359442,21.703397713136596,21.90546417236328,69589900,0.0,0.0
2008-05-09,21.86055312022989,22.115006787792137,21.665972247337347,21.995264053344727,51621200,0.0,0.0
2008-05-12,22.002757184795257,22.49669652401408,21.96533810021218,22.44430923461914,64278800,0.0,0.0
2008-05-13,22.534446119868214,22.63209475599898,22.18140697976282,22.36919403076172,70934700,0.11,0.0
2008-05-14,22.45181450514114,22.72973991092391,22.33163093310026,22.481861114501953,66730400,0.0,0.0
2008-05-15,22.519418900140106,22.93255120019427,22.489373722204146,22.872459411621094,53355800,0.0,0.0
2008-05-16,22.88747476199369,22.8949864125124,22.474344012370672,22.52692413330078,81538200,0.0,0.0
2008-05-19,22.436790497796004,22.451812368345553,22.016146602985486,22.12881851196289,59615000,0.0,0.0
2008-05-20,22.008637003690144,22.01614865601591,21.505367759473007,21.603017807006836,75767600,0.0,0.0
2008-05-21,21.64056728521168,21.82084258169191,21.17485646081293,21.219924926757812,60125100,0.0,0.0
2008-05-22,21.24246434933954,21.557946542789665,21.167349268479793,21.385181427001953,52203100,0.0,0.0
2008-05-23,21.22744014007921,21.28002026462522,20.994584688789327,21.069698333740234,48890700,0.0,0.0
2008-05-27,21.114773015527426,21.407720308655144,21.069703099122187,21.362651824951172,47334500,0.0,0.0
2008-05-28,21.452786377303457,21.46029802919204,21.06219050800507,21.16735076904297,52318500,0.0,0.0
2008-05-29,21.189884303423284,21.54292477887118,21.137304172876007,21.264999389648438,47699200,0.0,0.0
2008-05-30,21.31758091752189,21.557949495738303,21.182375472695483,21.272512435913086,63399200,0.0,0.0
2008-06-02,21.212421602423326,21.30256000239126,20.694129026185536,20.881916046142578,77028400,0.0,0.0
2008-06-03,20.964544143939634,21.26500310868644,20.483809800344748,20.51385498046875,86616700,0.0,0.0
2008-06-04,20.491316353580412,20.761728638200438,20.431224575586963,20.686614990234375,79567400,0.0,0.0
2008-06-05,20.821813118064053,21.257478713989258,20.73167619901773,21.257478713989258,76063400,0.0,0.0
2008-06-06,21.024631370848947,21.159838233796698,20.649057388305664,20.649057388305664,78500800,0.0,0.0
2008-06-09,20.769239692479662,20.96453832351933,20.506337634053143,20.814308166503906,66787100,0.0,0.0
2008-06-10,20.5514125338622,21.249980498113416,20.521365922078736,20.949520111083984,77433900,0.0,0.0
2008-06-11,20.91947540207657,20.987078847407158,20.363625965903896,20.371137619018555,59330800,0.0,0.0
2008-06-12,20.581455070458507,21.445274990507645,20.423714676951768,21.212419509887695,113996300,0.0,0.0
2008-06-13,21.505361485691314,22.211440838615424,21.407712899345793,21.835866928100586,131969100,0.0,0.0
2008-06-16,21.79831441513628,21.865917846996194,21.512877384460857,21.730710983276367,74718900,0.0,0.0
2008-06-17,21.8133391479125,21.873430932092653,21.62555214326188,21.6330623626709,44256700,0.0,0.0
2008-06-18,21.445267979069172,21.6781248162587,21.37766456604004,21.37766456604004,49677800,0.0,0.0
2008-06-19,21.445273952600942,21.926009627238223,21.280021915110627,21.730710983276367,62037800,0.0,0.0
2008-06-20,21.708181509529485,21.723204816558496,21.107263555383206,21.204912185668945,97480400,0.0,0.0
2008-06-23,21.257484147501938,21.340110871664592,20.874399994586227,21.009605407714844,57145300,0.0,0.0
2008-06-24,20.97205470446368,21.039658147097118,20.664084102556366,20.829336166381836,65218300,0.0,0.0
2008-06-25,20.889423378401325,21.535411051911286,20.851866555258127,21.2950439453125,64280200,0.0,0.0
2008-06-26,21.05468234115255,21.1823775789927,20.8443603515625,20.8443603515625,67049100,0.0,0.0
2008-06-27,20.791779226403072,20.964542942141087,20.62652573073952,20.754220962524414,73450200,0.0,0.0
2008-06-30,20.829333617086654,21.017120616373845,20.649058269695086,20.664081573486328,57830500,0.0,0.0
2008-07-01,20.48381242735233,20.566437757815887,19.860359458283117,20.183353424072266,100327800,0.0,0.0
2008-07-02,20.205881960620168,20.280997051053195,19.43971061706543,19.43971061706543,84669000,0.0,0.0
2008-07-03,19.507316075180228,19.604966132665243,19.229392074310358,19.514827728271484,37074500,0.0,0.0
2008-07-07,19.61247138055777,19.822791867619493,19.116713900053895,19.552379608154297,71527600,0.0,0.0
2008-07-08,19.477268986456227,19.680079301937774,19.16178675105199,19.417177200317383,65553200,0.0,0.0
2008-07-09,19.37211540969186,19.4171839066866,18.913914486690018,18.95147132873535,54255800,0.0,0.0
2008-07-10,18.928927504017857,19.281966498465398,18.763674050390616,19.116714477539062,57830600,0.0,0.0
2008-07-11,18.89888444675264,19.259435159719022,18.681052261598392,18.966487884521484,69532600,0.0,0.0
2008-07-14,19.139249541047242,19.387128308779058,18.831278994250173,18.89137077331543,51216200,0.0,0.0
2008-07-15,18.72611535898544,20.01057744192197,18.72611535898544,19.642515182495117,92719300,0.0,0.0
2008-07-16,19.62750105148563,20.49883424676093,19.46976062348413,20.476299285888672,82060400,0.0,0.0
2008-07-17,20.716659278449495,20.964538031177714,20.363620276897468,20.67159080505371,96526100,0.0,0.0
2008-07-18,19.800260406622208,19.882885706827754,18.861325469778603,19.424686431884766,150277000,0.0,0.0
2008-07-21,19.274457049784278,19.657542691460712,19.176808442784907,19.25943374633789,77575600,0.0,0.0
2008-07-22,19.184322361313747,19.484781302238137,19.13925244564916,19.379619598388672,88657200,0.0,0.0
2008-07-23,19.424688190207586,20.160812903478735,19.41717653810876,19.852842330932617,79408800,0.0,0.0
2008-07-24,19.59745310848237,19.65754489630691,19.109207153320312,19.109207153320312,81092600,0.0,0.0
2008-07-25,19.259432860670834,19.695098611673963,19.154272606784183,19.6500301361084,58682300,0.0,0.0
2008-07-28,19.574916465370574,19.61247472496539,19.034090421515216,19.154273986816406,59707800,0.0,0.0
2008-07-29,19.169298877870837,19.672568136503145,19.079160480080937,19.612476348876953,66368200,0.0,0.0
2008-07-30,19.68007649471956,19.89790865113777,19.454731254316837,19.70261001586914,51977700,0.0,0.0
2008-07-31,19.41717480086152,19.74016864870715,19.312013113587888,19.31952476501465,60461000,0.0,0.0
2008-08-01,19.469757880267565,19.49229283796473,18.831281739193535,19.109207153320312,82720200,0.0,0.0
2008-08-04,19.07165235112864,19.191835948585577,18.86133177192975,18.98902702331543,60588300,0.0,0.0
2008-08-05,19.25943548736662,19.740171212201403,19.1542752191377,19.687589645385742,84297600,0.0,0.0
2008-08-06,20.07818688719403,20.401180775586273,19.8152847850584,20.2960205078125,95550000,0.0,0.0
2008-08-07,20.205879855641182,20.844355908755894,20.07818464501824,20.573942184448242,82565800,0.0,0.0
2008-08-08,20.54389677412335,21.20490634150723,20.42371321641719,21.129791259765625,80814100,0.0,0.0
2008-08-11,20.92698416704063,21.33260335034297,20.77675399088353,20.957029342651367,68743800,0.0,0.0
2008-08-12,20.86689348224821,21.302559296810422,20.716663298177973,21.122283935546875,62813000,0.0,0.0
2008-08-13,21.0847259647537,21.407719862080448,20.85187046565584,20.964542388916016,51165200,0.0,0.0
2008-08-14,20.896938948419663,21.242467803478938,20.701640279508116,20.964542388916016,49732300,0.0,0.0
2008-08-15,21.017120493788493,21.144815709867025,20.716661583221683,20.88942527770996,47267400,0.0,0.0
2008-08-18,20.866893141827745,21.069702024502377,20.69412800315509,20.79928970336914,38078200,0.0,0.0
2008-08-19,20.769128790544336,20.927498357948743,20.56550954238237,20.60321617126465,40332900,0.11,0.0
2008-08-20,20.76912143420039,20.799286438938747,20.490087588690898,20.580585479736328,41497200,0.0,0.0
2008-08-21,20.437303423061078,20.535341513685868,20.256309029158377,20.497634887695312,43614200,0.0,0.0
2008-08-22,20.535342525359106,21.025535879463572,20.52780091210634,20.995370864868164,47930400,0.0,0.0
2008-08-25,20.821914426732693,20.995367185905653,20.70879168617908,20.859621047973633,51381300,0.0,0.0
2008-08-26,20.799286346488085,20.904866020225814,20.490087497614596,20.565502166748047,44774400,0.0,0.0
2008-08-27,20.618295242953142,20.957660588163705,20.459924269049747,20.78420639038086,33975300,0.0,0.0
2008-08-28,20.821910499930055,21.123567728214248,20.81436888942106,21.070777893066406,48372600,0.0,0.0
2008-08-29,20.874701108407407,20.950115777876068,20.580585479736328,20.580585479736328,50735500,0.0,0.0
2008-09-02,20.867167358402572,20.935040442651037,20.407138995922036,20.437305450439453,66079200,0.0,0.0
2008-09-03,20.36188317567454,20.4976292936588,20.24122027933635,20.286468505859375,57127700,0.0,0.0
2008-09-04,20.1658063915503,20.278927681452295,19.87169075012207,19.87169075012207,66141900,0.0,0.0
2008-09-05,19.630367467172974,19.773653781509076,19.328708737503355,19.343791961669922,82305200,0.0,0.0
2008-09-08,19.76610808334226,19.856605971218354,19.358871183937662,19.6982364654541,62110800,0.0,0.0
2008-09-09,19.758575477567152,20.060232821978687,19.64545271479911,19.68316078186035,85735700,0.0,0.0
2008-09-10,19.999893288426588,20.256302287387065,19.796274123649425,19.93956184387207,75064900,0.0,0.0
2008-09-11,19.683153704229973,20.70878830643348,19.630363867741984,20.6182918548584,72913300,0.0,0.0
2008-09-12,20.467469892072714,20.919956628223773,20.316641938966146,20.82946014404297,75628500,0.0,0.0
2008-09-15,20.30154608807522,20.731407716673544,20.15825839907085,20.226131439208984,82349400,0.0,0.0
2008-09-16,19.675611504711366,19.977268731626094,19.245749776555993,19.600196838378906,111729700,0.0,0.0
2008-09-17,19.404120786247205,19.509701902667477,18.476524202135177,18.529314041137695,106972100,0.0,0.0
2008-09-18,18.702769920231088,19.11754996765854,18.10699693064577,19.0496768951416,132291300,0.0,0.0
2008-09-19,19.886775193390033,19.90939858971035,17.722381576467622,18.974260330200195,134926100,0.0,0.0
2008-09-22,19.773652118685778,19.849066794761345,19.094922910836278,19.155254364013672,105207700,0.0,0.0
2008-09-23,19.351332128182396,19.735945685206122,19.11000631320641,19.185420989990234,92181300,0.0,0.0
2008-09-24,19.29099816437244,19.675611671351824,19.200500276324,19.396577835083008,80250300,0.0,0.0
2008-09-25,19.471993771274505,20.271385841078512,19.411662321448073,20.067768096923828,96203500,0.0,0.0
2008-09-26,19.73593971180946,20.784198942744794,19.713314884097482,20.663536071777344,100744300,0.0,0.0
2008-09-29,20.316637268975658,20.859620364497207,18.86113929748535,18.86113929748535,134383100,0.0,0.0
2008-09-30,19.43428889454637,20.128101348876953,19.260836140567566,20.128101348876953,107192700,0.0,0.0
2008-10-01,19.894315698568512,20.354343943630095,19.81890245835511,19.969730377197266,88957000,0.0,0.0
2008-10-02,19.743493862145225,20.007444599454036,19.38150501930698,19.796283721923828,93819800,0.0,0.0
2008-10-03,19.886768103042222,20.716324943101178,19.78872862589101,19.84906005859375,114289400,0.0,0.0
2008-10-06,19.328701848580227,19.60019403315446,18.2050279401362,18.78571891784668,146374600,0.0,0.0
2008-10-07,18.838518525872864,19.01197131677606,17.450893321816007,17.518766403198242,145941200,0.0,0.0
2008-10-08,17.26989557572457,18.325696781874274,16.968238293741138,17.35285186767578,171598600,0.0,0.0
2008-10-09,17.926004075925373,18.031583780642848,16.643958639717756,16.817411422729492,131948700,0.0,0.0
2008-10-10,16.432800453786367,16.855120742515705,15.573075210853437,16.21409797668457,228467500,0.0,0.0
2008-10-13,17.239733050014667,19.23067283630371,17.06627882927569,19.23067283630371,144935400,0.0,0.0
2008-10-14,19.336254534328795,19.404127619351975,17.797801296773446,18.17487335205078,165674900,0.0,0.0
2008-10-15,17.933537358361054,18.28798437270367,16.953149704198086,17.088895797729492,113280200,0.0,0.0
2008-10-16,17.300064410504977,18.24274444580078,16.07080883896652,18.24274444580078,161147800,0.0,0.0
2008-10-17,17.775176663086274,18.936559297334853,17.579099019443692,18.046669006347656,133673100,0.0,0.0
2008-10-20,18.25028324027484,18.665061816383894,17.352851582508567,18.642436981201172,93484300,0.0,0.0
2008-10-21,18.325696456028684,18.861139380642133,17.548929148534814,17.616802215576172,100385600,0.0,0.0
2008-10-22,17.37547866552451,17.390560452515402,15.761609507424422,16.23672103881836,150054800,0.0,0.0
2008-10-23,16.251796113743367,17.03610624996787,15.75406138822203,16.832487106323242,154774100,0.0,0.0
2008-10-24,15.88227337057347,17.239733530488646,15.79931850277652,16.561002731323242,153919700,0.0,0.0
2008-10-27,16.342302066556456,16.56100309904251,15.85210870837605,15.972771644592285,117683900,0.0,0.0
2008-10-28,16.319670422164716,17.50367588912821,16.093427870694455,17.42072105407715,134088800,0.0,0.0
2008-10-29,17.44335212442662,18.076833273488496,17.119071374820678,17.345314025878906,111701800,0.0,0.0
2008-10-30,17.865668157277536,18.008954452701683,16.88528029208075,17.066274642944336,95323000,0.0,0.0
2008-10-31,16.990856153745597,17.277430094373855,16.681657386851374,16.84002685546875,93055200,0.0,0.0
2008-11-03,16.953155669905854,17.27743779891816,16.74953645795644,17.05873680114746,61923500,0.0,0.0
2008-11-04,17.443351599096196,17.843048471571723,17.24727540790587,17.745010375976562,72123000,0.0,0.0
2008-11-05,17.594174726087736,17.601716336667387,16.628870148119443,16.6514949798584,81179700,0.0,0.0
2008-11-06,16.493127577190346,16.651497104323028,15.731442072448342,15.7465238571167,95509700,0.0,0.0
2008-11-07,16.078351809989073,16.24426443080166,15.837025930715162,16.21409797668457,71256300,0.0,0.0
2008-11-10,16.478046820544037,16.568543295761007,15.98031189160409,16.06326675415039,67106800,0.0,0.0
2008-11-11,16.055727081647827,16.063267256138595,15.678655066823769,15.98785400390625,78014500,0.0,0.0
2008-11-12,15.754066163585241,15.837022455789443,15.294039346563343,15.309121131896973,90162300,0.0,0.0
2008-11-13,15.196001671724918,16.02556037902832,14.13265872164852,16.02556037902832,148413700,0.0,0.0
2008-11-14,15.505196137355082,16.09342881964401,14.818925393892238,15.128124237060547,96624500,0.0,0.0
2008-11-17,14.886803191984761,15.263875212364564,14.441858092863344,14.570062637329102,97289000,0.0,0.0
2008-11-18,14.805427772492008,14.926908089644302,14.235988242780778,14.896538734436035,108966500,0.13,0.0
2008-11-19,14.904130375754697,15.147092464554312,13.856362250954925,13.886733055114746,103010500,0.0,0.0
2008-11-20,13.75765822384042,14.304319593363289,13.286920958409466,13.309699058532715,139532800,0.0,0.0
2008-11-21,13.681736188887115,14.95728116051679,13.65136538091506,14.942095756530762,157231900,0.0,0.0
2008-11-24,15.101535576304558,15.89875177158047,15.086351623070028,15.708938598632812,125289900,0.0,0.0
2008-11-25,15.838010134117154,15.891157585870387,14.843388158142972,15.177459716796875,92948100,0.0,0.0
2008-11-26,14.980060254744867,15.701351131636269,14.980060254744867,15.557092666625977,79678300,0.0,0.0
2008-11-28,15.3596844913683,15.42042466019001,15.20024209127126,15.352091789245605,28650800,0.0,0.0
2008-12-01,15.093944884998896,15.147093796953774,14.122102236951827,14.129694938659668,79639900,0.0,0.0
2008-12-02,14.41820780093031,14.661168419772814,14.091728926300876,14.539688110351562,79689800,0.0,0.0
2008-12-03,14.160064883229774,15.109130913582437,14.122102821279602,15.08635425567627,80961500,0.0,0.0
2008-12-04,14.729502799653938,15.124314570224044,14.266359615100225,14.509320259094238,78719200,0.0,0.0
2008-12-05,14.357470791322308,15.169871081598615,14.023399143153416,15.08635425567627,91996200,0.0,0.0
2008-12-08,15.450793782059874,16.134120968751528,15.291349951207993,15.951900482177734,107225000,0.0,0.0
2008-12-09,15.655795146489305,16.13412382747828,15.534313352422311,15.640609741210938,80484900,0.0,0.0
2008-12-10,15.807633750971663,15.913928616935191,15.412822180022927,15.648191452026367,61499000,0.0,0.0
2008-12-11,15.268572257481758,15.276164958259454,14.66116922870253,14.767465591430664,83564300,0.0,0.0
2008-12-12,14.539687210614414,15.07116461756343,14.198024404569557,14.69913101196289,78112600,0.0,0.0
2008-12-15,14.683946249685317,14.759871803711386,14.342281980647753,14.456171035766602,59925900,0.0,0.0
2008-12-16,14.585244194308366,15.32172026651015,14.42580181671395,15.268572807312012,97688700,0.0,0.0
2008-12-17,15.04079995623232,15.223020483453224,14.805431956258655,14.926912307739258,78922700,0.0,0.0
2008-12-18,15.078764321584341,15.20024467991621,14.418213606014712,14.653581619262695,80759200,0.0,0.0
2008-12-19,14.744691568738983,15.033207037321434,14.509323572145929,14.516916275024414,113530400,0.0,0.0
2008-12-22,14.60802233333213,14.645985838680915,14.342283588529256,14.562467575073242,58575400,0.0,0.0
2008-12-23,14.63839340209961,14.85857594446223,14.433394813991194,14.63839340209961,47511400,0.0,0.0
2008-12-24,14.623206321351809,14.767464731407543,14.501726012302615,14.5548734664917,16880400,0.0,0.0
2008-12-26,14.577651656885923,14.676353865533798,14.494133400842665,14.524502754211426,23101000,0.0,0.0
2008-12-29,14.539690910508877,14.585245673275228,14.152471806595404,14.395432472229004,58512800,0.0,0.0
2008-12-30,14.433398913193377,14.797839985672766,14.425806209830045,14.683952331542969,43224100,0.0,0.0
2008-12-31,14.661171619500337,14.94209580144698,14.630802259596821,14.759875297546387,46419000,0.0,0.0
2009-01-02,14.828208139004674,15.488757283353673,14.706727803304632,15.435609817504883,50084000,0.0,0.0
2009-01-05,15.336908583156747,15.693756911414699,15.23061219640082,15.579869270324707,61475200,0.0,0.0
2009-01-06,15.754500839701958,15.944314102830898,15.64820587576104,15.762093544006348,58083400,0.0,0.0
2009-01-07,15.32931673392378,15.405242314929923,14.79024641212418,14.813024520874023,72709900,0.0,0.0
2009-01-08,14.904128049114057,15.32931055201963,14.843387898436037,15.276163101196289,70255400,0.0,0.0
2009-01-09,15.314125882546849,15.412828089045352,14.737093699510815,14.820611953735352,49815300,0.0,0.0
2009-01-12,14.964869508187979,15.025611112336131,14.65357602772644,14.782649040222168,52163500,0.0,0.0
2009-01-13,14.820614186633533,15.177462461626229,14.820614186633533,15.048389434814453,65843500,0.0,0.0
2009-01-14,14.828205537934078,14.94209315165544,14.43339379208442,14.494133949279785,80257500,0.0,0.0
2009-01-15,14.478948719555065,14.653576492541594,14.061360314907349,14.60802173614502,96169800,0.0,0.0
2009-01-16,14.904132192664882,15.116723503220934,14.539691187277214,14.964872360229492,79634100,0.0,0.0
2009-01-20,14.775055946327273,14.896537703229656,13.947471886076276,14.030988693237305,89873000,0.0,0.0
2009-01-21,14.327097845345394,14.767464315279641,14.015802932999268,14.714315414428711,68340900,0.0,0.0
2009-01-22,13.704514731249214,13.803218422571558,12.960447211533218,12.99081802368164,222436600,0.0,0.0
2009-01-23,12.88451483858488,13.279326499470125,12.71747980428386,13.059144020080566,117020600,0.0,0.0
2009-01-26,13.127476550602363,13.522286753925735,13.081920357474901,13.385621070861816,92476500,0.0,0.0
2009-01-27,13.499510522821314,13.643767461039882,13.233771847333475,13.40839958190918,61695000,0.0,0.0
2009-01-28,13.514699400309263,13.901918506087446,13.484330041038714,13.696921348571777,64145500,0.0,0.0
2009-01-29,13.499513545633326,13.636177815364483,13.332477024584799,13.355255126953125,49192800,0.0,0.0
2009-01-30,13.46914725032421,13.507110766977036,12.98322582244873,12.98322582244873,62370900,0.0,0.0
2009-02-02,12.93007491595755,13.76525178644224,12.907296812010626,13.537476539611816,88871700,0.0,0.0
2009-02-03,13.55266379632028,14.129696141812806,13.362850581940892,14.046177864074707,86865100,0.0,0.0
2009-02-04,14.076545072712241,14.425800602714006,14.046174271063636,14.144876480102539,75618000,0.0,0.0
2009-02-05,14.053766613140082,14.53209514163318,13.8563607519361,14.456171035766602,75195200,0.0,0.0
2009-02-06,14.54728584732237,15.131910943922781,14.471360265606986,14.926912307739258,86746000,0.0,0.0
2009-02-09,14.911724993383631,15.010428671429683,14.623209557580983,14.759875297546387,52196400,0.0,0.0
2009-02-10,14.615612927522577,15.033201289045158,14.198024565999996,14.273948669433594,83953200,0.0,0.0
2009-02-11,14.380244222437925,14.79783256077314,14.365058823330624,14.585241317749023,58599000,0.0,0.0
2009-02-12,14.403023115425732,14.668761848540365,14.07654567274388,14.623207092285156,75323200,0.0,0.0
2009-02-13,14.630799665009249,14.782649333917872,14.456171894092524,14.494133949279785,47416000,0.0,0.0
2009-02-17,14.134833077000792,14.14247783458469,13.676157828585767,13.829050064086914,75853300,0.13,0.0
2009-02-18,13.928431558795833,14.104258099393991,13.760251235276602,13.8519868850708,54946900,0.0,0.0
2009-02-19,13.98959135810453,14.05074798586333,13.61500683082075,13.691452980041504,49195600,0.0,0.0
2009-02-20,13.584431614077,13.905504330303605,13.500340689466208,13.76025676727295,69413800,0.0,0.0
2009-02-23,13.775541546014095,13.874920502428925,13.118106815906122,13.156329154968262,70803400,0.0,0.0
2009-02-24,13.018729671965055,13.263356175432824,12.506542383546044,13.125753402709961,122674500,0.0,0.0
2009-02-25,13.003443309437454,13.17926846925071,12.582990128648719,12.965219497680664,105894600,0.0,0.0
2009-02-26,13.0340164160962,13.056950695259202,12.552408218383789,12.552408218383789,83219500,0.0,0.0
2009-02-27,12.453031591490918,12.628856723751491,12.307784045754788,12.346006393432617,93428000,0.0,0.0
2009-03-02,12.200759760308973,12.422452733780817,12.017289864134597,12.070801734924316,80602100,0.0,0.0
2009-03-03,12.254269963247658,12.414805544216575,11.956130893495915,12.13960075378418,80476600,0.0,0.0
2009-03-04,12.323075294494629,12.53712280442057,12.147249408556725,12.323075294494629,69285100,0.0,0.0
2009-03-05,12.124312563694966,12.139602084917726,11.673282623291016,11.673282623291016,89708500,0.0,0.0
2009-03-06,11.73443891665158,11.94084234398227,11.367498437221663,11.680926322937012,92821400,0.0,0.0
2009-03-09,11.61977081371841,12.032578437066151,11.5433253895693,11.581547737121582,66479100,0.0,0.0
2009-03-10,11.74972743826445,12.705301323274249,11.657992502777113,12.598276138305664,95184200,0.0,0.0
2009-03-11,12.712945219282654,13.148687823553042,12.560054382039334,13.079886436462402,84522200,0.0,0.0
2009-03-12,13.00344181060791,13.026376095018486,12.598278201222696,13.00344181060791,93694100,0.0,0.0
2009-03-13,12.980506521382472,13.034018389442327,12.36894023199977,12.728235244750977,82965800,0.0,0.0
2009-03-16,12.85819313194952,12.965216866974236,12.414807212161229,12.422451972961426,67028900,0.0,0.0
2009-03-17,12.475964674650209,12.919350624084473,12.430097564871252,12.919350624084473,62481000,0.0,0.0
2009-03-18,13.018732834140172,13.163978944547994,12.690015343478407,12.965219497680664,70710700,0.0,0.0
2009-03-19,13.278644089315522,13.339800707780716,12.934637199143307,13.10281753540039,58994600,0.0,0.0
2009-03-20,13.240418705895719,13.492689909115631,12.904056615572962,13.041659355163574,81725500,0.0,0.0
2009-03-23,13.278646029651545,14.211284962049387,13.232777465533529,14.01252555847168,71600000,0.0,0.0
2009-03-24,13.79083799294149,13.920794594274232,13.637945643707257,13.706747055053711,50044100,0.0,0.0
2009-03-25,13.744967089119694,13.997238402035844,13.393316786668382,13.6685209274292,73927100,0.0,0.0
2009-03-26,13.890212804679722,14.432977710185682,13.851990457958395,14.394755363464355,63775100,0.0,0.0
2009-03-27,14.173062805703031,14.234219433920227,13.798476817522552,13.859633445739746,47670400,0.0,0.0
2009-03-30,13.56149612370352,13.576785646473184,13.202201087151302,13.362736701965332,49633000,0.0,0.0
2009-03-31,13.630300484050759,14.364181697707608,13.592078126898507,14.043108940124512,92423300,0.0,0.0
2009-04-01,13.936083293768176,14.799922536924244,13.897860937772704,14.761698722839355,96438900,0.0,0.0
2009-04-02,14.90694504759769,15.20508348196107,14.524715687402878,14.74640941619873,99082300,0.0,0.0
2009-04-03,14.624088831911019,14.639378350146579,14.088968816464766,14.333595275878906,81858400,0.0,0.0
2009-04-06,14.173063374077017,14.341243743896484,13.966659198783292,14.341243743896484,47476100,0.0,0.0
2009-04-07,14.341243743896484,14.631737375055398,14.241863307752503,14.341243743896484,65815200,0.0,0.0
2009-04-08,14.501777264605181,14.998676457601649,14.494132504611049,14.66995906829834,56408900,0.0,0.0
2009-04-09,14.868722984497468,15.059837668318314,14.692896367234406,15.036903381347656,55759600,0.0,0.0
2009-04-13,15.052191358397199,15.174504626819703,14.807564821552193,14.97574520111084,44444700,0.0,0.0
2009-04-14,14.861072992686728,14.94516243247679,14.524710859260049,14.792271614074707,63796300,0.0,0.0
2009-04-15,14.685248989577998,14.71582803342631,14.150128845034116,14.394755363464355,72725500,0.0,0.0
2009-04-16,14.647027864523784,15.120992877081248,14.517069833507154,15.105703353881836,67688700,0.0,0.0
2009-04-17,15.052191144114076,15.052191144114076,14.524714270245463,14.677606582641602,61398500,0.0,0.0
2009-04-20,14.44062237086154,14.486490936315462,14.195995854130166,14.226574897766113,62937200,0.0,0.0
2009-04-21,14.211288724748126,14.585873349022664,14.195999199327272,14.501782417297363,60928300,0.0,0.0
2009-04-22,14.341243528576964,14.66996096027477,14.295376420785592,14.35653305053711,59401000,0.0,0.0
2009-04-23,14.463553428649904,14.478842947058773,14.119546554893965,14.463553428649902,86116300,0.0,0.0
2009-04-24,15.151570779822556,16.206524573047837,14.90694423591212,15.984830856323242,168478500,0.0,0.0
2009-04-27,15.70961529871476,15.916019360973543,15.503212694544269,15.59494686126709,68219600,0.0,0.0
2009-04-28,15.480284171494851,15.495573690988266,15.128633971679337,15.235657691955566,76685200,0.0,0.0
2009-04-29,15.373260019909027,15.969536682534791,15.335036222247895,15.480283737182617,79301600,0.0,0.0
2009-04-30,15.747849228854685,16.1300785719915,15.296818487306103,15.487933158874512,87439900,0.0,0.0
2009-05-01,15.434419597982899,15.556732857777323,15.182148317395768,15.472641944885254,63224500,0.0,0.0
2009-05-04,15.572021451875273,15.594954275414548,15.27388162306385,15.434418678283691,54313400,0.0,0.0
2009-05-05,15.396195703100947,15.4726418545484,15.013966403952749,15.128636360168457,66835500,0.0,0.0
2009-05-06,15.335039073560798,15.34268383451445,14.991033579180856,15.128636360168457,59639100,0.0,0.0
2009-05-07,15.25859160177378,15.281525882650211,14.631735838707375,14.769338607788086,68727200,0.0,0.0
2009-05-08,14.876366547425096,15.013969355463248,14.631739981174759,14.845788955688477,67597600,0.0,0.0
2009-05-11,14.677604400460234,15.082766489321289,14.53235687108738,14.769338607788086,63762600,0.0,0.0
2009-05-12,14.914583619701833,15.33503515817841,14.884004583694749,15.205077171325684,71966800,0.0,0.0
2009-05-13,15.228014808743854,15.289171436164953,15.036900165791792,15.09805679321289,49281700,0.0,0.0
2009-05-14,15.159215895858987,15.464999082893332,15.136281610047941,15.335041046142578,54539500,0.0,0.0
2009-05-15,15.388554094678977,15.671404475553157,15.273885573061094,15.457355499267578,61289900,0.0,0.0
2009-05-18,15.564377666810016,15.747847557067871,15.47264199263655,15.747847557067871,46073800,0.0,0.0
2009-05-19,15.778621063437603,15.955562827514267,15.5785993646491,15.624757766723633,51368300,0.13,0.0
2009-05-20,15.701686918040949,15.917095205714293,15.555516956143006,15.678606986999512,47450700,0.0,0.0
2009-05-21,15.493970373419517,15.563208692191102,15.009303609367183,15.247790336608887,58232800,0.0,0.0
2009-05-22,15.332413927008709,15.517048938389788,14.978529054683499,15.193937301635742,37318700,0.0,0.0
2009-05-26,15.032385556828688,15.732460680780386,14.963147228758832,15.647835731506348,44991700,0.0,0.0
2009-05-27,15.57860158697477,15.847861660960254,15.440124893647987,15.486283302307129,42892900,0.0,0.0
2009-05-28,15.632445612847121,15.87093231875934,15.42473067510972,15.732457160949707,45480800,0.0,0.0
2009-05-29,15.817083809041252,16.109423735988248,15.617062139906183,16.07095718383789,46134900,0.0,0.0
2009-06-01,16.155583232907862,16.540239976548527,16.047879814240165,16.463308334350586,57317100,0.0,0.0
2009-06-02,16.43253655788083,16.909510098279796,16.309446517303737,16.463308334350586,48935700,0.0,0.0
2009-06-03,16.394072298186487,16.74026400286761,16.378687141472287,16.71718406677246,56039600,0.0,0.0
2009-06-04,16.747956663482594,16.847966781306532,16.60178667526375,16.79411506652832,42330000,0.0,0.0
2009-06-05,16.8941218463577,17.163381834396684,16.778725127869244,17.0325984954834,59579200,0.0,0.0
2009-06-08,16.909510030992745,17.17107673301548,16.640250018045926,16.963361740112305,49000600,0.0,0.0
2009-06-09,16.971055943260875,17.171077635755772,16.832579274045248,16.98644256591797,50887700,0.0,0.0
2009-06-10,17.055682040313386,17.40187373648756,17.01721694844923,17.348020553588867,61297200,0.0,0.0
2009-06-11,17.378790022058073,17.894230064644415,17.36340340171845,17.563425064086914,65124600,0.0,0.0
2009-06-12,17.617282582520826,17.986552788456347,17.494192513875653,17.948087692260742,50963500,0.0,0.0
2009-06-15,17.871152561897624,18.109640807513326,17.709597428431255,18.017322540283203,69089600,0.0,0.0
2009-06-16,18.05579233988101,18.548154114653553,18.032713867563963,18.040407180786133,105295600,0.0,0.0
2009-06-17,18.078863830774363,18.32504386943889,17.82499048248297,18.21734046936035,86483100,0.0,0.0
2009-06-18,18.171189056940538,18.225040777659625,17.92500745639003,18.07887077331543,58852200,0.0,0.0
2009-06-19,18.494295574882933,18.72508901711003,18.27119397569434,18.51737403869629,115459000,0.0,0.0
2009-06-22,18.42505846898796,18.42505846898796,17.886538444994745,17.909618377685547,71291600,0.0,0.0
2009-06-23,17.98654225802463,18.2019504857151,17.855758953239082,17.95577049255371,56752700,0.0,0.0
2009-06-24,18.040399073283204,18.271192496829958,17.97116075274942,18.055784225463867,54287700,0.0,0.0
2009-06-25,18.02501618867623,18.40197964116502,17.8480744294701,18.301969528198242,57724300,0.0,0.0
2009-06-26,18.13271697485894,18.225035230384528,17.940388620917123,17.963468551635742,65126400,0.0,0.0
2009-06-29,18.155796139063103,18.486601128652694,18.11732958948941,18.355817794799805,62854900,0.0,0.0
2009-06-30,18.440444772254402,18.648159777365,18.178878054859382,18.286582946777344,66452400,0.0,0.0
2009-07-01,18.501986963088676,18.69431531599957,18.432748638652843,18.494295120239258,54908400,0.0,0.0
2009-07-02,18.278888834180965,18.494297141225765,17.855765531130356,17.978857040405273,65422200,0.0,0.0
2009-07-06,17.85576771132835,17.909620895176836,17.594202440810403,17.84807586669922,49207700,0.0,0.0
2009-07-07,17.75575777119204,17.801916176183177,17.278782695119496,17.3326358795166,52842500,0.0,0.0
2009-07-08,17.163386393620446,17.455726389952883,16.924899583080293,17.355714797973633,73023400,0.0,0.0
2009-07-09,17.424948514535103,17.548038543252304,17.209541697954446,17.26339340209961,46981200,0.0,0.0
2009-07-10,17.071067980921093,17.340328015243653,17.040294734781764,17.224929809570312,43229200,0.0,0.0
2009-07-13,17.248005650189626,17.917308921362842,17.032597380391035,17.87114906311035,67584000,0.0,0.0
2009-07-14,17.84806596929714,17.863451117373,17.586499376478162,17.778827667236328,45448700,0.0,0.0
2009-07-15,18.271191061683826,18.555837631225586,18.125021122332722,18.555837631225586,67238700,0.0,0.0
2009-07-16,18.409669125615924,18.802019119262695,18.355817424647526,18.802019119262695,64555100,0.0,0.0
2009-07-17,18.77125184120576,18.80971840221916,18.540458344522406,18.686628341674805,52860100,0.0,0.0
2009-07-20,18.802019460239183,18.871257781982422,18.57891787521123,18.871257781982422,47798000,0.0,0.0
2009-07-21,18.994351172963743,19.102054595947266,18.748171081944783,19.102054595947266,52028400,0.0,0.0
2009-07-22,19.00204359580678,19.15590541182544,18.855873623342383,19.0789737701416,66192500,0.0,0.0
2009-07-23,19.17898556632431,19.786742461221916,19.10974723474307,19.663652420043945,106060500,0.0,0.0
2009-07-24,18.163497257641904,18.37890415846477,17.54804540601359,18.040407180786133,215135700,0.0,0.0
2009-07-27,18.03270095234317,18.040394260055304,17.617271139978296,17.778827667236328,80950000,0.0,0.0
2009-07-28,17.686514160849544,18.117329236232923,17.617275840315756,18.055784225463867,70288400,0.0,0.0
2009-07-29,18.255808249882683,18.394284908947117,17.955776466809073,18.309659957885742,73626900,0.0,0.0
2009-07-30,18.617387467985555,18.794329222542462,18.240422558052572,18.317354202270508,67820000,0.0,0.0
2009-07-31,18.28658962199811,18.517383178135674,18.07887454106452,18.094261169433594,54258200,0.0,0.0
2009-08-03,18.325047472551866,18.355820717110024,18.078867385482845,18.332740783691406,46902900,0.0,0.0
2009-08-04,18.21734461174048,18.30196956952978,18.101947875795407,18.286582946777344,49218300,0.0,0.0
2009-08-05,18.340434135740608,18.65585255641999,18.301969047306173,18.317354202270508,53310300,0.0,0.0
2009-08-06,18.409670130113923,18.448135213661914,17.901923397066266,18.048091888427734,59686000,0.0,0.0
2009-08-07,18.27119284177547,18.32504454379647,18.07886449607257,18.125022888183594,46169700,0.0,0.0
2009-08-10,18.04809431779386,18.117332651379183,17.92500427305308,18.017322540283203,35261900,0.0,0.0
2009-08-11,17.940384172265148,18.001929171571348,17.732669249351027,17.794214248657227,33615800,0.0,0.0
2009-08-12,17.794221200324774,18.386592967161622,17.717291021649114,18.101947784423828,61972300,0.0,0.0
2009-08-13,18.178878291270696,18.34812820905035,18.0019365293639,18.171186447143555,38954500,0.0,0.0
2009-08-14,18.171181109231046,18.309656273078446,18.08655617520039,18.225032806396484,46330200,0.0,0.0
2009-08-17,17.94039117121163,18.155799486493176,17.87115283656217,17.886539459228516,42474400,0.0,0.0
2009-08-18,18.01805796288193,18.296567075904104,18.002584824491894,18.242412567138672,38878900,0.13,0.0
2009-08-19,17.98710688757716,18.35071668914254,17.98710688757716,18.29656219482422,41821300,0.0,0.0
2009-08-20,18.257882016458904,18.466764915719775,18.211464086267398,18.312036514282227,39505900,0.0,0.0
2009-08-21,18.513182723494193,18.89226568135019,18.389400593402417,18.88452911376953,69011400,0.0,0.0
2009-08-24,18.88453659903336,19.132100957344004,18.78396413181965,19.06247329711914,54180900,0.0,0.0
2009-08-25,19.031528490130295,19.201728617568868,18.92321797666941,19.06247329711914,43980300,0.0,0.0
2009-08-26,19.02378608633237,19.147568227533103,18.892267376856644,18.992839813232422,41079000,0.0,0.0
2009-08-27,18.884532911026305,19.170780066671053,18.799432126126575,19.101152420043945,45495600,0.0,0.0
2009-08-28,19.395135038044447,19.72006356994993,19.039261704604964,19.093416213989258,55808000,0.0,0.0
2009-08-31,19.008310810145588,19.22493027066325,18.791692825227276,19.070201873779297,49592800,0.0,0.0
2009-09-01,18.83811293152712,19.139831717166846,18.489974736097036,18.567338943481445,62608500,0.0,0.0
2009-09-02,18.42808197366576,18.675646234090582,18.39713717891235,18.459028244018555,40771300,0.0,0.0
2009-09-03,18.497716382233953,18.675653075144126,18.38167077710123,18.65244483947754,34120000,0.0,0.0
2009-09-04,18.636965911509996,19.186248960522295,18.629229343490174,19.046995162963867,44999700,0.0,0.0
2009-09-08,19.04699426510189,19.217194326716506,18.884529295543004,19.20172119140625,53737100,0.0,0.0
2009-09-09,19.139835809423253,19.30230082722684,19.085681295355336,19.1707820892334,49900300,0.0,0.0
2009-09-10,19.186250203217206,19.37965998944157,19.0702046266025,19.340978622436523,46256000,0.0,0.0
2009-09-11,19.286828160415826,19.472501417031637,19.193990794307982,19.23267364501953,54303500,0.0,0.0
2009-09-14,19.0702046266025,19.41060626352526,19.062468058081578,19.340978622436523,42806800,0.0,0.0
2009-09-15,19.31777410767827,19.54986679887198,19.232674782280547,19.495712280273438,44716600,0.0,0.0
2009-09-16,19.53439365767241,19.61175788807031,19.302302442078663,19.495712280273438,50055800,0.0,0.0
2009-09-17,19.38739541204543,19.634959687684077,19.38739541204543,19.573068618774414,42428800,0.0,0.0
2009-09-18,19.696848806361565,19.71232194095682,19.418339761643672,19.54212188720703,68016500,0.0,0.0
2009-09-21,19.42607825236364,19.627224595219914,19.418341684299996,19.573068618774414,28878700,0.0,0.0
2009-09-22,19.650438365452054,19.9753669377611,19.565339043951994,19.93668556213379,61376700,0.0,0.0
2009-09-23,20.05272759882459,20.30802846912677,19.83610809727137,19.890262603759766,60599900,0.0,0.0
2009-09-24,20.052726021192743,20.199717866953666,19.851579673203986,20.068199157714844,56302900,0.0,0.0
2009-09-25,19.874789975498913,19.97536241471712,19.743271262306138,19.7664794921875,50158900,0.0,0.0
2009-09-28,19.805168006299414,20.23840563681347,19.805168006299414,19.983104705810547,44358000,0.0,0.0
2009-09-29,20.044989569677217,20.08367093560824,19.874789493741385,19.921207427978516,39050300,0.0,0.0
2009-09-30,19.92894699504409,20.106883666060615,19.63496325757355,19.898000717163086,63533400,0.0,0.0
2009-10-01,19.65817738497343,19.704595336629545,19.186256870402694,19.24814796447754,75958100,0.0,0.0
2009-10-02,18.923214196725272,19.410607720941645,18.900005965019517,19.310033798217773,51219700,0.0,0.0
2009-10-05,19.32551079672419,19.387401886301852,18.969637400552635,19.06247329711914,60804900,0.0,0.0
2009-10-06,19.093419362389056,19.503447272824182,19.07794622127076,19.426084518432617,48795300,0.0,0.0
2009-10-07,19.333239914271072,19.480231748701616,19.248139145558746,19.4183406829834,38472700,0.0,0.0
2009-10-08,19.681381122554466,20.037254436527565,19.511179558828523,19.859317779541016,60521300,0.0,0.0
2009-10-09,19.781952629174782,19.95215418483576,19.69685185134429,19.7664794921875,39520000,0.0,0.0
2009-10-12,19.851582775941328,20.029519446957853,19.766481987368316,19.898000717163086,29145800,0.0,0.0
2009-10-13,19.797430267591963,20.068204324038255,19.743275751422683,19.96763038635254,37749000,0.0,0.0
2009-10-14,20.222926852532638,20.269346263835157,19.975362561317482,20.08367156982422,45365500,0.0,0.0
2009-10-15,20.03725309561908,20.66390037536621,20.03725309561908,20.66390037536621,65620100,0.0,0.0
2009-10-16,20.4627529648528,20.60200675096108,20.191979008821228,20.501434326171875,56500900,0.0,0.0
2009-10-19,20.493705626853735,20.563333284439413,20.30803236515856,20.39313316345215,48143200,0.0,0.0
2009-10-20,20.439550744985958,20.509178401328295,20.06820422822676,20.400869369506836,54604700,0.0,0.0
2009-10-21,20.47049234420551,20.694848418525964,20.416337836776343,20.563329696655273,61672700,0.0,0.0
2009-10-22,20.54786000650037,20.671642180137127,20.215194861501622,20.571069717407227,61600000,0.0,0.0
2009-10-23,22.5902665231015,22.706312114622964,21.56906148115328,21.677371978759766,281761000,0.0,0.0
2009-10-26,21.762466825388056,22.451006614876032,21.74699516513397,22.187969207763672,124149700,0.0,0.0
2009-10-27,22.226654278458295,22.342699865513445,22.002299673564966,22.118345260620117,69685800,0.0,0.0
2009-10-28,21.847572081284593,22.257601411966828,21.6232174677564,21.677371978759766,73542400,0.0,0.0
2009-10-29,21.716052420650836,21.97908987048698,21.545852325415556,21.83209800720215,65225500,0.0,0.0
2009-10-30,21.685105088038927,21.971350736409743,21.39885796406859,21.453012466430664,73371800,0.0,0.0
2009-11-02,21.429807456134196,21.700580008616967,21.205451369105912,21.569061279296875,62428900,0.0,0.0
2009-11-03,21.383378081630692,21.46074226442714,21.220914625797302,21.29827880859375,50294800,0.0,0.0
2009-11-04,21.422074873042003,21.96362155438159,21.367920352468047,21.70832061767578,63898400,0.0,0.0
2009-11-05,22.064189817713988,22.23438990648358,21.87851659116544,22.0255069732666,52681700,0.0,0.0
2009-11-06,21.955879421578242,22.14928921783302,21.8166256077785,22.064189910888672,38908500,0.0,0.0
2009-11-09,22.14155356002985,22.435535793578428,22.071925917105254,22.427799224853516,57518000,0.0,0.0
2009-11-10,22.358174659571468,22.652158409187038,22.288547007062505,22.443275451660156,65881100,0.0,0.0
2009-11-11,22.49742934730001,22.66762945120759,22.45101140543426,22.52837562561035,49693400,0.0,0.0
2009-11-12,22.443272473951023,22.81461892099643,22.435535905187624,22.714046478271484,55352400,0.0,0.0
2009-11-13,22.79914001669352,23.04670572770455,22.721777299826766,22.922922134399414,53037600,0.0,0.0
2009-11-16,22.907458420127632,23.054448813626504,22.721785179181886,22.853303909301758,54129500,0.0,0.0
2009-11-17,22.923230616251626,23.311759948730465,22.899918322739055,23.31175994873047,75648900,0.13,0.0
2009-11-18,23.31176844851413,23.42055622699472,23.164126833345957,23.397245407104492,59431200,0.0,0.0
2009-11-19,23.303989717425026,23.31176048210701,23.07864347013467,23.14080810546875,51967700,0.0,0.0
2009-11-20,23.04756679945435,23.133043752525868,22.868843608597754,23.0164852142334,42647100,0.0,0.0
2009-11-23,23.187434358203713,23.319534411481147,23.07864660213595,23.265140533447266,41832700,0.0,0.0
2009-11-24,23.27292153181302,23.304003126303172,23.11750911299424,23.241838455200195,37341400,0.0,0.0
2009-11-25,23.16412441677624,23.202978249410442,22.985401233025403,23.148584365844727,32033500,0.0,0.0
2009-11-27,22.620186297821974,22.83776185323456,22.340444604151717,22.70566177368164,29357900,0.0,0.0
2009-11-30,22.65126651123426,22.88438506919705,22.53470797331398,22.853302001953125,44172000,0.0,0.0
2009-12-01,22.93878130380718,23.350621612108338,22.853304342255296,23.31954002380371,49904200,0.0,0.0
2009-12-02,23.234054317408958,23.303989717425026,23.039789646724735,23.14080810546875,36308600,0.0,0.0
2009-12-03,23.187433469906637,23.46717509721788,23.12526882851769,23.179662704467773,43095200,0.0,0.0
2009-12-04,23.350620389742293,23.59928049377425,23.17966795770998,23.296226501464844,58810700,0.0,0.0
2009-12-07,23.140813599317884,23.373930666634436,23.063107416171643,23.148584365844727,38082700,0.0,0.0
2009-12-08,22.938780168594384,23.109732601115542,22.829990909606103,22.977632522583008,37402200,0.0,0.0
2009-12-09,22.899927986120208,23.164128162263555,22.72897554125433,23.086421966552734,44713300,0.0,0.0
2009-12-10,23.08641599488608,23.280680692852293,23.047563648141647,23.21074676513672,45940200,0.0,0.0
2009-12-11,23.28845766038958,23.311769963917566,23.148588285588904,23.19521141052246,43744200,0.0,0.0
2009-12-14,23.2418330245988,23.436097761669753,23.234062257261286,23.397245407104492,34651200,0.0,0.0
2009-12-15,23.226286369094602,23.474944940582702,23.218515603470347,23.32730484008789,49473200,0.0,0.0
2009-12-16,23.36616256653361,23.630362730106686,23.342851746415146,23.389474868774414,55737800,0.0,0.0
2009-12-17,23.272913123839242,23.280682408062912,22.977629931187195,23.00094223022461,43691200,0.0,0.0
2009-12-18,23.187432254403127,23.66143854647229,23.156349194277073,23.591503143310547,94118000,0.0,0.0
2009-12-21,23.62259166033897,23.96449801154953,23.599280840518865,23.715839385986328,40129100,0.0,0.0
2009-12-22,23.77800689552902,24.03443631917564,23.731383768172137,23.948959350585938,36321000,0.0,0.0
2009-12-23,23.863477781714234,24.049973219435113,23.847937730339336,24.026660919189453,28362700,0.0,0.0
2009-12-24,23.995573708375414,24.088821411132812,23.902327487739967,24.088821411132812,11083900,0.0,0.0
2009-12-28,24.08882431385474,24.228695143784403,24.003347366203915,24.220924377441406,25384000,0.0,0.0
2009-12-29,24.360790828343145,24.47734933829159,24.26754313111127,24.39187240600586,29716200,0.0,0.0
2009-12-30,24.205384679976422,24.3141739349045,23.933413765839603,24.057743072509766,42006200,0.0,0.0
2009-12-31,24.073284782027137,24.081055549016003,23.684755325317383,23.684755325317383,31929700,0.0,0.0
2010-01-04,23.793539393249073,24.16652723465723,23.77022709736534,24.049968719482422,38409100,0.0,0.0
2010-01-05,23.972267600500434,24.16653232743784,23.809084459169444,24.057743072509766,49749600,0.0,0.0
2010-01-06,23.995572573378205,24.150984909915504,23.715832442581696,23.910097122192383,58182400,0.0,0.0
2010-01-07,23.80130155331273,23.85569689409567,23.459396875406043,23.66143226623535,50559700,0.0,0.0
2010-01-08,23.529345178275243,23.995579355418442,23.4982621093338,23.824626922607422,51197400,0.0,0.0
2010-01-11,23.86348081540278,23.902334654084914,23.405017375932765,23.521575927734375,68754700,0.0,0.0
2010-01-12,23.42832791279905,23.62259265748581,23.241833935754443,23.36616325378418,65912100,0.0,0.0
2010-01-13,23.513806709609288,23.715842237703782,23.319541949763334,23.583742141723633,51863500,0.0,0.0
2010-01-14,23.552655078896958,24.16653232743784,23.513802726358374,24.057743072509766,63228100,0.0,0.0
2010-01-15,24.150988189568853,24.275317482833596,23.86347577256783,23.98003578186035,79913200,0.0,0.0
2010-01-19,23.894565371981734,24.275324122005767,23.840171476567228,24.166536331176758,46575700,0.0,0.0
2010-01-20,23.941179824774352,24.04219829290513,23.552650447303265,23.770227432250977,54849500,0.0,0.0
2010-01-21,23.785775705352123,23.87125118478163,23.31176925619696,23.31954002380371,73086700,0.0,0.0
2010-01-22,23.311765891389136,23.467178256847262,22.410377728825196,22.503623962402344,102004600,0.0,0.0
2010-01-25,22.72120630733889,23.047571165658717,22.612418515273113,22.783370971679688,63373000,0.0,0.0
2010-01-26,22.69011411306688,23.19520196007203,22.604637183745982,22.92323112487793,66639900,0.0,0.0
2010-01-27,22.80667929196465,23.171896445893104,22.550249911095253,23.05533790588379,63949500,0.0,0.0
2010-01-28,23.187438859384784,23.210751161119873,22.449232274452275,22.659038543701172,117513700,0.0,0.0
2010-01-29,23.23406084134081,23.24960237506872,21.493449081115408,21.897520065307617,193888500,0.0,0.0
2010-02-01,22.060699007735806,22.13063441878114,21.69548190281623,22.07624053955078,85931100,0.0,0.0
2010-02-02,22.045161202506407,22.146178205344384,21.86643653268198,22.115095138549805,54413700,0.0,0.0
2010-02-03,21.959685227485377,22.37152698809484,21.85089745311099,22.247196197509766,61397900,0.0,0.0
2010-02-04,22.052934777949243,22.146182514354102,21.610011364801757,21.633323669433594,77850000,0.0,0.0
2010-02-05,21.75764801181712,21.975225025499267,21.42351246592467,21.773189544677734,80960100,0.0,0.0
2010-02-08,21.76541927265808,21.819813156783656,21.423512952568775,21.540071487426758,52820600,0.0,0.0
2010-02-09,21.73433594030068,22.02184837274655,21.563383523408806,21.765419006347656,59195800,0.0,0.0
2010-02-10,21.78095908631222,21.944140725806122,21.63331749668293,21.749876022338867,48591300,0.0,0.0
2010-02-11,21.703255229905945,22.06847237792448,21.52453203930893,21.85089683532715,65993700,0.0,0.0
2010-02-12,21.610005083059413,21.804269785487076,21.43128191253525,21.7032527923584,81117200,0.0,0.0
2010-02-16,21.960876116977527,22.148243599591144,21.875000967253218,22.13262939453125,51935600,0.13,0.0
2010-02-17,22.273160463004746,22.366842741340957,22.14044266115098,22.32000160217285,45882900,0.0,0.0
2010-02-18,22.32000046082736,22.663505604951723,22.257545115445918,22.616662979125977,42856500,0.0,0.0
2010-02-19,22.476139721409908,22.577629099948982,22.39807016688983,22.460525512695312,44451800,0.0,0.0
2010-02-22,22.515167406149434,22.593236938658354,22.366835443287737,22.429290771484375,36707100,0.0,0.0
2010-02-23,22.390260409893656,22.507363983273724,21.929651730753026,22.11701774597168,52266200,0.0,0.0
2010-02-24,22.265353539657088,22.476140901209916,22.156055561970636,22.351228713989258,43165900,0.0,0.0
2010-02-25,22.070177999552346,22.366840503337208,21.875004868652276,22.32780647277832,48735300,0.0,0.0
2010-02-26,22.366843523201457,22.522982644623795,22.257547031637632,22.382457733154297,40370600,0.0,0.0
2010-03-01,22.46052941525691,22.679122419030616,22.273163345285234,22.655702590942383,43805400,0.0,0.0
2010-03-02,22.70254166821432,22.87429351111365,22.04675973852157,22.2185115814209,93123900,0.0,0.0
2010-03-03,22.257547106434174,22.335616667407695,22.132636404497745,22.2185115814209,48442100,0.0,0.0
2010-03-04,22.218510911054477,22.36684292352346,22.070180387638466,22.351228713989258,42890600,0.0,0.0
2010-03-05,22.37464984604447,22.390264055451492,22.187283800319083,22.32000160217285,56001800,0.0,0.0
2010-03-08,22.265353539657088,22.585437389843392,22.249739330122885,22.351228713989258,39414500,0.0,0.0
2010-03-09,22.296574130530253,22.725955836325433,22.28876702798279,22.48394012451172,50271600,0.0,0.0
2010-03-10,22.53078780988455,22.725960950333164,22.483945184058804,22.616662979125977,44891400,0.0,0.0
2010-03-11,22.554207573795374,22.788416235142915,22.522980645714103,22.780609130859375,35349700,0.0,0.0
2010-03-12,22.889906072944548,22.936747210534683,22.671313104821973,22.850872039794922,31700200,0.0,0.0
2010-03-15,22.78060893836273,22.92894094039081,22.647891144769794,22.866485595703125,37512000,0.0,0.0
2010-03-16,22.967975760058124,23.02262400240227,22.79622392854039,22.92894172668457,36723500,0.0,0.0
2010-03-17,23.03042478644357,23.319281616914274,22.952355252068852,23.131914138793945,50385700,0.0,0.0
2010-03-18,23.131915206588005,23.20217764186339,23.030425849552774,23.116302490234375,43845200,0.0,0.0
2010-03-19,23.233404787598612,23.342701241385672,22.913321039462932,23.10068702697754,81332100,0.0,0.0
2010-03-22,23.030433776824104,23.18657290652551,22.944557106583023,23.108503341674805,37718200,0.0,0.0
2010-03-23,23.100696833128872,23.342711150271093,22.960171910577536,23.327096939086914,42026600,0.0,0.0
2010-03-24,23.202181656071907,23.303672519718653,23.108499385531818,23.147533416748047,33987700,0.0,0.0
2010-03-25,23.288060146554834,23.865772490581406,23.26463883254795,23.428585052490234,73168700,0.0,0.0
2010-03-26,23.49103821902428,23.576914873353985,23.10069195614791,23.15534019470215,55595500,0.0,0.0
2010-03-29,23.194369276208587,23.280245912214138,23.069458617865518,23.10068702697754,33336000,0.0,0.0
2010-03-30,23.13191679589688,23.311477192300124,23.03042743188869,23.241214752197266,34954800,0.0,0.0
2010-03-31,23.139726798053697,23.202182142741382,22.77280183414516,22.866485595703125,63760000,0.0,0.0
2010-04-01,22.913323742932203,23.0616557256105,22.34341861086911,22.764991760253906,74768100,0.0,0.0
2010-04-05,22.741574066680716,22.975782732737226,22.663506000381464,22.850872039794922,34331200,0.0,0.0
2010-04-06,22.757188133013944,23.092886176588465,22.624470336462455,22.88990592956543,47366800,0.0,0.0
2010-04-07,22.764994264432726,23.077270981485764,22.749380056316863,22.913326263427734,58318800,0.0,0.0
2010-04-08,22.889906295931418,23.405163281601137,22.87429208689829,23.358322143554688,63713800,0.0,0.0
2010-04-09,23.381744798670727,23.74086269272003,23.342709273848183,23.686214447021484,54752500,0.0,0.0
2010-04-12,23.615948838014514,23.80331486498515,23.584720422326335,23.670597076416016,37068800,0.0,0.0
2010-04-13,23.537876566395646,23.811119215863627,23.522262360356873,23.772085189819336,41374600,0.0,0.0
2010-04-14,24.037523780544063,24.20146849755634,23.936032917491175,24.060943603515625,68941200,0.0,0.0
2010-04-15,24.06094388014531,24.162434744365044,23.97506722412136,24.099979400634766,52745400,0.0,0.0
2010-04-16,24.037529530355418,24.18586007483231,23.889197496825336,23.943845748901367,88703100,0.0,0.0
2010-04-19,24.021909195450824,24.39664124764193,24.014102091565242,24.232696533203125,64970300,0.0,0.0
2010-04-20,24.373215482360624,24.544968758354003,24.302953049281978,24.482513427734375,52199500,0.0,0.0
2010-04-21,24.45909118652344,24.59180894515463,24.38102165396642,24.459091186523438,55343100,0.0,0.0
2010-04-22,24.23270015937219,24.615239372691853,24.123402177671547,24.50594139099121,84847600,0.0,0.0
2010-04-23,24.295154496162176,24.65427237932325,23.928228019220327,24.170242309570312,126766600,0.0,0.0
2010-04-26,24.20147493041335,24.420069433585923,24.09217842335368,24.287351608276367,63649300,0.0,0.0
2010-04-27,24.162439225829633,24.396646435993922,24.00630009301802,24.084369659423828,68730900,0.0,0.0
2010-04-28,24.139011708643032,24.20146704791425,23.904804558639157,24.13120460510254,64557900,0.0,0.0
2010-04-29,24.146817374213093,24.537163593675828,23.943837161406154,24.201465606689453,52665200,0.0,0.0
2010-04-30,24.25611802448299,24.263925128905658,23.826737704606817,23.84235191345215,63214800,0.0,0.0
2010-05-03,23.94383682970769,24.248306400173895,23.87357439205354,24.0921688079834,43989500,0.0,0.0
2010-05-04,23.826737501617824,23.850157325633383,23.225603867670138,23.522266387939453,82085600,0.0,0.0
2010-05-05,23.241213641950253,23.49103497746955,23.17875830807043,23.303668975830078,66833800,0.0,0.0
2010-05-06,23.100700479388074,23.327100621081556,21.789136313959975,22.62447738647461,128613000,0.0,0.0
2010-05-07,22.5854340508823,22.601048258108147,21.328518661203923,22.023334503173828,173718100,0.0,0.0
2010-05-10,22.647892797069336,23.014817787747248,22.413684120613937,22.593244552612305,86653300,0.0,0.0
2010-05-11,22.390268136863426,23.147539562507763,22.304391458523725,22.546405792236328,63789400,0.0,0.0
2010-05-12,22.624469823752218,23.0928856532631,22.57762868751699,22.98358917236328,47146800,0.0,0.0
2010-05-13,22.843065915483596,23.209990905613676,22.780610566332665,22.827451705932617,45188800,0.0,0.0
2010-05-14,22.796219364353348,22.804024978222905,22.359030535026893,22.585432052612305,63334000,0.0,0.0
2010-05-17,22.733769460674946,22.819644635227576,22.2107053523601,22.593244552612305,46053300,0.0,0.0
2010-05-18,22.640294918680915,22.74224224300995,22.271712794000194,22.428556442260742,52690600,0.13,0.0
2010-05-19,22.365813355202274,22.49912997216346,21.79333673356897,22.14623260498047,61746700,0.0,0.0
2010-05-20,21.683550046968552,21.832551354239026,21.205179790634602,21.260074615478516,87991100,0.0,0.0
2010-05-21,20.883648167284775,21.260072564912523,20.734648370157352,21.0483341217041,117596300,0.0,0.0
2010-05-24,21.056180322803474,21.0640226550051,20.59349319331107,20.601335525512695,73711700,0.0,0.0
2010-05-25,20.11512561219532,20.648392347414312,19.90338708572209,20.444496154785156,98373600,0.0,0.0
2010-05-26,20.56995811633485,20.867960639846387,19.26031906855949,19.613216400146484,176684100,0.0,0.0
2010-05-27,20.177860345583422,20.671916847571712,20.177860345583422,20.389598846435547,136433600,0.0,0.0
2010-05-28,20.264124993336882,20.483705832303574,20.12296598941344,20.232755661010742,67496900,0.0,0.0
2010-06-01,20.021018677371245,20.63270570081885,20.01317634427934,20.303335189819336,76152400,0.0,0.0
2010-06-02,20.436651757478774,20.76602226681249,20.17786074984314,20.750337600708008,65718800,0.0,0.0
2010-06-03,20.820916145428185,21.118918804628127,20.711126479287167,21.064023971557617,67837000,0.0,0.0
2010-06-04,20.46802088993992,20.836601565165772,20.091597881738355,20.22491455078125,89832200,0.0,0.0
2010-06-07,20.24843878480184,20.256281117286008,19.793593971124096,19.832805633544922,80456200,0.0,0.0
2010-06-08,19.801436238802776,19.809278571261277,19.33090676169663,19.691646575927734,87355000,0.0,0.0
2010-06-09,19.777909956940277,20.013175451890625,19.40932929268837,19.440698623657227,87794000,0.0,0.0
2010-06-10,19.70732258328513,19.723007242502206,19.432848525843436,19.605375289916992,78930900,0.0,0.0
2010-06-11,19.636752201443308,20.17001735908274,19.42501370745253,20.12296485900879,68057700,0.0,0.0
2010-06-14,20.27980597845311,20.358226303489968,19.973961026876438,19.997488021850586,50972400,0.0,0.0
2010-06-15,20.19354927945205,20.8993429356959,20.185706944899383,20.84444808959961,81641500,0.0,0.0
2010-06-16,20.758171123625896,20.84443525481645,20.569959697568606,20.640539169311523,48698000,0.0,0.0
2010-06-17,20.82875598051194,20.91502013400554,20.420965199841813,20.67975616455078,47995500,0.0,0.0
2010-06-18,20.67975483524381,20.80522914365703,20.522911201841413,20.734649658203125,52075600,0.0,0.0
2010-06-21,21.00128227378134,21.087544923231768,20.30332977254829,20.350383758544922,54625300,0.0,0.0
2010-06-22,20.515075874524246,20.74249907102375,20.201389996397566,20.209232330322266,55985400,0.0,0.0
2010-06-23,20.21706998428194,20.21706998428194,19.777908360792022,19.848487854003906,61466200,0.0,0.0
2010-06-24,19.966113477281176,20.170009559788884,19.550480478428653,19.605375289916992,85243400,0.0,0.0
2010-06-25,19.644591951834943,19.6916459450785,19.064272830445084,19.236801147460938,156256700,0.0,0.0
2010-06-28,19.221117495088077,19.299539325517856,18.915274001761137,19.064273834228516,73784800,0.0,0.0
2010-06-29,18.923114202626753,18.978010529123004,18.12321574728821,18.280057907104492,119882100,0.0,0.0
2010-06-30,18.272209945789744,18.57021250044999,17.997735876723056,18.044788360595703,81050500,0.0,0.0
2010-07-01,18.107534967069775,18.28790416264934,17.825216924755825,18.162429809570312,92239400,0.0,0.0
2010-07-02,18.319265315843605,18.41337029073135,18.076157556545112,18.248685836791992,62485100,0.0,0.0
2010-07-06,18.58590673305324,18.891750279408235,18.491800221066637,18.680011749267578,73592000,0.0,0.0
2010-07-07,18.68000783904387,19.072115481326982,18.515323347255503,19.05643081665039,79965300,0.0,0.0
2010-07-08,19.291697714427425,19.307382380254403,18.79764121128198,19.142696380615234,50758100,0.0,0.0
2010-07-09,19.079952341330053,19.142689486270786,18.938793391270522,19.032899856567383,53806100,0.0,0.0
2010-07-12,19.158384794915566,19.51912320488476,19.15054246046767,19.472070693969727,49854200,0.0,0.0
2010-07-13,19.71517303657534,19.84064737047108,19.526961535731733,19.70733070373535,61928700,0.0,0.0
2010-07-14,19.997493868406593,20.0837580460939,19.699492657134837,19.950441360473633,72808100,0.0,0.0
2010-07-15,19.99749442730456,20.068073939062714,19.589702025095743,20.00533676147461,56934700,0.0,0.0
2010-07-16,20.005331475000023,20.10727880072616,19.51127502324899,19.51911735534668,65064800,0.0,0.0
2010-07-19,19.574007195372083,19.840640435648243,19.534797040649156,19.78574562072754,38181800,0.0,0.0
2010-07-20,19.495593145325586,19.9818058013916,19.370118815000676,19.9818058013916,45530700,0.0,0.0
2010-07-21,20.07591064617868,20.115120810266458,19.589696534322055,19.699487686157227,73297300,0.0,0.0
2010-07-22,20.005331038784178,20.381753996633893,19.973961711077433,20.264122009277344,73016400,0.0,0.0
2010-07-23,20.26412376906344,20.40528276445864,19.80143661561116,20.240596771240234,108520100,0.0,0.0
2010-07-26,20.27980232485804,20.546435570108,20.232748343386948,20.468013763427734,67249900,0.0,0.0
2010-07-27,20.499389109999946,20.577810945453706,20.3582301053376,20.515073776245117,60672100,0.0,0.0
2010-07-28,20.44448873899479,20.53859521521635,20.256277282323357,20.350383758544922,69704800,0.0,0.0
2010-07-29,20.491548244467992,20.711129100310323,20.07591502960828,20.413127899169922,69446200,0.0,0.0
2010-07-30,20.193544271365834,20.26412376906344,19.879858445916494,20.240596771240234,83534800,0.0,0.0
2010-08-02,20.381754598640274,20.68759807395524,20.193543114156302,20.648387908935547,55044600,0.0,0.0
2010-08-03,20.546443108735463,20.664075114030048,20.366072438460186,20.515073776245117,56877700,0.0,0.0
2010-08-04,20.507230761347756,20.577810261332473,19.950438590103943,20.177860260009766,78531900,0.0,0.0
2010-08-05,19.98964905632367,20.060228557359444,19.7700682202377,19.895544052124023,64922100,0.0,0.0
2010-08-06,19.746540486471105,20.044541627136713,19.62106616453065,20.036699295043945,55982100,0.0,0.0
2010-08-09,20.036697689680217,20.177856664496385,19.895540210635836,20.083751678466797,57096500,0.0,0.0
2010-08-10,19.864174488058254,19.87201682094525,19.511276987003672,19.6602783203125,87257700,0.0,0.0
2010-08-11,19.354435022732822,19.52696186076825,19.260328522858543,19.495594024658203,76746900,0.0,0.0
2010-08-12,19.15053805909925,19.354434220566084,19.103485558998294,19.205432891845703,70240500,0.0,0.0
2010-08-13,19.0956431956447,19.34659185680894,19.009379032454994,19.13485336303711,45263500,0.0,0.0
2010-08-16,19.1034805506684,19.299534328090626,19.056426567131503,19.21327018737793,40909700,0.0,0.0
2010-08-17,19.48133087158203,19.678430543712572,19.394608038395383,19.48133087158203,52912600,0.13,0.0
2010-08-18,19.457673179948873,19.670541113524237,19.24480524637351,19.56804847717285,46818900,0.0,0.0
2010-08-19,19.41037705160936,19.504984055438616,19.08713219456429,19.268465042114258,54064600,0.0,0.0
2010-08-20,19.16597712623614,19.236933148603555,19.079254268482753,19.1029052734375,49560100,0.0,0.0
2010-08-23,19.26846238244721,19.426141201648303,19.110782059495115,19.142318725585938,51643000,0.0,0.0
2010-08-24,18.992519527016277,19.197503312520176,18.92156354342836,18.953100204467773,66522500,0.0,0.0
2010-08-25,18.921569904603288,19.09501708737836,18.81907872927058,19.000410079956055,47404800,0.0,0.0
2010-08-26,18.992525380258428,19.071365553403684,18.75600636457388,18.7796573638916,49105300,0.0,0.0
2010-08-27,18.826961758560405,18.937338607695438,18.535255058974446,18.866382598876953,60939400,0.0,0.0
2010-08-30,18.71658507480862,18.779656911053717,18.606209737317503,18.637744903564453,45453100,0.0,0.0
2010-08-31,18.606212016129643,18.708703198673923,18.385459810359393,18.503719329833984,66074600,0.0,0.0
2010-09-01,18.661396330349685,18.882148496358127,18.55890516626608,18.842727661132812,65235900,0.0,0.0
2010-09-02,18.82695686000745,18.882146022091042,18.692929045306247,18.8742618560791,48837100,0.0,0.0
2010-09-03,19.110780967125113,19.27634544713627,19.079245806587846,19.15020179748535,64189100,0.0,0.0
2010-09-07,19.000402897801234,19.158081685152897,18.858490936559246,18.890026092529297,51928700,0.0,0.0
2010-09-08,18.976757944260687,19.079250625332413,18.716586413176667,18.866382598876953,65512400,0.0,0.0
2010-09-09,19.07135721559233,19.087124040327296,18.913676938238094,18.929445266723633,46028900,0.0,0.0
2010-09-10,18.905797734134353,18.945218565690674,18.75600308547322,18.803306579589844,58284300,0.0,0.0
2010-09-13,19.079256548691077,19.93861158562087,18.992532176821467,19.79669952392578,114680400,0.0,0.0
2010-09-14,19.741498132934705,19.98590123414695,19.62323716109746,19.733613967895508,87160400,0.0,0.0
2010-09-15,19.788804726527797,19.883411714351297,19.646892741041587,19.80457305908203,56201900,0.0,0.0
2010-09-16,19.757276205871637,20.00168094995928,19.749392036344464,19.970144271850586,44548300,0.0,0.0
2010-09-17,20.025327232690184,20.12781990862344,19.773039882317903,19.88341522216797,70341600,0.0,0.0
2010-09-20,19.9307211996085,20.11993672161016,19.79669335022174,20.048980712890625,49838700,0.0,0.0
2010-09-21,20.041094089557188,20.041094089557188,19.773038423623802,19.82822608947754,52675700,0.0,0.0
2010-09-22,19.623245126240107,19.686316968404046,19.20539473581077,19.402494430541992,94299400,0.0,0.0
2010-09-23,19.323653810939504,19.38672565166416,19.20539429754968,19.260581970214844,46201800,0.0,0.0
2010-09-24,19.426145062119527,19.55228874404877,19.378841557333885,19.536521911621094,51948800,0.0,0.0
2010-09-27,19.591711258834735,19.70208661401785,19.38672738224364,19.497102737426758,43603300,0.0,0.0
2010-09-28,19.552282915205343,19.631123068845458,19.197504479451116,19.45767593383789,56041200,0.0,0.0
2010-09-29,19.41825653551555,19.441909034475113,19.236925221411795,19.315765380859375,44318900,0.0,0.0
2010-09-30,19.402488889715272,19.57593603019645,19.205389251270383,19.307880401611328,61262700,0.0,0.0
2010-10-01,19.5286296726876,19.56804899309243,19.158081444379206,19.221153259277344,62672300,0.0,0.0
2010-10-04,18.8900319735535,18.91368447570779,18.74812147188129,18.85061264038086,98143400,0.0,0.0
2010-10-05,18.968875292119776,19.276351856156044,18.850615769221868,19.197511672973633,78152900,0.0,0.0
2010-10-06,19.1738576253117,19.347306315117986,19.0240614396839,19.260581970214844,50489700,0.0,0.0
2010-10-07,19.410372491985775,19.512863639350165,19.142316871185542,19.33941650390625,50096100,0.0,0.0
2010-10-08,19.410377259375263,19.434028258710125,19.21327757824483,19.370956420898438,41327800,0.0,0.0
2010-10-11,19.504978221289498,19.504978221289498,19.315762766476148,19.38671875,27587800,0.0,0.0
2010-10-12,19.434029068885227,19.654781262304574,19.260581883610143,19.57594108581543,50141500,0.0,0.0
2010-10-13,19.725728648174854,20.135696183710614,19.6232360124156,19.978015899658203,75336500,0.0,0.0
2010-10-14,19.93860138558503,19.9780207142226,19.709965068984335,19.89129638671875,51949100,0.0,0.0
2010-10-15,19.993790136351127,20.14358479633484,19.8912974703085,20.13570213317871,68954800,0.0,0.0
2010-10-18,20.175125393659663,20.458949442597866,20.064750042962082,20.356456756591797,48330500,0.0,0.0
2010-10-19,19.9228328290496,20.001672989190972,19.670545519598004,19.78880500793457,66150900,0.0,0.0
2010-10-20,19.914951165507937,20.025326501326884,19.788807494928804,19.954370498657227,56283600,0.0,0.0
2010-10-21,20.02532930402413,20.13570615904233,19.749389422105704,20.04109764099121,50032400,0.0,0.0
2010-10-22,20.119926889648006,20.13569521804716,19.922827295910274,20.009550094604492,25837900,0.0,0.0
2010-10-25,19.899183433464337,19.985907773520932,19.84399576388331,19.859764099121094,50912400,0.0,0.0
2010-10-26,19.804573299562968,20.474710899994736,19.757268301325848,20.419523239135742,69304200,0.0,0.0
2010-10-27,20.33280224726946,20.5850895789124,20.198774414365257,20.537784576416016,64805500,0.0,0.0
2010-10-28,20.663928946825205,20.797956784299416,20.435294108634587,20.719118118286133,80730300,0.0,0.0
2010-10-29,21.40501742429,21.44443824868598,20.876790407389443,21.026586532592773,114193200,0.0,0.0
2010-11-01,21.192151995310958,21.460207617968425,21.050241521919535,21.24734115600586,61912100,0.0,0.0
2010-11-02,21.334070558782287,21.617894600690022,21.30253538954328,21.594242095947266,54402100,0.0,0.0
2010-11-03,21.649425411838802,21.673077911820243,21.25522610132097,21.310415267944336,110255300,0.0,0.0
2010-11-04,21.610010441801307,21.62577877830331,21.294651230517992,21.39714241027832,93599300,0.0,0.0
2010-11-05,21.42079398033252,21.436562316146468,20.916219264296387,21.168506622314453,110953700,0.0,0.0
2010-11-08,21.034477443870696,22.76107100866774,20.955637273542987,21.1369686126709,71670800,0.0,0.0
2010-11-09,21.136964338366926,21.373484801521034,21.058124183982223,21.24734115600586,58538600,0.0,0.0
2010-11-10,21.29464956850206,21.349837238200408,21.13696922329145,21.23946189880371,52277300,0.0,0.0
2010-11-11,21.034475326538086,21.066010489244135,20.719116180722505,21.034475326538086,62073100,0.0,0.0
2010-11-12,20.868911968634684,20.908332803847163,20.577205306817866,20.711233139038086,64962200,0.0,0.0
2010-11-15,20.758535163118214,20.892562985818792,20.632391506900145,20.656044006347656,51794600,0.0,0.0
2010-11-16,20.656047418367596,20.656047418367596,20.34668163492814,20.473600387573242,65339200,0.16,0.0
2010-11-17,20.54498845023605,20.55292105988482,20.267353164491528,20.283218383789062,58299700,0.0,0.0
2010-11-18,20.394275943539586,20.687776506875835,20.314952857278172,20.497398376464844,59514000,0.0,0.0
2010-11-19,20.465664113212952,20.48946194244586,20.30701645729872,20.378408432006836,52423200,0.0,0.0
2010-11-22,20.34667591069583,20.4180678780975,20.180095662085563,20.41013526916504,53350500,0.0,0.0
2010-11-23,20.28322223319977,20.3070200666625,19.902465975741375,19.9262638092041,69742500,0.0,0.0
2010-11-24,19.98972329686289,20.195965136059222,19.95799285206907,20.124574661254883,56825900,0.0,0.0
2010-11-26,19.9976522642756,20.156301445358533,19.96592333585345,20.029382705688477,21356500,0.0,0.0
2010-11-29,19.981790376544545,20.16423589231394,19.775547027547933,20.07697868347168,56603600,0.0,0.0
2010-11-30,19.870731685287073,20.20389372432977,19.83107015018294,20.03731346130371,75282100,0.0,0.0
2010-12-01,20.283220781092396,20.822626197037017,20.27528817050606,20.65604591369629,74123500,0.0,0.0
2010-12-02,20.814688114115526,21.40168752626091,20.78295919310272,21.33029556274414,91759200,0.0,0.0
2010-12-03,21.266842196525893,21.465152925919433,21.243045877312774,21.43342399597168,52622000,0.0,0.0
2010-12-06,21.36202420545507,21.40168573164289,21.22717289823015,21.290632247924805,36264200,0.0,0.0
2010-12-07,21.481014308196624,21.520675841790514,21.29856883287991,21.314434051513672,57860500,0.0,0.0
2010-12-08,21.282705453672296,21.607934898820844,21.258907623664847,21.60000228881836,41666800,0.0,0.0
2010-12-09,21.63966149021293,21.68725562877255,21.425485597209065,21.48101234436035,47148300,0.0,0.0
2010-12-10,21.56826596144746,21.734846175371818,21.50480661619197,21.687252044677734,37625800,0.0,0.0
2010-12-13,21.63173092608025,21.774514868244296,21.552406345656834,21.61586570739746,47943900,0.0,0.0
2010-12-14,21.66346591031358,22.012493254014704,21.62380436550273,21.909372329711914,64070500,0.0,0.0
2010-12-15,21.83798033787632,22.202871391694124,21.83798033787632,22.09181785583496,69634200,0.0,0.0
2010-12-16,22.02042390461487,22.2028694152832,21.941099309066217,22.202869415283203,57680200,0.0,0.0
2010-12-17,22.147340668895488,22.282192015354365,22.012489322436608,22.1314754486084,87456500,0.0,0.0
2010-12-20,22.171136500942637,22.20286542566626,21.956960585343634,22.060081481933594,52811000,0.0,0.0
2010-12-21,22.091815911654614,22.321855574688485,22.020423926887695,22.266328811645508,38153000,0.0,0.0
2010-12-22,22.218727308176405,22.52809146448294,22.194929483464243,22.36151123046875,42252300,0.0,0.0
2010-12-23,22.18699857578633,22.464633833413448,22.179065966940932,22.448768615722656,24902500,0.0,0.0
2010-12-27,22.305991865955363,22.369451239860307,22.115612231249706,22.266328811645508,21652800,0.0,0.0
2010-12-28,22.186998583772038,22.345647734756188,22.179065974923784,22.21872901916504,23042200,0.0,0.0
2010-12-29,22.163209675199163,22.30599365619257,22.115614006207398,22.1870059967041,19502500,0.0,0.0
2010-12-30,22.147344623764543,22.210804003254204,22.036291087905376,22.09181785583496,20786100,0.0,0.0
2010-12-31,22.052152812607062,22.147342629766776,21.917301454208776,22.1394100189209,24752000,0.0,0.0
2011-01-03,22.25046160305539,22.353584022061817,22.147340697039642,22.194934844970703,53443800,0.0,0.0
2011-01-04,22.163209897232335,22.345655424555694,22.09181790602042,22.282196044921875,54405600,0.0,0.0
2011-01-05,22.13147558197566,22.218732781089784,22.028354675469537,22.210800170898438,58998700,0.0,0.0
2011-01-06,22.242529129317422,22.885055382088627,22.099745181370356,22.861257553100586,88026300,0.0,0.0
2011-01-07,22.718471705599963,22.79779628260363,22.409107519575166,22.686742782592773,73762000,0.0,0.0
2011-01-10,22.417041564739474,22.52809507186506,22.242528694543473,22.385311126708984,57573600,0.0,0.0
2011-01-11,22.369451448935155,22.409112990624884,22.250463797884304,22.298059463500977,50298900,0.0,0.0
2011-01-12,22.305993877291694,22.678817543476992,22.266330819405415,22.64708709716797,52631100,0.0,0.0
2011-01-13,22.472564719811544,22.52015885624555,22.218727308176405,22.36151123046875,67077600,0.0,0.0
2011-01-14,22.27425576009525,22.51222797349539,22.13940443570439,22.448768615722656,62688400,0.0,0.0
2011-01-18,22.337721104450207,22.797801949853294,22.32185588250748,22.734342575073242,53322700,0.0,0.0
2011-01-19,22.575689369198287,22.750203753569714,22.424974326501868,22.583621978759766,50005900,0.0,0.0
2011-01-20,22.607419956114164,22.647081491191816,22.31391945237156,22.488433837890625,58613600,0.0,0.0
2011-01-21,22.528095187359714,22.551893016004584,22.22666358947754,22.22666358947754,58080300,0.0,0.0
2011-01-24,22.22666542442142,22.655015784457976,22.202867593811895,22.512231826782227,52047800,0.0,0.0
2011-01-25,22.32185408617868,22.567760467529297,22.305990378503413,22.567760467529297,42436600,0.0,0.0
2011-01-26,22.615352884973653,22.996109073860087,22.607420275248028,22.82952880859375,74628800,0.0,0.0
2011-01-27,22.805731063850594,23.36893273953976,22.599487749192548,22.900920867919922,146938600,0.0,0.0
2011-01-28,22.924714330553133,22.94851215685579,21.774513293085473,22.01248550415039,141249400,0.0,0.0
2011-01-31,22.028356343436542,22.131477257750888,21.75072101767988,21.996625900268555,65029000,0.0,0.0
2011-02-01,22.05215283503984,22.258396178270015,21.9014377677873,22.202869415283203,62810700,0.0,0.0
2011-02-02,22.155271583578745,22.298055529254444,22.115608535896293,22.163204193115234,45824000,0.0,0.0
2011-02-03,22.187002067597728,22.187002067597728,21.845908911506747,21.933164596557617,60340100,0.0,0.0
2011-02-04,21.97282408142245,22.083877578733805,21.82210754007816,22.028350830078125,40412200,0.0,0.0
2011-02-07,22.05214749541605,22.4804992998648,22.044216399473328,22.36944580078125,68980900,0.0,0.0
2011-02-08,22.29011936687767,22.480497426437232,22.25045632551714,22.432903289794922,34904200,0.0,0.0
2011-02-09,22.361520423692017,22.417047191191468,22.139411840703282,22.1870059967041,52905100,0.0,0.0
2011-02-10,22.155277010156055,22.16320962163551,21.64760197939838,21.81418228149414,76672400,0.0,0.0
2011-02-11,22.020419705865415,22.06008123958186,21.473081765233417,21.61586570739746,83939700,0.0,0.0
2011-02-14,21.584137068813394,21.631732728828293,21.37789526071144,21.60000228881836,56766200,0.0,0.0
2011-02-15,21.576062066786957,21.80746134148807,21.504248131413103,21.512226104736328,44116500,0.16,0.0
2011-02-16,21.58404515432206,21.600004148616105,21.224976914306797,21.560108184814453,70817900,0.0,0.0
2011-02-17,21.520206646530813,21.83938038457312,21.47233119459774,21.71170997619629,57207300,0.0,0.0
2011-02-18,21.647880717791033,21.711715176301652,21.53617079588084,21.592025756835938,68667800,0.0,0.0
2011-02-22,21.368606467577415,21.62394430824646,21.161144091550423,21.216999053955078,60889000,0.0,0.0
2011-02-23,21.169123589313028,21.43244092774468,21.089330133620557,21.216999053955078,60234100,0.0,0.0
2011-02-24,21.25689427536069,21.592025559969237,21.145184354469016,21.360626220703125,64494200,0.0,0.0
2011-02-25,21.472335386123785,21.504253374931864,21.145183610508333,21.18507957458496,53006300,0.0,0.0
2011-02-28,21.29678782673296,21.432436215002596,21.15315994245532,21.209014892578125,51379900,0.0,0.0
2011-03-01,21.224982182387325,21.368610122815543,20.86591233131679,20.873891830444336,60055000,0.0,0.0
2011-03-02,20.833993273467176,21.041455659258027,20.778138308433803,20.810054779052734,48658200,0.0,0.0
2011-03-03,20.953679139175474,21.065389050249554,20.889844686856943,20.905803680419922,68271500,0.0,0.0
2011-03-04,20.921762050931438,20.93772104518008,20.586630781377227,20.706321716308594,70437200,0.0,0.0
2011-03-07,20.849948408143955,20.96165984760871,20.387148221599904,20.522796630859375,64980400,0.0,0.0
2011-03-08,20.562694226163185,20.76217709248933,20.4669417806759,20.67440414428711,50549800,0.0,0.0
2011-03-09,20.59461090128489,20.730259312633464,20.474921484667565,20.658445358276367,39789100,0.0,0.0
2011-03-10,20.443002783872704,20.514815208451253,20.227560944337043,20.275436401367188,66549500,0.0,0.0
2011-03-11,20.27543532340773,20.626525540807265,20.235539364992597,20.490877151489258,49905800,0.0,0.0
2011-03-14,20.339274399019004,20.55471627613265,20.227564472486126,20.49886131286621,54473400,0.0,0.0
2011-03-15,20.01212119331222,20.323313979384963,19.948286736632333,20.259479522705078,76067300,0.0,0.0
2011-03-16,20.12383285493991,20.17170984304656,19.692950615515443,19.780723571777344,100725400,0.0,0.0
2011-03-17,19.996163072271493,20.123831991208988,19.74880473207179,19.772743225097656,62497000,0.0,0.0
2011-03-18,19.99616247128125,20.091914918573288,19.788700103759766,19.788700103759766,85486700,0.0,0.0
2011-03-21,20.091917546053068,20.41108987554311,20.06797905061617,20.211606979370117,46878100,0.0,0.0
2011-03-22,20.18765640258789,20.315325257980213,20.13180146859535,20.18765640258789,30895600,0.0,0.0
2011-03-23,20.131811509078567,20.435026333309448,20.091915542595665,20.37917137145996,43969000,0.0,0.0
2011-03-24,20.427043449116148,20.64248528504721,20.347250007445385,20.594608306884766,38696700,0.0,0.0
2011-03-25,20.69035135124173,20.706310336719778,20.419054685845428,20.4429931640625,57029800,0.0,0.0
2011-03-28,20.47491924791502,20.522794704945166,20.251497911885444,20.275436401367188,48973200,0.0,0.0
2011-03-29,20.21957834553491,20.36320621652173,20.18766036445646,20.33926773071289,40763500,0.0,0.0
2011-03-30,20.42704095139263,20.52279185214292,20.34724751947864,20.435020446777344,41999300,0.0,0.0
2011-03-31,20.42704592269821,20.490880379378094,20.219583558005215,20.259479522705078,63233700,0.0,0.0
2011-04-01,20.371196325259806,20.371196325259806,20.19565038173445,20.331298828125,63114200,0.0,0.0
2011-04-04,20.307352176360077,20.47491701868847,20.27543419385952,20.387144088745117,35433700,0.0,0.0
2011-04-05,20.602593275574634,20.88984913311512,20.538758809669382,20.570676803588867,73651100,0.0,0.0
2011-04-06,20.73025925807581,20.993576582714336,20.63450833380735,20.865907669067383,65581400,0.0,0.0
2011-04-07,20.89782418363843,20.953679139175474,20.722278298312425,20.905803680419922,46134700,0.0,0.0
2011-04-08,20.88186788856599,20.969640842571582,20.714301478367453,20.802074432373047,39887600,0.0,0.0
2011-04-11,20.897823416696653,20.945698873695193,20.5866291413728,20.730257034301758,34286300,0.0,0.0
2011-04-12,20.610568885462786,20.626527879411547,20.387147535980407,20.458961486816406,36920400,0.0,0.0
2011-04-13,20.466945859933524,20.64249179132595,20.395131891988225,20.450986862182617,38144700,0.0,0.0
2011-04-14,20.283416748046875,20.29937574170363,20.020099440444042,20.283416748046875,55239900,0.0,0.0
2011-04-15,20.31532933587896,20.39512276699931,20.09190955506172,20.24351692199707,65080400,0.0,0.0
2011-04-18,20.02808019522065,20.17170810328579,19.724865384431244,20.012121200561523,58045100,0.0,0.0
2011-04-19,19.948284686841788,20.083933083589645,19.84455427612088,20.067974090576172,38892400,0.0,0.0
2011-04-20,20.379169832902104,20.746217567021347,20.3552313416595,20.55471420288086,61608600,0.0,0.0
2011-04-21,20.578654459312414,20.658446393098565,20.23554366507108,20.36321258544922,46892300,0.0,0.0
2011-04-25,20.395122969853784,20.442999942162054,20.2195786371895,20.435020446777344,33525100,0.0,0.0
2011-04-26,20.538755477419475,21.097308104919982,20.482900519056116,20.897825241088867,69200000,0.0,0.0
2011-04-27,20.985594490887813,21.05740843617744,20.849946096666663,21.049428939819336,52689000,0.0,0.0
2011-04-28,21.113263206542506,21.44041646666819,21.06538775074036,21.312746047973633,80200000,0.0,0.0
2011-04-29,21.185078711395192,21.256892661353824,20.235541412045983,20.682382583618164,319317900,0.0,0.0
2011-05-02,20.698341620040516,20.74621707946716,20.3312923726138,20.47492027282715,89825600,0.0,0.0
2011-05-03,20.427043449116148,20.626526292326396,20.339270511084976,20.594608306884766,71892900,0.0,0.0
2011-05-04,20.626527312290172,20.945699572822697,20.57865185369364,20.794092178344727,73292300,0.0,0.0
2011-05-05,20.786110325252128,20.81004881280339,20.4908765884526,20.578649520874023,55600000,0.0,0.0
2011-05-06,20.802073865719404,20.92176328578165,20.546736030404332,20.642488479614258,55993000,0.0,0.0
2011-05-09,20.586632414320995,20.714301334569996,20.482901987343773,20.610570907592773,38696400,0.0,0.0
2011-05-10,20.251497879999057,20.626526604955835,20.14776746960818,20.482898712158203,120798700,0.0,0.0
2011-05-11,20.466939700023698,20.474919196497574,20.115849464839847,20.23554039001465,78600000,0.0,0.0
2011-05-12,20.2275593982966,20.259475859899464,20.02807656699571,20.20362091064453,77400000,0.0,0.0
2011-05-13,20.171709982581003,20.203626452939254,19.90839263390748,19.972227096557617,66812300,0.0,0.0
2011-05-16,19.916363914168056,20.004136841527863,19.54931625781454,19.60517120361328,91350900,0.0,0.0
2011-05-17,19.597137643927923,19.83808698049503,19.49272733708499,19.693517684936523,82882100,0.16,0.0
2011-05-18,19.701547641405426,19.870210782521518,19.476661921341996,19.830053329467773,53931100,0.0,0.0
2011-05-19,19.958562619934014,19.982656483351604,19.677455802093746,19.854150772094727,37783600,0.0,0.0
2011-05-20,19.854154676474337,19.974630144889826,19.629270403505082,19.6694278717041,45451500,0.0,0.0
2011-05-23,19.44454594741591,19.476673153914195,19.299978113902196,19.41242027282715,52692500,0.0,0.0
2011-05-24,19.43651176798909,19.508796436160434,19.308006031664302,19.396352767944336,47691800,0.0,0.0
2011-05-25,19.412414642376802,19.524856768688615,19.404382843081805,19.428478240966797,34904200,0.0,0.0
2011-05-26,19.556982029621402,20.10313207233681,19.532886634121983,19.813993453979492,78016600,0.0,0.0
2011-05-27,19.82203099979235,19.99872602229327,19.797935597306573,19.88628387451172,50251000,0.0,0.0
2011-05-31,20.04690766154011,20.12722410733235,19.83808704715259,20.087066650390625,60196300,0.0,0.0
2011-06-01,20.071010739821027,20.15935901721096,19.57305134268175,19.621240615844727,74033500,0.0,0.0
2011-06-02,19.669427780091922,19.797933516021317,19.420448108217375,19.452573776245117,51487800,0.0,0.0
2011-06-03,19.316036344329984,19.3883210126681,19.147373139480514,19.203594207763672,60697700,0.0,0.0
2011-06-06,19.187526886914704,19.47666550419819,19.091148369092824,19.283906936645508,54778700,0.0,0.0
2011-06-07,19.348161559720136,19.412414421439763,19.19556043867012,19.324066162109375,41112600,0.0,0.0
2011-06-08,19.19555873438281,19.29193878435963,19.16343307232982,19.227685928344727,42205000,0.0,0.0
2011-06-09,19.283906703045048,19.308002098163094,19.1313055977819,19.24374771118164,42878700,0.0,0.0
2011-06-10,19.291940391476302,19.291940391476302,19.026897146846753,19.042959213256836,49327200,0.0,0.0
2011-06-13,19.107212104446628,19.42847638602836,19.034927449602122,19.308002471923828,47572500,0.0,0.0
2011-06-14,19.516826644209814,19.63730211206418,19.428479908201613,19.452573776245117,42894500,0.0,0.0
2011-06-15,19.27587693246596,19.283908731683574,19.010833685920915,19.067054748535156,49410200,0.0,0.0
2011-06-16,19.075092275937397,19.356199205333116,18.994775791551547,19.275882720947266,57184100,0.0,0.0
2011-06-17,19.452572052178034,19.516824914448048,19.259813465367994,19.484699249267578,83320400,0.0,0.0
2011-06-20,19.41241442564637,19.805963395253002,19.404382626441045,19.653362274169922,54338400,0.0,0.0
2011-06-21,19.693525250353613,19.96660035088827,19.597145172319873,19.88628387451172,49708700,0.0,0.0
2011-06-22,19.757772303392855,19.92643547536813,19.749740504930852,19.797929763793945,44287300,0.0,0.0
2011-06-23,19.629264606641428,19.7979277615592,19.436506058774505,19.781864166259766,59470400,0.0,0.0
2011-06-24,19.685491365363333,19.709586765298056,19.42847989369643,19.516826629638672,101387200,0.0,0.0
2011-06-27,19.46060952370005,20.448498143510637,19.46060952370005,20.23967742919922,92044200,0.0,0.0
2011-06-28,20.319991994411826,20.817952961592276,20.207549837784736,20.721572875976562,81032100,0.0,0.0
2011-06-29,20.64928279472873,20.64928279472873,20.368177476673125,20.57699966430664,66051000,0.0,0.0
2011-06-30,20.673381831399148,20.882204055786133,20.609128957119257,20.882204055786133,52535400,0.0,0.0
2011-07-01,20.825975467606202,21.018734020892463,20.753690818635253,20.89826011657715,52906200,0.0,0.0
2011-07-05,20.962513015016793,21.002670472576323,20.801880120961044,20.906291961669922,37805300,0.0,0.0
2011-07-06,20.85810297096484,21.179368786749244,20.850071172379334,21.147241592407227,48744200,0.0,0.0
2011-07-07,21.275751248107333,21.58898379143565,21.171340910967636,21.50063705444336,51946500,0.0,0.0
2011-07-08,21.315902652251136,21.66929253810324,21.29180726061676,21.621103286743164,58320700,0.0,0.0
2011-07-11,21.380159049159335,21.524726827251452,21.275747199976827,21.3881893157959,43999800,0.0,0.0
2011-07-12,21.323944423688545,21.516704596957183,21.15528118696537,21.315914154052734,47319300,0.0,0.0
2011-07-13,21.364095452068344,21.653232540161515,21.291810797067818,21.3881893157959,40861800,0.0,0.0
2011-07-14,21.380159055316987,21.693391539136858,21.17133688880076,21.25968360900879,46382300,0.0,0.0
2011-07-15,21.259683921918974,21.629139001011325,21.259683921918974,21.508665084838867,49132400,0.0,0.0
2011-07-18,21.388191415549006,21.605045401839895,21.091022499736233,21.35606575012207,44501900,0.0,0.0
2011-07-19,21.532757237651023,22.19938115486277,21.508663375476722,22.11906623840332,86730600,0.0,0.0
2011-07-20,21.910253314658355,21.966474392625493,21.669303868058442,21.733556747436523,49795400,0.0,0.0
2011-07-21,21.717491044613066,21.934343518805473,21.40425696960763,21.76568031311035,81737400,0.0,0.0
2011-07-22,21.57291804279927,22.127098366157128,21.42834872995497,22.11103630065918,76380600,0.0,0.0
2011-07-25,21.894180356724647,22.560804269898156,21.837959302780067,22.416234970092773,108482400,0.0,0.0
2011-07-26,22.343961707908072,22.609005048662404,22.311836031527648,22.552783966064453,74636500,0.0,0.0
2011-07-27,22.39214336100106,22.480491621794986,21.845994793291496,21.95040512084961,71488700,0.0,0.0
2011-07-28,21.918284997426163,22.54475018499404,21.85403058648641,22.263643264770508,83761400,0.0,0.0
2011-07-29,22.10301002044352,22.25560963818206,21.89418779774361,22.006629943847656,104394800,0.0,0.0
2011-08-01,22.094970698611746,22.23953999833951,21.484567839710536,21.902212142944336,61838400,0.0,0.0
2011-08-02,21.669298098107546,22.046785004359965,21.492603109844314,21.524728775024414,63883100,0.0,0.0
2011-08-03,21.548818643748717,21.685356132526156,21.26771186898238,21.621103286743164,64581200,0.0,0.0
2011-08-04,21.30787261442585,21.580947614528466,20.82597546530895,20.834007263183594,92949500,0.0,0.0
2011-08-05,20.85810295129017,20.962514800894297,20.263763643703946,20.625186920166016,112071700,0.0,0.0
2011-08-08,20.095100136485613,20.560933722927878,19.589107557818803,19.661392211914062,134257200,0.0,0.0
2011-08-09,19.846121064925484,20.576999481089608,19.299972500488135,20.544872283935547,126268900,0.0,0.0
2011-08-10,20.038875348040023,20.151317441514177,19.356187926428433,19.436504364013672,127819900,0.0,0.0
2011-08-11,19.677463529246076,20.38424521870534,19.59714704519378,20.231645584106445,90690100,0.0,0.0
2011-08-12,20.183447119967028,20.352111825701794,19.79792998101461,20.159353256225586,64787100,0.0,0.0
2011-08-15,20.271799177153028,20.54487425147811,20.199514508542908,20.4886531829834,56529400,0.0,0.0
2011-08-16,20.38358420252507,20.682630335231558,20.24618487802396,20.48865509033203,54251500,0.16,0.0
2011-08-17,20.407825469970703,20.771529906858703,20.1491918888849,20.407825469970703,50923700,0.0,0.0
2011-08-18,19.858227299188304,20.278507617227064,19.42178353936164,19.939050674438477,105714200,0.0,0.0
2011-08-19,19.728915651644993,19.89864493801544,19.324800211764387,19.437952041625977,77397900,0.0,0.0
2011-08-22,19.736998287781137,19.793574203119974,19.227813508153528,19.381376266479492,54721000,0.0,0.0
2011-08-23,19.42178546992318,20.003711054729102,19.42178546992318,19.979463577270508,59670600,0.0,0.0
2011-08-24,19.92289455900908,20.1491998021254,19.737001792294794,20.12495231628418,45329700,0.0,0.0
2011-08-25,20.270428485500794,20.335086888102953,19.801654681240663,19.858230590820312,48192000,0.0,0.0
2011-08-26,19.809734928315347,20.480566357348305,19.736994040937745,20.407825469970703,71957000,0.0,0.0
2011-08-29,20.634136266217997,20.90085241233836,20.50481944031589,20.884687423706055,38863200,0.0,0.0
2011-08-30,20.795778543078335,21.361540731382267,20.771532605187957,21.199893951416016,57341400,0.0,0.0
2011-08-31,21.248394054026704,21.587849599288734,21.224146568688706,21.498945236206055,59300800,0.0,0.0
2011-09-01,21.385790728976023,21.709084350279937,21.183732986450195,21.183732986450195,60510800,0.0,0.0
2011-09-02,20.836198228742134,21.014008515055117,20.739209818839658,20.85236167907715,43894400,0.0,0.0
2011-09-06,20.367416492725123,20.682626007026414,20.294675598412844,20.61796760559082,54929300,0.0,0.0
2011-09-07,20.763452602087245,21.01400375366211,20.66646421416058,21.01400375366211,41961000,0.0,0.0
2011-09-08,21.014006064379494,21.547438402687476,20.973595130887006,21.191816329956055,65811900,0.0,0.0
2011-09-09,21.014001821243788,21.159483618966416,20.609886401604484,20.803861618041992,64529200,0.0,0.0
2011-09-12,20.561393549096806,20.95742648625968,20.423994240972704,20.92509651184082,55046100,0.0,0.0
2011-09-13,20.9493449269841,21.167567639309937,20.860439034945106,21.04633331298828,48792300,0.0,0.0
2011-09-14,21.151405171572478,21.66059001942411,20.92509993831715,21.418121337890625,66739200,0.0,0.0
2011-09-15,21.604007767382647,21.846477919460227,21.264550787736304,21.81414794921875,67808300,0.0,0.0
2011-09-16,21.862648227063215,22.04046003606198,21.684837959642763,21.919225692749023,89681500,0.0,0.0
2011-09-19,21.660586002795466,22.07278391822914,21.49894075894057,21.991960525512695,52324900,0.0,0.0
2011-09-20,22.07278261416354,22.22634689709437,21.76565558987979,21.806066513061523,49211900,0.0,0.0
2011-09-21,21.86264471229101,21.870727206089594,20.98975542255909,21.00592041015625,72750700,0.0,0.0
2011-09-22,20.448234275260884,20.73111530342471,19.88247376051082,20.25425910949707,96278300,0.0,0.0
2011-09-23,20.124942332321194,20.3269999893557,19.955214640369448,20.25425910949707,64768100,0.0,0.0
2011-09-26,20.35933413194981,20.626050232299466,19.987547165099386,20.561391830444336,51057600,0.0,0.0
2011-09-27,20.739205256065603,20.949345479973214,20.56947750305069,20.74728775024414,55620700,0.0,0.0
2011-09-28,20.95742833017648,21.31305037218283,20.617971276801818,20.67454719543457,60736200,0.0,0.0
2011-09-29,20.997838472931427,21.151402776018752,20.278513463149814,20.569477081298828,63407300,0.0,0.0
2011-09-30,20.36742169117133,20.609890373046444,20.108786477838713,20.11686897277832,54060500,0.0,0.0
2011-10-03,19.979463765444773,20.480567513263935,19.81781853893182,19.82590103149414,64592500,0.0,0.0
2011-10-04,19.640007187390367,20.520978854189163,19.60767875805773,20.480567932128906,83485400,0.0,0.0
2011-10-05,20.545228561887377,21.143319214434044,20.335088352898865,20.92509651184082,94061300,0.0,0.0
2011-10-06,20.93317917956201,21.337294613690922,20.77153393085727,21.288801193237305,55111400,0.0,0.0
2011-10-07,21.288795799421358,21.42619507387627,21.175643999838837,21.216054916381836,52741600,0.0,0.0
2011-10-10,21.482775270726357,21.79798479922848,21.393869386655314,21.773738861083984,41815300,0.0,0.0
2011-10-11,21.709081373081535,21.878809113569098,21.5959280045118,21.822233200073242,38826200,0.0,0.0
2011-10-12,21.96771541978117,22.072784755192004,21.74141021990961,21.78990364074707,52489800,0.0,0.0
2011-10-13,21.628257297827766,21.98387929634736,21.515105474398883,21.967714309692383,43823500,0.0,0.0
2011-10-14,22.07277947543743,22.22634373653158,21.83839337947258,22.040451049804688,50947700,0.0,0.0
2011-10-17,21.911137379858687,22.161688495056847,21.700997187842265,21.806066513061523,39453300,0.0,0.0
2011-10-18,21.77374363099408,22.145529152049935,21.6605902424124,22.07278823852539,52487900,0.0,0.0
2011-10-19,22.1212800839271,22.20210193946856,21.830316470928008,21.927303314208984,42880000,0.0,0.0
2011-10-20,22.032371067225526,22.09702946743251,21.337292108817046,21.85456085205078,76300200,0.0,0.0
2011-10-21,21.943465129979245,21.975795100784932,21.6605840517409,21.951547622680664,76620600,0.0,0.0
2011-10-24,21.870730573912397,22.145529239067503,21.854567125404326,21.975801467895508,56897800,0.0,0.0
2011-10-25,21.886893373891574,22.00812770425147,21.59592974776531,21.668670654296875,53554600,0.0,0.0
2011-10-26,21.846483955727006,21.87072989852953,21.094828897283673,21.490861892700195,63029900,0.0,0.0
2011-10-27,21.92729980813915,22.145522482995716,21.53934941389048,22.024288177490234,74512400,0.0,0.0
2011-10-28,21.93538331713657,21.97579578189621,21.6525037717086,21.806066513061523,57712100,0.0,0.0
2011-10-31,21.628262348240828,21.822237608661755,21.515110498389873,21.523191452026367,46799000,0.0,0.0
2011-11-01,21.167567202971746,21.272636539197173,20.900851073930827,21.00592041015625,61182600,0.0,0.0
2011-11-02,21.094820349863607,21.175643723472422,20.771528397005984,21.022079467773438,53533100,0.0,0.0
2011-11-03,21.207979839398508,21.490860978832124,20.99783960843577,21.442367553710938,65836100,0.0,0.0
2011-11-04,21.321124224340227,21.337289207588487,21.013997250511533,21.216054916381836,36549200,0.0,0.0
2011-11-07,21.183730960704352,21.67675229862604,21.119072550942334,21.660587310791016,42589700,0.0,0.0
2011-11-08,21.83031331531505,21.983877593486355,21.571679715180974,21.951547622680664,47822500,0.0,0.0
2011-11-09,21.490855320916616,21.620172114913238,21.062492477316688,21.17564582824707,62950900,0.0,0.0
2011-11-10,21.393871523778376,21.418119005923014,21.110991939981506,21.24030876159668,32514400,0.0,0.0
2011-11-11,21.482780287046413,21.88689579398226,21.474697791918295,21.749496459960938,37903000,0.0,0.0
2011-11-14,21.725242674371287,21.822231046204237,21.539349965067498,21.62825584411621,34199200,0.0,0.0
2011-11-15,21.628258283470817,21.937699601785972,21.497967692554862,21.77483558654785,43874200,0.2,0.0
2011-11-16,21.554966852773276,21.587540272895637,21.20481190557486,21.22924041748047,53262800,0.0,0.0
2011-11-17,21.1803854454009,21.20481551465069,20.71622500195992,20.797657012939453,70977500,0.0,0.0
2011-11-18,20.74879208854896,20.765078797625478,20.48006760153066,20.602214813232422,47626200,0.0,0.0
2011-11-21,20.553355535663577,20.561498889923094,20.27648770358399,20.357919692993164,61882500,0.0,0.0
2011-11-22,20.268350627461935,20.32535257174895,20.0729147242551,20.186920166015625,49204500,0.0,0.0
2011-11-23,20.040341723804186,20.18691903126652,19.92633628845215,19.92633628845215,49099700,0.0,0.0
2011-11-25,19.853048131066938,20.089200810812837,19.78790283203125,19.78790283203125,26164600,0.0,0.0
2011-11-28,20.309063777961107,20.333492290749998,20.105484554393854,20.25206184387207,46766700,0.0,0.0
2011-11-29,20.211341999707557,20.390492683295648,20.154340074269882,20.227628707885742,40917100,0.0,0.0
2011-11-30,20.659217305937762,20.83836643764449,20.471923266896653,20.830223083496094,81350900,0.0,0.0
2011-12-01,20.813939515768794,20.870941450222467,20.520786488123303,20.5859317779541,48545400,0.0,0.0
2011-12-02,20.838378834764725,20.862808911743794,20.488222163999282,20.537080764770508,52293800,0.0,0.0
2011-12-05,20.993087557545838,21.00937271304253,20.765078295545816,20.927942276000977,56818400,0.0,0.0
2011-12-06,21.017515783146262,21.06637590853365,20.854653358079652,20.895368576049805,46175300,0.0,0.0
2011-12-07,20.90352142253194,20.976810090707268,20.63479682361798,20.846519470214844,62667000,0.0,0.0
2011-12-08,20.748792439985138,20.944228292655396,20.659218644919243,20.68364715576172,60522200,0.0,0.0
2011-12-09,20.781365004228537,21.066376193432056,20.765078295545816,20.927942276000977,53788500,0.0,0.0
2011-12-12,20.691795677738817,20.822086278722743,20.594078503594115,20.77322769165039,38945900,0.0,0.0
2011-12-13,20.968663284035234,21.253674551931255,20.88723127132402,20.976806640625,54581100,0.0,0.0
2011-12-14,20.94423563307241,21.058241085308946,20.82208837649228,20.838375091552734,47926400,0.0,0.0
2011-12-15,20.944232550500594,21.074523145434778,20.797656796089438,20.813941955566406,46213900,0.0,0.0
2011-12-16,20.903516673079977,21.3106751579057,20.87094324876447,21.1722412109375,101408100,0.0,0.0
2011-12-19,21.18852192808225,21.269953912644556,20.732503435807683,20.789506912231445,52258300,0.0,0.0
2011-12-20,21.058236590136623,21.25367246958366,21.017519811177053,21.196670532226562,60767600,0.0,0.0
2011-12-21,21.180385895809806,21.326963208052703,20.716225442498278,20.976806640625,64132500,0.0,0.0
2011-12-22,21.025666168844207,21.058239596662435,20.748798245135358,21.01752281188965,35794100,0.0,0.0
2011-12-23,21.098951815909892,21.204813888018478,20.95237451802804,21.196670532226562,23205800,0.0,0.0
2011-12-27,21.139671864388323,21.286249195709637,21.115243344625878,21.204818725585938,21287200,0.0,0.0
2011-12-28,21.261817965378512,21.294389838638228,20.976806696720324,21.025665283203125,29822500,0.0,0.0
2011-12-29,21.131520414524243,21.212950847479338,21.0582317823159,21.188522338867188,22616900,0.0,0.0
2011-12-30,21.172237114301915,21.269955815154404,21.09894847695906,21.139663696289062,27395700,0.0,0.0
2012-01-03,21.620116078249975,21.953985929392616,21.48982548039853,21.799266815185547,64731500,0.0,0.0
2012-01-04,21.839978826343966,22.369284496268055,21.807406958273944,22.31228256225586,80516100,0.0,0.0
2012-01-05,22.295994843700225,22.58100605406301,22.22270775555919,22.54029083251953,56081400,0.0,0.0
2012-01-06,22.418143896088324,22.955592903776086,22.418143896088324,22.89044761657715,99455500,0.0,0.0
2012-01-09,22.841583409088106,22.882300177060888,22.572858953211277,22.58914566040039,59706800,0.0,0.0
2012-01-10,22.743872373801786,22.92302154138455,22.597295076149386,22.670583724975586,60014400,0.0,0.0
2012-01-11,22.336709657814474,22.784583268225,22.287851085613653,22.572860717773438,65582400,0.0,0.0
2012-01-12,22.69501418947389,22.817161421926357,22.515863465569705,22.800874710083008,49370800,0.0,0.0
2012-01-13,22.743870599845433,23.004451751708984,22.629866734201673,23.004451751708984,60196100,0.0,0.0
2012-01-17,23.126601917882933,23.330181162852302,22.939309385275845,23.012598037719727,72395300,0.0,0.0
2012-01-18,23.05330636379584,23.126594994298753,22.77643854927061,22.988161087036133,64860600,0.0,0.0
2012-01-19,22.931165773763396,23.159175084737374,22.825305250960056,22.89859390258789,74053500,0.0,0.0
2012-01-20,23.468610279746855,24.217781809119128,23.41160835140104,24.19335174560547,165902900,0.0,0.0
2012-01-23,24.063063215818318,24.388791210815224,23.900200771506054,24.209640502929688,76078100,0.0,0.0
2012-01-24,23.99791984577771,24.079351851036368,23.76176873903255,23.892059326171875,51703300,0.0,0.0
2012-01-25,23.672193828991904,24.144497604668064,23.672193828991904,24.071208953857422,59231700,0.0,0.0
2012-01-26,24.111925673866406,24.18521432449471,23.940918304671587,24.022350311279297,49102800,0.0,0.0
2012-01-27,23.98163331695,24.04677860679722,23.75362402589161,23.80248260498047,44187700,0.0,0.0
2012-01-30,23.590763092727823,24.12007038890895,23.476759208965202,24.111927032470703,51114800,0.0,0.0
2012-01-31,24.15264206638629,24.185215491876175,23.802485508302098,24.046781539916992,50572400,0.0,0.0
2012-02-01,24.258506744010315,24.47022781962321,24.23407667227656,24.339937210083008,67409900,0.0,0.0
2012-02-02,24.348075260615243,24.567941198739078,24.193354613062965,24.388792037963867,52223300,0.0,0.0
2012-02-03,24.543516482325362,24.75523911113077,24.502801249287877,24.624948501586914,41838500,0.0,0.0
2012-02-06,24.462080407269326,24.608656144507453,24.405076919626126,24.592370986938477,28039700,0.0,0.0
2012-02-07,24.551655491055293,24.828523375594624,24.47022348621673,24.714519500732422,39242400,0.0,0.0
2012-02-08,24.641230629060182,24.975100448014068,24.60865720614454,24.966957092285156,49659100,0.0,0.0
2012-02-09,24.983239455811468,25.080956601179714,24.820375475949696,25.056528091430664,50481600,0.0,0.0
2012-02-10,24.950671895278322,25.080962488476665,24.722664133774416,24.836668014526367,44605300,0.0,0.0
2012-02-13,24.942526824862853,25.05653225096609,24.77966437115095,24.901811599731445,33319800,0.0,0.0
2012-02-14,24.86083174071444,24.967389184512072,24.467386706584048,24.795257568359375,59644000,0.2,0.0
2012-02-15,24.86082555920527,24.910005785390275,24.614922864869044,24.631315231323242,43311300,0.0,0.0
2012-02-16,24.844433018760338,25.860833276089263,24.836236053369223,25.64771842956543,94705100,0.0,0.0
2012-02-17,25.57395355505217,25.67231403696351,25.369034060423264,25.61493682861328,70036500,0.0,0.0
2012-02-21,25.557549742778303,25.910011387466472,25.532958850098524,25.770666122436523,50829900,0.0,0.0
2012-02-22,25.778872774817838,25.967398332647505,25.55755934775954,25.631330490112305,49253200,0.0,0.0
2012-02-23,25.573943994075222,25.89361778589256,25.410007834295975,25.713289260864258,35034700,0.0,0.0
2012-02-24,25.803457260131836,25.81985119166273,25.606734771995196,25.803457260131836,35575400,0.0,0.0
2012-02-27,25.606734355520416,25.819850771721764,25.49197996349328,25.6968994140625,34568400,0.0,0.0
2012-02-28,25.74607633740175,26.17230911505553,25.721485443664022,26.12312889099121,45230600,0.0,0.0
2012-02-29,26.139528141216356,26.22969321192404,25.91001932619541,26.016576766967773,59323600,0.0,0.0
2012-03-01,26.172311286777056,26.549362308242262,26.106737128113053,26.467395782470703,77344100,0.0,0.0
2012-03-02,26.483790715623787,26.59034657779634,26.229689473196046,26.295265197753906,47314200,0.0,0.0
2012-03-05,26.23788360783389,26.270671468528878,25.91821134652524,26.065752029418945,45240000,0.0,0.0
2012-03-06,25.852637631562146,26.213294724919816,25.811652804991088,25.869029998779297,51932900,0.0,0.0
2012-03-07,25.95920166281634,26.164121157608573,25.844447246024426,26.098546981811523,34340400,0.0,0.0
2012-03-08,26.26248079954595,26.40182454237714,26.14772482984449,26.23788833618164,36747400,0.0,0.0
2012-03-09,26.311658176578526,26.360839974061516,26.164117474363916,26.221494674682617,34628400,0.0,0.0
2012-03-12,26.205102920952342,26.39363003348889,26.08215154384526,26.262481689453125,34073600,0.0,0.0
2012-03-13,26.42641673248744,26.795269284084487,26.352645596803423,26.77887535095215,48951700,0.0,0.0
2012-03-14,26.664123384388287,26.95101255020684,26.63133864194834,26.86084747314453,41986900,0.0,0.0
2012-03-15,26.877235822893464,27.0001856168477,26.70510423526394,26.926414489746094,49068300,0.0,0.0
2012-03-16,26.97559398948083,27.008381849142822,26.639526245001402,26.721492767333984,65626400,0.0,0.0
2012-03-19,26.6723139034303,26.7296910939947,26.35264009119369,26.39362335205078,44789200,0.0,0.0
2012-03-20,26.311658176578526,26.352644571225802,26.016575208737855,26.221494674682617,41566800,0.0,0.0
2012-03-21,26.19689756474801,26.3526383231071,26.08214319131847,26.155914306640625,37928600,0.0,0.0
2012-03-22,26.073955118399,26.303465506933662,26.057562747612792,26.229694366455078,31749500,0.0,0.0
2012-03-23,26.31165947262846,26.319858002690918,26.000182556950843,26.23788833618164,35912200,0.0,0.0
2012-03-26,26.38543020493563,26.729696545355438,26.352645465657133,26.713302612304688,36758300,0.0,0.0
2012-03-27,26.762475178645776,26.8034584337223,26.557555776441202,26.655916213989258,36274900,0.0,0.0
2012-03-28,26.655922652091807,26.803464907460167,26.26247768005041,26.385427474975586,41344800,0.0,0.0
2012-03-29,26.27887384932289,26.385429721967835,26.073952816762418,26.328052520751953,37038500,0.0,0.0
2012-03-30,26.55756568582942,26.565761089173893,26.262481136258835,26.442808151245117,31749400,0.0,0.0
2012-04-02,26.41001858906611,26.606739501646857,26.188705217295873,26.467395782470703,35853600,0.0,0.0
2012-04-03,26.36083812179306,26.38542745539531,25.950999218701238,26.180509567260742,42752100,0.0,0.0
2012-04-04,25.95099748979398,25.97558838516928,25.45099356104159,25.582141876220703,49455900,0.0,0.0
2012-04-05,25.532963109793393,25.926408077842357,25.450995017263693,25.836244583129883,50368600,0.0,0.0
2012-04-09,25.590341973063616,25.737884236548986,25.385422510092027,25.491981506347656,31056400,0.0,0.0
2012-04-10,25.459194096473315,25.565753094631823,24.83623873030587,24.975584030151367,54131300,0.0,0.0
2012-04-11,24.942798136363663,25.02476623703879,24.778861935013413,24.87722396850586,43014000,0.0,0.0
2012-04-12,24.98378248698877,25.442803245284072,24.9346022498184,25.39362144470215,38304000,0.0,0.0
2012-04-13,25.319848534392428,25.541161931280474,25.180503235990116,25.254274368286133,39749200,0.0,0.0
2012-04-16,25.401814810496486,25.56575099570681,25.221486257494192,25.4755859375,38124800,0.0,0.0
2012-04-17,25.631320857406575,25.910011387466472,25.57394367123149,25.770666122436523,34361500,0.0,0.0
2012-04-18,25.639520964476237,25.66411029675906,25.44279848915734,25.524765014648438,40552900,0.0,0.0
2012-04-19,25.516571452347694,25.967395219727592,25.360833782416183,25.418210983276367,54781200,0.0,0.0
2012-04-20,26.35265093289292,26.95921094749534,26.270681250633363,26.57396125793457,106045000,0.0,0.0
2012-04-23,26.48379331847188,26.63953098936885,26.2542813867854,26.328052520751953,61398200,0.0,0.0
2012-04-24,26.40181973435541,26.655920964025345,26.090342875400683,26.164113998413086,40871100,0.0,0.0
2012-04-25,26.164113026382,26.491983803472266,26.123129765524915,26.39362335205078,62495500,0.0,0.0
2012-04-26,26.328050138550452,26.41821519710941,26.164115516111195,26.319854736328125,40308100,0.0,0.0
2012-04-27,26.328047455917517,26.410017103902046,26.13132499098817,26.213293075561523,41419100,0.0,0.0
2012-04-30,26.21329444500148,26.31985342953707,26.164114217052653,26.246082305908203,35697200,0.0,0.0
2012-05-01,26.27067620278535,26.508383545427673,26.18870966309913,26.23788833618164,43832300,0.0,0.0
2012-05-02,26.10673685528768,26.17231101326641,25.934603713461488,26.065752029418945,37385300,0.0,0.0
2012-05-03,26.131327072363085,26.147721003265776,25.910015258821943,26.03296661376953,31501300,0.0,0.0
2012-05-04,25.778871065536116,25.87723153987686,25.344441207531776,25.39362144470215,57927200,0.0,0.0
2012-05-07,25.164102263835975,25.295250551211165,25.05754330321182,25.123117446899414,48641400,0.0,0.0
2012-05-08,24.983783449264116,25.229687771410326,24.72968372345015,25.00017738342285,46328300,0.0,0.0
2012-05-09,24.746073166024527,25.27066645659386,24.6723020391118,25.213289260864258,50309300,0.0,0.0
2012-05-10,25.295265283283094,25.426413647039656,24.959197405730425,25.196903228759766,43839200,0.0,0.0
2012-05-11,25.15591069479792,25.852637098014103,25.15591069479792,25.54115867614746,43459300,0.0,0.0
2012-05-14,25.262469004115697,25.44279911683188,25.11492675313384,25.147714614868164,40528900,0.0,0.0
2012-05-15,25.279724100781763,25.411732980655035,24.875446709461112,24.924949645996094,61822800,0.2,0.0
2012-05-16,25.0074528304467,25.01570358123728,24.53717105107213,24.669179916381836,60083700,0.0,0.0
2012-05-17,24.743435490991764,24.924947290244653,24.512419186212774,24.52066993713379,48484000,0.0,0.0
2012-05-18,24.578428466719238,24.594928397088758,24.06689285718318,24.149398803710938,56205300,0.0,0.0
2012-05-21,24.00913725839084,24.578426513146365,23.97613425293491,24.54542350769043,38787900,0.0,0.0
2012-05-22,24.49591910810356,24.652678653633888,24.339157988903413,24.553672790527344,39504900,0.0,0.0
2012-05-23,24.215404542901926,24.256656731539785,23.62961370748957,24.017391204833984,65171000,0.0,0.0
2012-05-24,24.05863589739406,24.174143248526917,23.72861377010758,23.9843807220459,52575000,0.0,0.0
2012-05-25,24.091644204154445,24.22365308414954,23.934883069034026,23.97613525390625,29507200,0.0,0.0
2012-05-29,24.240150065559586,24.520669294847018,24.10814120162077,24.388660430908203,37758800,0.0,0.0
2012-05-30,24.215402164615128,24.322658788741553,24.025639597646084,24.207151412963867,41585500,0.0,0.0
2012-05-31,24.17414821703698,24.27315566240673,23.877129028267642,24.083393096923828,39134000,0.0,0.0
2012-06-01,23.728625507407887,23.893635865838235,23.464607674982997,23.472858428955078,56634300,0.0,0.0
2012-06-04,23.613117978926542,23.745126894466935,23.3656000820355,23.555362701416016,47926300,0.0,0.0
2012-06-05,23.522356033325195,23.7203693626425,23.423348581831515,23.522356033325195,45715400,0.0,0.0
2012-06-06,23.827623260062573,24.23190219810238,23.769869575676854,24.21540069580078,46860500,0.0,0.0
2012-06-07,24.45466698284547,24.5041714913664,24.066891108117748,24.11639404296875,37792800,0.0,0.0
2012-06-08,24.099888381686487,24.48766576317305,23.967879529082023,24.462913513183594,42551100,0.0,0.0
2012-06-11,24.528920422669138,24.594924855653325,23.778119407347845,23.84412384033203,46361900,0.0,0.0
2012-06-12,24.009136247409838,24.174146546731475,23.79462144198885,24.165897369384766,35337900,0.0,0.0
2012-06-13,24.108143051531375,24.28965643362781,23.967883426125,24.03388786315918,32984600,0.0,0.0
2012-06-14,24.19890066131261,24.306157285439035,23.827624705355813,24.207151412963867,39458900,0.0,0.0
2012-06-15,24.413415924839487,24.817693321044153,24.330909980504455,24.768190383911133,62314400,0.0,0.0
2012-06-18,24.7434404533071,24.77644346360995,24.51242410219761,24.61968231201172,58679900,0.0,0.0
2012-06-19,24.90844482078954,25.667496517712777,24.792935893349924,25.3292236328125,75725800,0.0,0.0
2012-06-20,25.51898956298828,25.617995429788245,25.27972249982692,25.51898956298828,36257100,0.0,0.0
2012-06-21,25.543744928107035,25.692255329216756,24.801194496228607,24.867198944091797,48456600,0.0,0.0
2012-06-22,24.999199924321786,25.353974309380533,24.776435966861122,25.3292236328125,45098100,0.0,0.0
2012-06-25,24.99920495058979,25.015706454066002,24.438167995428376,24.644432067871094,42217200,0.0,0.0
2012-06-26,24.751688880310127,24.974454457913716,24.702185943177103,24.768190383911133,38421300,0.0,0.0
2012-06-27,24.908452112288792,25.16421914493757,24.776443219717155,24.891950607299805,33781700,0.0,0.0
2012-06-28,24.73518861308496,24.792942304905274,24.27315750485238,24.67743492126465,45328400,0.0,0.0
2012-06-29,25.122962709456875,25.320976014843005,24.867194146371993,25.23847007751465,55227200,0.0,0.0
2012-07-02,25.263222922064152,25.263222922064152,24.92494841373408,25.21371841430664,30589100,0.0,0.0
2012-07-03,24.941448514646375,25.37872886657715,24.891945583340757,25.37872886657715,20938100,0.0,0.0
2012-07-05,25.238466955610587,25.39522805977671,25.065204351285992,25.3292236328125,28801900,0.0,0.0
2012-07-06,25.254969000733343,25.329224179379104,24.710432073110912,24.908445358276367,38294800,0.0,0.0
2012-07-09,24.850693532990896,24.94144864524812,24.57017429800714,24.751686096191406,30680800,0.0,0.0
2012-07-10,24.817687705875375,24.933195057608106,24.347405975341086,24.537168502807617,37534100,0.0,0.0
2012-07-11,24.512423445104474,24.537175702168085,24.017390893193042,24.174150466918945,39184900,0.0,0.0
2012-07-12,24.050390425264663,24.075142680369044,23.547107160835406,23.621360778808594,63523600,0.0,0.0
2012-07-13,23.728620652024365,24.322660653427068,23.695617642889168,24.24840545654297,39085000,0.0,0.0
2012-07-16,24.32266284591061,24.363916611048285,23.95963915472047,24.289661407470703,27900600,0.0,0.0
2012-07-17,24.4546651091418,24.636178479137893,24.091641516489215,24.471166610717773,33771300,0.0,0.0
2012-07-18,24.421661129901516,25.12295913696289,24.306152204599286,25.12295913696289,41090400,0.0,0.0
2012-07-19,25.172470702207004,25.41173623751622,25.065212490019626,25.304479598999023,46663200,0.0,0.0
2012-07-20,25.57674541867473,25.617997604398134,24.792941300569918,24.850696563720703,64021700,0.0,0.0
2012-07-23,24.39691165965036,24.405162410516926,23.93488062681139,24.15764617919922,55151900,0.0,0.0
2012-07-24,24.124649261087416,24.223656722790665,23.844129955543476,24.05039405822754,47723300,0.0,0.0
2012-07-25,24.124646096563392,24.19890128968293,23.74512095277022,23.786373138427734,45579500,0.0,0.0
2012-07-26,24.116393210645107,24.339158770291252,24.000885842089268,24.058639526367188,45301400,0.0,0.0
2012-07-27,24.32265648716238,24.627927974692163,24.075140255726208,24.553672790527344,44242600,0.0,0.0
2012-07-30,24.545420912083323,24.603174591854007,24.306153868839353,24.45466423034668,28905000,0.0,0.0
2012-07-31,24.32266000804632,24.512422584528235,24.19890187441333,24.314409255981445,37620900,0.0,0.0
2012-08-01,24.413416317020186,24.462919254948428,24.09989403824459,24.26490592956543,31721800,0.0,0.0
2012-08-02,24.099893026427157,24.363912356189836,23.901879709357612,24.083393096923828,39520500,0.0,0.0
2012-08-03,24.363911698692544,24.70218463626628,24.322657941872627,24.54542350769043,35859400,0.0,0.0
2012-08-06,24.751686140727557,24.8424428268179,24.59492502120873,24.710433959960938,27471800,0.0,0.0
2012-08-07,24.809440657436955,25.040456969039013,24.644430355152522,24.966201782226562,28002900,0.0,0.0
2012-08-08,24.924954554635868,25.1394694200933,24.84245016871941,25.023962020874023,26257600,0.0,0.0
2012-08-09,25.073462199692646,25.28797704147315,24.999207001627465,25.16421890258789,24920800,0.0,0.0
2012-08-10,25.164213813405,25.263221248692123,24.95794976575414,25.098209381103516,27810300,0.0,0.0
2012-08-13,25.04045628780439,25.131211400807345,24.883695167279523,25.073457717895508,23049100,0.0,0.0
2012-08-14,25.164818962385095,25.239566078011787,24.92396837743978,25.023630142211914,34551400,0.2,0.0
2012-08-15,25.00701901854948,25.14820782807664,24.93227190855892,25.08176612854004,24351000,0.0,0.0
2012-08-16,25.214651494651193,25.696354249893762,25.131598967727605,25.5634708404541,35787200,0.0,0.0
2012-08-17,25.67973871832745,25.67973871832745,25.405666538607868,25.663127899169922,32589900,0.0,0.0
2012-08-20,25.59669034524563,25.62160657801051,25.397365235412057,25.530248641967773,23737700,0.0,0.0
2012-08-21,25.546854257481478,25.712957689777436,25.4222762872358,25.580074310302734,28822700,0.0,0.0
2012-08-22,25.405668839141157,25.546857646575255,25.30600549926619,25.36414337158203,33437400,0.0,0.0
2012-08-23,25.23956660437349,25.247872015626903,24.982105191898498,25.13159942626953,28355600,0.0,0.0
2012-08-24,25.123294956055148,25.438892675030115,25.06515865919886,25.380756378173828,22943300,0.0,0.0
2012-08-27,25.688050791543215,25.712965442647615,25.405673128994383,25.488725662231445,34691100,0.0,0.0
2012-08-28,25.49702833303617,25.58007927324995,25.347534106099133,25.43889045715332,23947900,0.0,0.0
2012-08-29,25.45549583435059,25.53854834089604,25.281086996290462,25.455495834350586,23346800,0.0,0.0
2012-08-30,25.3558393677337,25.422281069970836,25.098376385481554,25.181428909301758,23982100,0.0,0.0
2012-08-31,25.413976837988383,25.71296371987622,25.231260960289763,25.596691131591797,36590100,0.0,0.0
2012-09-04,25.289397359776668,25.463806232005073,25.040239791328087,25.239564895629883,48556700,0.0,0.0
2012-09-05,25.09837608207089,25.355839061210602,25.090070671379756,25.239564895629883,33650000,0.0,0.0
2012-09-06,25.330921211657348,26.045170644535798,25.297699571014157,26.036865234375,48371700,0.0,0.0
2012-09-07,25.779403707875495,25.80431835411994,25.521940746652863,25.70465660095215,42649100,0.0,0.0
2012-09-10,25.604995477774047,25.663131769498186,25.3392286675522,25.51363754272461,40524000,0.0,0.0
2012-09-11,25.488722912125258,25.671437198256587,25.422281209523398,25.571775436401367,25191800,0.0,0.0
2012-09-12,25.696354249893762,25.895679364053255,25.52194378494471,25.5634708404541,32775800,0.0,0.0
2012-09-13,25.65482114459093,25.895673257463255,25.24786560113632,25.696348190307617,45047300,0.0,0.0
2012-09-14,25.75448600653074,25.95381108557658,25.588380981945086,25.920589447021484,51422800,0.0,0.0
2012-09-17,25.90398021183885,25.962116495215355,25.779402235447066,25.920589447021484,36488500,0.0,0.0
2012-09-18,25.82923586642048,25.920592214009332,25.771099576838004,25.89567756652832,34542700,0.0,0.0
2012-09-19,25.820933743499317,25.903986275232405,25.77940826968042,25.78771209716797,48871900,0.0,0.0
2012-09-20,25.704657802739735,26.144833470651484,25.6714361607339,26.119918823242188,45543000,0.0,0.0
2012-09-21,26.10331110058159,26.25280533916196,25.820933446395394,25.90398597717285,102348900,0.0,0.0
2012-09-24,25.746185132409835,25.804321426027787,25.447196669123002,25.5634708404541,46825900,0.0,0.0
2012-09-25,25.704658389762525,25.746183859123065,25.214650247651605,25.239564895629883,54266400,0.0,0.0
2012-09-26,25.148212194808732,25.41397903910285,24.94888706158814,25.056854248046875,54672000,0.0,0.0
2012-09-27,25.05684743234204,25.247867101707318,24.824300714791967,25.048542022705078,47129900,0.0,0.0
2012-09-28,25.065156539716718,25.131598242519278,24.699726382255065,24.716337203979492,54229300,0.0,0.0
2012-10-01,24.75786661548143,24.899055454425078,24.433963460767636,24.49209976196289,54042700,0.0,0.0
2012-10-02,24.64989443611902,24.824303304404303,24.50040021524873,24.633283615112305,43338900,0.0,0.0
2012-10-03,24.708036654180965,24.907361801803912,24.64159493830665,24.799394607543945,46655900,0.0,0.0
2012-10-04,24.890747899226135,24.940580368041992,24.558539360930066,24.940580368041992,43634900,0.0,0.0
2012-10-05,25.10667811822205,25.123288937371683,24.699722553625435,24.791080474853516,41133900,0.0,0.0
2012-10-08,24.61667033717848,24.849217055777377,24.54192323420365,24.73294448852539,29752000,0.0,0.0
2012-10-09,24.649894582565217,24.699725461786333,24.234633559500693,24.317686080932617,45121100,0.0,0.0
2012-10-10,24.20971794382642,24.342601347860498,24.043614480831383,24.06852912902832,47227100,0.0,0.0
2012-10-11,24.267855103458572,24.292771336642215,23.977173636791992,24.043615341186523,41488500,0.0,0.0
2012-10-12,24.06022043067885,24.350903431320187,23.919031635172768,24.25124168395996,46464700,0.0,0.0
2012-10-15,24.39243635921159,24.683117845826175,24.29277300373281,24.508708953857422,42440200,0.0,0.0
2012-10-16,24.458879697320775,24.699730314286175,24.350910923019242,24.49209976196289,47739400,0.0,0.0
2012-10-17,24.334291696190654,24.616669276574957,24.15988285282704,24.575143814086914,44206100,0.0,0.0
2012-10-18,24.624976617193727,24.69141831284244,24.30107354891812,24.500398635864258,59238500,0.0,0.0
2012-10-19,24.12666194306223,24.15157817176328,23.669875505540634,23.786148071289062,90470800,0.0,0.0
2012-10-22,23.86089841494504,23.943950937803493,23.113428877409206,23.25461769104004,83374000,0.0,0.0
2012-10-23,23.063597420848037,23.420722151346318,23.05529201036028,23.296142578125,64414800,0.0,0.0
2012-10-24,23.387500018032636,23.420721659285704,23.146649455328095,23.17156410217285,53320400,0.0,0.0
2012-10-25,23.41242175292791,23.420727165193668,23.138349484539482,23.154958724975586,54084300,0.0,0.0
2012-10-26,23.138344207494132,23.536994400759998,23.121733386750957,23.429025650024414,57790000,0.0,0.0
2012-10-31,23.71140212299529,23.98547431566263,23.669876657234624,23.70309829711914,69464100,0.0,0.0
2012-11-01,23.952254523611956,24.550229791262748,23.935643703486793,24.517009735107422,72047900,0.0,0.0
2012-11-02,24.575145741480934,24.724639952714288,24.359209834598868,24.500398635864258,57131600,0.0,0.0
2012-11-05,24.600058373217564,24.699720110065964,24.359206271660238,24.608362197875977,38070800,0.0,0.0
2012-11-06,24.76617295755906,25.08177229603365,24.59176404742478,24.799394607543945,43401500,0.0,0.0
2012-11-07,24.52532023515027,24.77447625235748,24.12666838988529,24.15158462524414,57871800,0.0,0.0
2012-11-08,24.184810238538596,24.392440814959755,23.919041770079225,23.92734718322754,49841800,0.0,0.0
2012-11-09,23.98547803262055,24.24294102933888,23.927341737908417,23.943952560424805,43291200,0.0,0.0
2012-11-12,24.035307099186422,24.093443385672302,23.429024835888697,23.43733024597168,61112300,0.0,0.0
2012-11-13,22.62510943309527,22.85956549954232,22.39902542863946,22.68372344970703,131689200,0.23,0.0
2012-11-14,22.80932845716341,22.85119675876568,22.440895388625407,22.474390029907227,76086100,0.0,0.0
2012-11-15,22.507877494243886,22.58323882133307,22.298540829465487,22.32366180419922,50955600,0.0,0.0
2012-11-16,22.332035931963276,22.35715690722516,22.0557115925307,22.20643424987793,64083300,0.0,0.0
2012-11-19,22.440884810489724,22.440884810489724,22.164560538617458,22.38227081298828,57179300,0.0,0.0
2012-11-20,22.407392575340836,22.440885604908054,22.156187666584046,22.365524291992188,47070400,0.0,0.0
2012-11-21,22.36552748613749,22.750707762396292,22.332034451786946,22.566492080688477,66360300,0.0,0.0
2012-11-23,22.800946070601647,23.253113972180806,22.77582669636622,23.194499969482422,57845700,0.0,0.0
2012-11-26,23.06053219476195,23.094025237071314,22.75071316856068,22.93492889404297,85198700,0.0,0.0
2012-11-27,22.90980978395985,22.926555506757463,22.64185905385006,22.675352096557617,45018600,0.0,0.0
2012-11-28,22.61673552821404,22.934926585125307,22.41577250325237,22.909807205200195,53018400,0.0,0.0
2012-11-29,22.700467412314513,22.909804067619184,22.49113075700984,22.566492080688477,69551400,0.0,0.0
2012-11-30,22.650228422111265,22.717216096669535,22.181314700203387,22.290170669555664,83690200,0.0,0.0
2012-12-03,22.424136924911195,22.457629950051682,22.10594440196336,22.131065368652344,53173800,0.0,0.0
2012-12-04,22.18968205432363,22.298536395634567,22.05570674327401,22.080827713012695,49777500,0.0,0.0
2012-12-05,22.089203771265527,22.54974538384269,21.98872306834424,22.332035064697266,68283800,0.0,0.0
2012-12-06,22.44925846686302,22.591607430985803,22.28179013073199,22.38227081298828,39182300,0.0,0.0
2012-12-07,22.457636167469644,22.457636167469644,22.080831145485,22.156190872192383,46162100,0.0,0.0
2012-12-10,22.239926204139596,22.58323819711784,22.206433169199062,22.55811882019043,47031100,0.0,0.0
2012-12-11,22.65022447995962,23.018657424462358,22.65022447995962,22.87630844116211,52282800,0.0,0.0
2012-12-12,23.05215172253786,23.127513041853557,22.675345125959385,22.8093204498291,43966300,0.0,0.0
2012-12-13,22.876312014363076,23.04378199632579,22.5664946239778,22.700469970703125,45080100,0.0,0.0
2012-12-14,22.700469494036433,22.717215214191384,22.357157475622667,22.449264526367188,42077500,0.0,0.0
2012-12-17,22.43251967100745,22.79257742345674,22.340411019599976,22.692096710205078,42046100,0.0,0.0
2012-12-18,22.817699181770948,23.13589024744793,22.725590527208997,23.0772762298584,50486900,0.0,0.0
2012-12-19,23.186123915017927,23.219616942906054,22.817691025578796,22.867931365966797,53519900,0.0,0.0
2012-12-20,22.909806570656265,23.177757263183597,22.733962930490137,23.177757263183594,52607300,0.0,0.0
2012-12-21,22.98516845703125,23.018661495849052,22.60836178838006,22.98516845703125,98776500,0.0,0.0
2012-12-24,22.775827553085172,22.8176942431269,22.608357598694546,22.658597946166992,20842400,0.0,0.0
2012-12-26,22.633475979962878,22.7758249457656,22.357151704829555,22.491127014160156,31631100,0.0,0.0
2012-12-27,22.516247525331394,22.68371746902107,22.24829689311731,22.574861526489258,39394000,0.0,0.0
2012-12-28,22.36552745546574,22.52462376047045,22.231552124023438,22.231552124023438,28239900,0.0,0.0
2012-12-31,22.265043606178832,22.41576623201057,22.08082795077988,22.365524291992188,42749500,0.0,0.0
2013-01-02,22.817694939552865,23.219620925823452,22.73395995980185,23.127513885498047,52899300,0.0,0.0
2013-01-03,23.135878897865876,23.152626208136493,22.742326689174895,22.81768798828125,48294400,0.0,0.0
2013-01-04,22.83444021590809,22.893054217366252,22.3822723238964,22.39064598083496,52521100,0.0,0.0
2013-01-07,22.41576925096138,22.50787629250996,22.306913296705897,22.34878158569336,37110400,0.0,0.0
2013-01-08,22.399022086882283,22.432516718298825,22.156190800448147,22.231552124023438,44703100,0.0,0.0
2013-01-09,22.37390056437689,22.399021537322955,22.239925236221666,22.357154846191406,49047900,0.0,0.0
2013-01-10,22.315287177712264,22.591611499345774,22.013843479546935,22.156190872192383,71431300,0.0,0.0
2013-01-11,22.18131681871865,22.54974986253386,22.00547475512575,22.466014862060547,55512100,0.0,0.0
2013-01-14,22.524624268394522,22.67534691894385,22.407396250017026,22.516250610351562,48324400,0.0,0.0
2013-01-15,22.466007776082733,22.85118801792581,22.466007776082733,22.784198760986328,48244500,0.0,0.0
2013-01-16,22.733964204740648,22.800951881627174,22.616736169467273,22.641857147216797,41077400,0.0,0.0
2013-01-17,22.767447654580817,23.00190360992378,22.658591734933232,22.81768798828125,51685900,0.0,0.0
2013-01-18,22.692086355474462,22.85118260882248,22.64184602177403,22.81768798828125,52167700,0.0,0.0
2013-01-22,22.859558946973326,22.985162200408947,22.608355634325505,22.733957290649414,58650600,0.0,0.0
2013-01-23,22.775830518548535,23.144261910799532,22.775830518548535,23.119142532348633,50387700,0.0,0.0
2013-01-24,23.194502752840183,23.504320117741887,23.00191181029071,23.135887145996094,101739300,0.0,0.0
2013-01-25,23.09402101915983,23.63829603345674,22.93492470518897,23.345224380493164,81847700,0.0,0.0
2013-01-28,23.454077229676972,23.63829289707178,23.244740590637132,23.370342254638672,56056500,0.0,0.0
2013-01-29,23.294984266065878,23.554561288381954,23.110768572343506,23.45408058166504,49242600,0.0,0.0
2013-01-30,23.454076099059957,23.60479872744086,23.24473947011131,23.320100784301758,43580500,0.0,0.0
2013-01-31,23.269866473987232,23.42058754433556,22.943300162118817,22.98516845703125,50530000,0.0,0.0
2013-02-01,23.169386045138523,23.487577126755944,23.068903726299602,23.387096405029297,55565900,0.0,0.0
2013-02-04,23.336844867274586,23.46244650783369,22.960038348485757,22.97678565979004,50540000,0.0,0.0
2013-02-05,23.127515152802516,23.16100818827108,22.909804832364898,23.02703285217285,35410400,0.0,0.0
2013-02-06,22.926549904029457,23.060526833455768,22.817695545441012,22.893056869506836,41889600,0.0,0.0
2013-02-07,22.901427492301753,22.93492052238556,22.69209086366483,22.84281349182129,38028300,0.0,0.0
2013-02-08,22.90143267943791,23.202876406915603,22.867938044655894,23.06890106201172,33318500,0.0,0.0
2013-02-11,23.152632341943704,23.378716299159002,23.027030675861372,23.328475952148438,32247700,0.0,0.0
2013-02-12,23.345224380493164,23.445706683293714,23.236370016478592,23.345224380493164,35990900,0.0,0.0
2013-02-13,23.38709021795095,23.537812857779368,23.345221930714246,23.4708251953125,41715600,0.0,0.0
2013-02-14,23.378719963624885,23.49594799072823,23.33685326740571,23.479202270507812,32663200,0.0,0.0
2013-02-15,23.479201556900286,23.5796822636172,23.345224619424336,23.45408058166504,49650900,0.0,0.0
2013-02-19,23.538507890297222,23.715807393588157,23.47096560578998,23.682035446166992,38781400,0.23,0.0
2013-02-20,23.7495728939948,23.80867378994574,23.496289781258362,23.530061721801758,44110200,0.0,0.0
2013-02-21,23.42031172938178,23.42031172938178,22.9897290170162,23.20924186706543,49078500,0.0,0.0
2013-02-22,23.369646835436573,23.437189102172848,23.200790363428556,23.43718910217285,31425900,0.0,0.0
2013-02-25,23.61448976343007,23.682032038217677,23.10792350769043,23.10792350769043,48011800,0.0,0.0
2013-02-26,23.116364882995885,23.30210734641295,23.082594550769507,23.10792350769043,49923300,0.0,0.0
2013-02-27,23.150132310683713,23.639814109976996,23.07414706507488,23.479400634765625,36394700,0.0,0.0
2013-02-28,23.538504800054046,23.614490061440883,23.420306220267797,23.470962524414062,35840200,0.0,0.0
2013-03-01,23.403417416232795,23.62293018807858,23.23456255273697,23.59760284423828,34849700,0.0,0.0
2013-03-04,23.513181063442268,23.766464233398438,23.386539478464183,23.766464233398438,38157500,0.0,0.0
2013-03-05,23.884661687081977,24.095731507814754,23.774904478513367,23.935317993164062,41432200,0.0,0.0
2013-03-06,23.81711958080515,23.834005554207767,23.454080814659253,23.71580696105957,51448500,0.0,0.0
2013-03-07,23.732689240477036,23.876216771389146,23.648260996940245,23.75801658630371,29196700,0.0,0.0
2013-03-08,23.850893769945415,23.91843605957079,23.606051963593927,23.63982391357422,37667800,0.0,0.0
2013-03-11,23.589161007417943,23.61448835249073,23.361205239754295,23.530061721801758,36627500,0.0,0.0
2013-03-12,23.504737753236718,23.597608999100167,23.3358812353641,23.5638370513916,39255200,0.0,0.0
2013-03-13,23.530065654041444,23.656707231573435,23.42875142581483,23.57227897644043,29093400,0.0,0.0
2013-03-14,23.639818011553086,23.774902557078033,23.58071872417777,23.75801658630371,55914800,0.0,0.0
2013-03-15,23.66515625446368,23.774911886897772,23.62294131096177,23.673599243164062,92710300,0.0,0.0
2013-03-18,23.538504515246085,23.87621749969465,23.479405226068042,23.724246978759766,44809400,0.0,0.0
2013-03-19,23.741133703404152,23.825560341860466,23.66514844052554,23.791790008544922,51901600,0.0,0.0
2013-03-20,23.926874375013238,24.053515942040402,23.791789822139613,23.909988403320312,35447800,0.0,0.0
2013-03-21,23.73269271850586,23.943762553112748,23.682034798758973,23.73269271850586,34233200,0.0,0.0
2013-03-22,23.80023290099078,23.92687446851282,23.724247638410574,23.850889205932617,28720900,0.0,0.0
2013-03-25,23.89310091744005,23.935315843997063,23.606045858191532,23.77490234375,44154000,0.0,0.0
2013-03-26,23.842444615906427,23.926872858685662,23.732689027527776,23.77490234375,27824300,0.0,0.0
2013-03-27,23.75802207719293,24.01974985368028,23.707365763497226,23.952207565307617,36047400,0.0,0.0
2013-03-28,23.909987278246717,24.19704234217965,23.85933097588644,24.154829025268555,55453800,0.0,0.0
2013-04-01,24.180156371281285,24.19704234217965,23.943759220043447,24.154829025268555,29201100,0.0,0.0
2013-04-02,24.137941103537585,24.357453876470814,24.07884182050454,24.31523895263672,28456500,0.0,0.0
2013-04-03,24.273025258011316,24.441881730026996,24.095727411696043,24.112611770629883,35062800,0.0,0.0
2013-04-04,23.969091405357457,24.154833902070795,23.867778780182128,24.146390914916992,45263200,0.0,0.0
2013-04-05,23.825560610746727,24.298358165179426,23.732690985329707,24.230815887451172,50927300,0.0,0.0
2013-04-08,24.256141844486415,24.256141844486415,24.03662905187097,24.137943267822266,34759500,0.0,0.0
2013-04-09,24.25614262163446,25.17640713886519,24.21392930299759,24.999109268188477,77733800,0.0,0.0
2013-04-10,24.9653438313704,25.598553437957076,24.923130501732075,25.564783096313477,71116700,0.0,0.0
2013-04-11,24.568531462630524,24.652959726761356,24.256147368447007,24.433446884155273,130923200,0.0,0.0
2013-04-12,24.357449502059367,24.500976996649477,24.19703604096821,24.306793212890625,62886300,0.0,0.0
2013-04-15,24.1886001122022,24.467212199387713,24.070401532891633,24.22237205505371,56332900,0.0,0.0
2013-04-16,24.39967336132087,24.60230021597038,24.230818454280485,24.458772659301758,52797300,0.0,0.0
2013-04-17,24.35746405581417,24.517877612753544,24.146394179438545,24.340578079223633,52840700,0.0,0.0
2013-04-18,24.441877724230206,24.46720506364738,24.061951529628626,24.306793212890625,56906600,0.0,0.0
2013-04-19,25.007555651655665,25.531007959345626,24.9991126647142,25.134197235107422,99790700,0.0,0.0
2013-04-22,25.581667947513164,26.32463480179764,25.556340593383574,26.029136657714844,137904000,0.0,0.0
2013-04-23,25.91938158110731,26.08823651677562,25.64921078543435,25.83495330810547,59126900,0.0,0.0
2013-04-24,25.851832211832953,26.949394629562835,25.834946239785435,26.81431007385254,90946600,0.0,0.0
2013-04-25,26.772092636481062,27.726129033464666,26.628566718523384,26.966278076171875,110700200,0.0,0.0
2013-04-26,26.932511205422202,27.000053489667078,26.552586460420425,26.839641571044922,47799300,0.0,0.0
2013-04-29,26.848078847090036,27.591045470647266,26.82275150082582,27.531946182250977,59116400,0.0,0.0
2013-04-30,27.48973599071749,27.95408897549018,27.253335589582097,27.94564437866211,75165200,0.0,0.0
2013-05-01,27.802114756393973,27.92875792667855,27.523501070035746,27.62481689453125,54330900,0.0,0.0
2013-05-02,27.548836526412693,28.004744934887775,27.34620806212474,27.99630355834961,46059500,0.0,0.0
2013-05-03,28.055406947192065,28.300248771214264,27.928766956631744,28.274921417236328,46784600,0.0,0.0
2013-05-06,28.21581678632647,28.62951512092,28.07229083025897,28.494430541992188,40978300,0.0,0.0
2013-05-07,28.40999703438241,28.528195609846623,28.06384268309309,28.122941970825195,43078300,0.0,0.0
2013-05-08,27.920316243102462,28.063845399106608,27.565720482392116,27.85277557373047,51595700,0.0,0.0
2013-05-09,27.734573435473088,27.861216617456762,27.515062236793945,27.574161529541016,46417800,0.0,0.0
2013-05-10,27.58260323952241,27.62481978114169,27.287106772207117,27.599489212036133,36394900,0.0,0.0
2013-05-13,27.531949409333688,27.92031712736497,27.48129149019785,27.886545181274414,36027600,0.0,0.0
2013-05-14,27.93755667677285,28.50718879699707,27.886543538128116,28.50718879699707,56870100,0.23,0.0
2013-05-15,28.43917513741933,28.82176557739882,28.422170757503146,28.779253005981445,46303900,0.0,0.0
2013-05-16,28.600715907603632,29.034319548366096,28.52419780883698,28.97480583190918,59382900,0.0,0.0
2013-05-17,29.017317416189584,29.64646339416504,28.991809219119812,29.64646339416504,60666700,0.0,0.0
2013-05-20,29.52743464949798,29.842007624609167,29.484925313929615,29.82500648498535,54020800,0.0,0.0
2013-05-21,29.84200547217173,29.98654109458443,29.51893195055121,29.62945556640625,48702400,0.0,0.0
2013-05-22,29.578451259621566,29.62096060016469,29.212865093092102,29.4254150390625,66047500,0.0,0.0
2013-05-23,29.10232938483873,29.374392973689535,28.821765227759876,29.03431510925293,51102700,0.0,0.0
2013-05-24,28.83876739692355,29.144839756154518,28.821766259858652,29.13633918762207,33174400,0.0,0.0
2013-05-28,29.263867046199493,29.910020522452204,29.255366477704495,29.773988723754883,48212100,0.0,0.0
2013-05-29,29.53592561779986,29.77398038805951,29.391390047818646,29.654953002929688,38412200,0.0,0.0
2013-05-30,29.629451697633435,29.96953279975485,29.595446182024297,29.782487869262695,51131000,0.0,0.0
2013-05-31,29.6039471267945,29.99503812893275,29.578442178949683,29.671964645385742,56165700,0.0,0.0
2013-06-03,29.688970499696307,30.29261472173125,29.612455644002768,30.25860595703125,51252600,0.0,0.0
2013-06-04,30.284107038767477,30.38613331982902,29.561438719144647,29.748483657836914,65529500,0.0,0.0
2013-06-05,29.416904382056728,29.663463040409198,29.272372009180202,29.5699405670166,46025100,0.0,0.0
2013-06-06,29.620959344984957,29.850513666096262,29.323390730537703,29.72298240661621,37618500,0.0,0.0
2013-06-07,29.96952649466199,30.420131103407417,29.807989788928538,30.326608657836914,40757300,0.0,0.0
2013-06-10,30.19057976095145,30.309610403231844,29.87600688591529,30.156574249267578,35994500,0.0,0.0
2013-06-11,29.799499490787007,29.91002636232558,29.484926502989804,29.62095832824707,39435900,0.0,0.0
2013-06-12,29.876008300659514,29.986535137812773,29.62944968056898,29.756980895996094,37372700,0.0,0.0
2013-06-13,29.74848086645129,29.773985812696523,29.40839978133139,29.5189266204834,45654900,0.0,0.0
2013-06-14,29.374396130192324,29.49342355769823,29.11933689364336,29.246868133544922,53192600,0.0,0.0
2013-06-17,29.493417897631712,29.893012678933363,29.442408006063694,29.756980895996094,49670100,0.0,0.0
2013-06-18,29.731480128926933,29.90151744905686,29.671966418230664,29.739980697631836,28616500,0.0,0.0
2013-06-19,29.722982114151957,29.83350898839681,29.408409118652344,29.408409118652344,30816200,0.0,0.0
2013-06-20,29.127839292678058,29.18735625342419,28.371162104636063,28.473188400268555,54493700,0.0,0.0
2013-06-21,28.6177081109446,28.677221802074005,28.09908602260014,28.286130905151367,85338500,0.0,0.0
2013-06-24,28.005571929582555,29.07682517575051,27.690999005090518,28.668729782104492,56109000,0.0,0.0
2013-06-25,28.974807604264264,29.229866868003345,28.447681450181722,28.626222610473633,44073400,0.0,0.0
2013-06-26,29.00880782462532,29.3148801824611,28.813262316731105,29.20435333251953,48665900,0.0,0.0
2013-06-27,29.34888980208299,29.569940265183096,29.331885421343905,29.433908462524414,28993100,0.0,0.0
2013-06-28,29.22985871731739,29.578440370652245,29.19584996010092,29.365890502929688,65545500,0.0,0.0
2013-07-01,29.544435518627846,29.748484845644388,29.187353250416436,29.212858200073242,31055400,0.0,0.0
2013-07-02,29.255368784891758,29.280873735642075,28.592214119350203,28.85577392578125,37630000,0.0,0.0
2013-07-03,28.61771845462114,29.221359393260048,28.56670531096348,28.915287017822266,15994400,0.0,0.0
2013-07-05,28.983306006571983,29.110837250530366,28.54970561497114,29.085329055786133,26085900,0.0,0.0
2013-07-08,29.204354271689407,29.408403597893162,28.889781335243715,29.187353134155273,32396900,0.0,0.0
2013-07-09,29.399902083667655,29.41690322065506,29.02581220486663,29.20435333251953,25318500,0.0,0.0
2013-07-10,29.19585216323309,29.59544698254626,29.178847783341695,29.501924514770508,29658800,0.0,0.0
2013-07-11,29.75698565795621,30.411639731621733,29.6719669962351,30.3436222076416,53638300,0.0,0.0
2013-07-12,30.250093831373494,30.377621785398937,29.995031436816465,30.326608657836914,35501200,0.0,0.0
2013-07-15,30.318114383543143,30.79422727650521,30.250100109264988,30.7517147064209,34142600,0.0,0.0
2013-07-16,30.615682989809265,30.97276847122133,30.57317366287429,30.83673667907715,36378500,0.0,0.0
2013-07-17,30.896251624148945,30.938760952788236,30.173583307519404,30.386133193969727,37285100,0.0,0.0
2013-07-18,30.36912532690434,30.513657676333604,29.94402560281331,30.131067276000977,49547100,0.0,0.0
2013-07-19,27.546465397871494,27.776016411312952,26.37318916695839,26.696264266967773,248428500,0.0,0.0
2013-07-22,26.951327820153345,27.214887619018555,26.866307536296386,27.214887619018555,79040700,0.0,0.0
2013-07-23,27.129862802513316,27.24038963294301,26.959822273372247,27.0533447265625,65810400,0.0,0.0
2013-07-24,27.240396065057404,27.367924059585636,27.112864827275068,27.172378540039062,52803100,0.0,0.0
2013-07-25,26.883310342011242,26.908815290534793,26.5687357966629,26.687763214111328,63213000,0.0,0.0
2013-07-26,26.57723607733539,26.883308410644535,26.53472513013866,26.88330841064453,38633600,0.0,0.0
2013-07-29,26.75577893578985,26.866305784083476,26.696265227459552,26.81529426574707,28870700,0.0,0.0
2013-07-30,27.019341806535685,27.30840815654373,26.823794681045968,27.078855514526367,45799500,0.0,0.0
2013-07-31,27.18088160748465,27.248897513070037,26.95982950892536,27.070356369018555,43898400,0.0,0.0
2013-08-01,27.257396388214563,27.282901334672196,26.866303785720465,26.925817489624023,42557900,0.0,0.0
2013-08-02,26.942820810280516,27.121361914979744,26.84079616357614,27.11285972595215,29199900,0.0,0.0
2013-08-05,27.121363387796162,27.20638366106235,26.900311325954814,26.951324462890625,30984000,0.0,0.0
2013-08-06,26.82379762658174,26.92582229550267,26.6792636248929,26.84930419921875,36331500,0.0,0.0
2013-08-07,26.815292575937303,27.291402212576827,26.568733946532603,27.257396697998047,38078600,0.0,0.0
2013-08-08,27.410434532619828,28.116098462679876,27.248894544714606,27.963062286376953,59034400,0.0,0.0
2013-08-09,27.861044557550976,27.97157142665969,27.605985296207724,27.801530838012695,26800700,0.0,0.0
2013-08-12,27.597476587883282,28.0310801741854,27.597476587883282,27.94605827331543,25493700,0.0,0.0
2013-08-13,27.834752596602925,27.869001001549897,27.577896091715964,27.595020294189453,39464100,0.23,0.0
2013-08-14,27.517966103359967,28.56251970867768,27.14124340500166,27.697765350341797,48519600,0.0,0.0
2013-08-15,27.398099107248065,27.552213676014972,26.40491814525464,27.218299865722656,33338000,0.0,0.0
2013-08-16,27.218299577593815,27.389536715369047,27.106993886638666,27.22686004638672,32866300,0.0,0.0
2013-08-19,27.19261523357875,27.37241448617056,26.867261872144898,26.875823974609375,27902500,0.0,0.0
2013-08-20,26.91863361096673,27.312480513192003,26.858700528719755,27.0727481842041,22979600,0.0,0.0
2013-08-21,27.06418800354004,27.406662316965406,27.00425491703789,27.06418800354004,37409100,0.0,0.0
2013-08-22,27.560774924904408,27.817634724190672,27.483717638340135,27.732013702392578,31169900,0.0,0.0
2013-08-23,30.112217218823655,30.137905153839743,29.110475938097178,29.75261878967285,225493800,0.0,0.0
2013-08-26,29.45295640650881,29.68412498224728,29.136163549474464,29.238908767700195,72786800,0.0,0.0
2013-08-27,28.699511502784123,29.196100390454813,28.38272187102309,28.476900100708008,58522300,0.0,0.0
2013-08-28,28.58819955089789,28.767998767494205,28.254285786902603,28.27140998840332,44257400,0.0,0.0
2013-08-29,28.194355783804944,28.76800189903966,28.083050094987826,28.72519302368164,45284700,0.0,0.0
2013-08-30,28.571077580877365,28.665259063433403,28.331345273358526,28.596765518188477,42790200,0.0,0.0
2013-09-03,27.184050786808257,27.458031509827617,26.790203905731406,27.29535484313965,154507000,0.0,0.0
2013-09-04,26.87581932186873,26.944314496672593,26.63608702658209,26.713144302368164,142320600,0.0,0.0
2013-09-05,26.627522714291224,26.918627591296012,26.49909447633115,26.738826751708984,71644900,0.0,0.0
2013-09-06,26.807326129391104,26.875821309259994,26.653211566422623,26.67033576965332,75434900,0.0,0.0
2013-09-09,26.730268421757717,27.218298407728756,26.7131458518539,27.106992721557617,49628500,0.0,0.0
2013-09-10,27.31248049390598,27.740577437626396,27.218300636036098,27.732013702392578,56881200,0.0,0.0
2013-09-11,27.886125066191013,28.19435417697495,27.85187666141332,28.031679153442383,39087500,0.0,0.0
2013-09-12,28.014560469773652,28.065929820952036,27.903254765373344,27.988872528076172,32860200,0.0,0.0
2013-09-13,28.057367761036762,28.314224300696775,27.83475636485214,28.27997589111328,40899000,0.0,0.0
2013-09-16,28.579647690980615,28.682389664821848,28.02312240596606,28.08305549621582,52839700,0.0,0.0
2013-09-17,28.61388461481642,28.656696752212532,28.168668434086044,28.194353103637695,84716500,0.0,0.0
2013-09-18,28.245727631464323,28.596765625697085,28.10873727435173,28.528268814086914,64099900,0.0,0.0
2013-09-19,28.66525954952666,28.836498314704368,28.52826919060605,28.802249908447266,42026600,0.0,0.0
2013-09-20,28.605321002522032,28.66525406895934,27.988862872187262,28.07448387145996,102904900,0.0,0.0
2013-09-23,27.86044039566157,28.228602581752643,27.826191990883878,28.031679153442383,39826100,0.0,0.0
2013-09-24,28.14297892649055,28.14297892649055,27.526524028930595,27.78338050842285,40685000,0.0,0.0
2013-09-25,27.81763209986262,28.0830490771271,27.740574820567964,27.834753036499023,28907500,0.0,0.0
2013-09-26,27.94605972868522,28.254288856974927,27.903250853335614,28.05736541748047,28504000,0.0,0.0
2013-09-27,28.151542716058433,28.896427487903214,28.14297898259746,28.485456466674805,55348000,0.0,0.0
2013-09-30,28.254288153163767,28.51970839949228,27.997431641356556,28.494020462036133,39839500,0.0,0.0
2013-10-01,28.553958276398316,28.776569685375144,28.511149395013014,28.750885009765625,36718700,0.0,0.0
2013-10-02,28.56252364805616,29.136169876908948,28.50259055746284,29.041988372802734,46946800,0.0,0.0
2013-10-03,29.007734324182437,29.110476267085584,28.613884221856654,28.990610122680664,38703800,0.0,0.0
2013-10-04,28.84505791428787,29.101917687370698,28.785124838197262,29.007736206054688,33008100,0.0,0.0
2013-10-07,28.768001149626308,28.862182632625203,28.425526889575846,28.511144638061523,35069300,0.0,0.0
2013-10-08,28.519713445800537,28.53683765176536,28.08305435896838,28.262853622436523,41017600,0.0,0.0
2013-10-09,28.3142204284668,28.55395273054947,28.22003894804642,28.314220428466797,35878600,0.0,0.0
2013-10-10,28.519708020367144,29.016296834445342,28.47689588054527,28.904991149902344,42875100,0.0,0.0
2013-10-11,28.836501952642436,29.230348875962417,28.836501952642436,29.22178840637207,30033300,0.0,0.0
2013-10-14,29.02486152741209,29.538574561163102,28.922116307775635,29.495765686035156,27757900,0.0,0.0
2013-10-15,29.68412916964601,29.95811319078981,29.512893647329953,29.530017852783203,47097800,0.0,0.0
2013-10-16,29.624189325788024,29.881049082884108,29.589944188801702,29.658437728881836,35111600,0.0,0.0
2013-10-17,29.495768805151464,29.958112544083956,29.4272719848171,29.898176193237305,31359200,0.0,0.0
2013-10-18,29.81256217546492,29.95811630388871,29.393030529643408,29.93242835998535,41811700,0.0,0.0
2013-10-21,29.94953754020917,30.137900459150448,29.889604478020026,29.958101272583008,27433500,0.0,0.0
2013-10-22,29.983787795931118,30.052281328632503,29.555692601699274,29.607065200805664,40438500,0.0,0.0
2013-10-23,29.410143698388005,29.53001311733846,28.827933870773762,28.904991149902344,58600500,0.0,0.0
2013-10-24,28.956358622747356,29.19609088591744,28.74231102602917,28.87074089050293,53209700,0.0,0.0
2013-10-25,30.720118045896232,31.07115604300745,30.36908004878502,30.59168815612793,113494000,0.0,0.0
2013-10-28,30.48894696956798,30.59168892429785,30.197842042743467,30.45469856262207,38383600,0.0,0.0
2013-10-29,30.506071517016505,30.58312880045974,30.18927864835659,30.411890029907227,31702200,0.0,0.0
2013-10-30,30.420456191488956,30.6430676146985,30.334838423244367,30.429019927978516,36997700,0.0,0.0
2013-10-31,30.53175469797495,30.557439369165362,30.257773984918135,30.317707061767578,41682300,0.0,0.0
2013-11-01,30.540318283854603,30.55744248843214,30.300585951985237,30.420452117919922,40264600,0.0,0.0
2013-11-04,30.47182090514251,30.805734687202946,30.437572500288198,30.771486282348633,28060700,0.0,0.0
2013-11-05,30.643056617229284,31.43075025393181,30.62593241650436,31.370817184448242,51681900,0.0,0.0
2013-11-06,31.884528597471544,32.72359470975937,31.730414080305735,32.68934631347656,88948800,0.0,0.0
2013-11-07,32.50099410545702,32.54380298185783,32.04721413661415,32.107147216796875,60437400,0.0,0.0
2013-11-08,32.25271178269868,32.346893310546875,31.970170465263404,32.346893310546875,36737800,0.0,0.0
2013-11-11,32.26981802845688,32.34687530233236,31.978713134494807,32.184200286865234,26872500,0.0,0.0
2013-11-12,32.00440982023546,32.192769556458316,31.85029523034779,31.987285614013672,31651600,0.0,0.0
2013-11-13,31.661917309172253,32.67222213745117,31.593423782667106,32.67222213745117,44957600,0.0,0.0
2013-11-14,32.423934463395206,32.64654583026223,32.29550784353285,32.552364349365234,46183700,0.0,0.0
2013-11-15,32.492432063019336,32.552365140299514,32.29550862822622,32.398250579833984,50601300,0.0,0.0
2013-11-18,31.978718841115825,32.17564556091177,31.738986508992856,31.850292205810547,53277500,0.0,0.0
2013-11-19,31.789899787055706,32.11772058419471,31.634616424772908,31.69500732421875,44275000,0.28,0.0
2013-11-20,31.85029061712137,32.273007210730846,31.798531685043848,31.988323211669922,32229900,0.0,0.0
2013-11-21,32.15222396961103,32.37652029810536,32.14359528916277,32.264373779296875,23064700,0.0,0.0
2013-11-22,32.37652548480459,32.50592938524002,32.203991338727874,32.411033630371094,27982000,0.0,0.0
2013-11-25,32.721599399794634,32.73885347207224,32.41103268055319,32.47142028808594,30646800,0.0,0.0
2013-11-26,32.411036337602496,32.4800526345003,32.22124481201172,32.22124481201172,34465300,0.0,0.0
2013-11-27,32.411033073329946,32.57494182563693,32.34202007426095,32.436912536621094,26002100,0.0,0.0
2013-11-29,32.626708923646994,33.03217146054221,32.626708923646994,32.894142150878906,22090400,0.0,0.0
2013-12-02,32.859626024430504,33.45487666082325,32.833746563550065,33.17019271850586,42950400,0.0,0.0
2013-12-03,32.9027614376532,33.20470275899335,32.85100251293262,33.04941940307617,52109800,0.0,0.0
2013-12-04,32.96315189791006,33.6274189133217,32.88551021322875,33.59291076660156,51983600,0.0,0.0
2013-12-05,33.51527009132826,33.5411528475869,32.07458947659133,32.78199005126953,116305000,0.0,0.0
2013-12-06,33.144311108602615,33.25646092774406,32.77336008998578,33.092552185058594,36457300,0.0,0.0
2013-12-09,33.26509249207423,33.53252239590408,33.101180444304525,33.394493103027344,30286000,0.0,0.0
2013-12-10,33.30822641707358,33.558405541726415,32.79924277662172,32.87688446044922,37828600,0.0,0.0
2013-12-11,32.83375364788877,33.04079596135958,32.25575366678643,32.4455451965332,39853400,0.0,0.0
2013-12-12,32.47141833581482,32.47141833581482,32.074584569921846,32.109092712402344,36012800,0.0,0.0
2013-12-13,32.28162762680001,32.30751037972758,31.59148121482223,31.65186882019043,40066100,0.0,0.0
2013-12-16,31.68638398657177,31.919309069280033,31.522475205797097,31.824413299560547,31734200,0.0,0.0
2013-12-17,31.86753068320435,32.014188605005636,31.341296456760322,31.505205154418945,45687700,0.0,0.0
2013-12-18,31.367186717128483,31.574229007508084,30.651157509944177,31.556978225708008,63192100,0.0,0.0
2013-12-19,31.496589469140524,31.531097616844587,31.125638399395193,31.272293090820312,34160100,0.0,0.0
2013-12-20,31.22916364619911,31.85892261541681,31.220534962702708,31.74677276611328,62649100,0.0,0.0
2013-12-23,31.755396119960487,31.824409121956307,31.531096458998636,31.59148406982422,25128700,0.0,0.0
2013-12-24,31.677756455692048,32.06596160978621,31.608740158417774,31.988323211669922,14243000,0.0,0.0
2013-12-26,32.091839253682195,32.34201835512447,32.065956500889016,32.29888153076172,17612800,0.0,0.0
2013-12-27,32.41965845942601,32.45416331001404,32.0659549457206,32.16947937011719,14563000,0.0,0.0
2013-12-30,32.10909176799126,32.24712104297587,31.833033218022038,32.16947937011719,16290500,0.0,0.0
2013-12-31,32.26437342033952,32.41965675790697,32.109090082772056,32.27299880981445,17503500,0.0,0.0
2014-01-02,32.22123216026642,32.26436897432885,32.00556125346175,32.05732345581055,30632200,0.0,0.0
2014-01-03,32.091844409580574,32.109098483922196,31.574232051966483,31.841665267944336,31134800,0.0,0.0
2014-01-06,31.789896108100216,31.824404249253497,31.151511951151875,31.168766021728516,43603700,0.0,0.0
2014-01-07,31.34130157261194,31.479330838138385,31.237777155309153,31.410314559936523,35802800,0.0,0.0
2014-01-08,31.05662062823245,31.17739584857955,30.694294967191148,30.84957504272461,59971700,0.0,0.0
2014-01-09,30.953102565684638,30.978982032373022,30.539014644279142,30.651161193847656,36516300,0.0,0.0
2014-01-10,30.97034838075943,31.186019321319375,30.840944500072503,31.091123580932617,40548800,0.0,0.0
2014-01-13,31.047992111792553,31.07387157329672,30.04727901280761,30.176679611206055,45901900,0.0,0.0
2014-01-14,29.96101518351702,30.95310310842538,29.874748099124258,30.866832733154297,41623300,0.0,0.0
2014-01-15,30.97034271309243,31.73813059443794,30.927205900172698,31.712247848510742,44812600,0.0,0.0
2014-01-16,31.651875835604972,31.919309069280033,31.32405827405563,31.824413299560547,38018700,0.0,0.0
2014-01-17,31.772653652922084,31.772653652922084,31.186028263128758,31.384445190429688,46267500,0.0,0.0
2014-01-21,31.764011834499154,31.764011834499154,31.108373706322485,31.203266143798828,31567300,0.0,0.0
2014-01-22,31.28091118939563,31.33267339888375,30.84094392681727,30.996227264404297,21904300,0.0,0.0
2014-01-23,31.13425882522511,31.16876696742541,30.64252931694236,31.108379364013672,43954000,0.0,0.0
2014-01-24,32.30751306474997,32.39378013933757,31.513842156856626,31.755395889282227,76395500,0.0,0.0
2014-01-27,31.807149223794465,31.82440329385312,31.03936120600982,31.082494735717773,44420800,0.0,0.0
2014-01-28,31.160139260000058,31.393064290813196,30.840947161868424,31.28954315185547,36205500,0.0,0.0
2014-01-29,31.039368374669532,31.815785252238612,30.970355369373465,31.625993728637695,52745900,0.0,0.0
2014-01-30,31.73814296603857,31.815784652331494,31.255038774562813,31.79853057861328,35036300,0.0,0.0
2014-01-31,31.87616344775949,32.68708494294112,31.53971733051262,32.643951416015625,93162300,0.0,0.0
2014-02-03,32.557700316533634,32.77337134772433,31.427582928378047,31.47071647644043,64063100,0.0,0.0
2014-02-04,31.89342504573321,32.08321326718381,31.27229158056924,31.358558654785156,54697900,0.0,0.0
2014-02-05,31.306803015966747,31.462086398573135,30.88408640978751,30.90134048461914,55814400,0.0,0.0
2014-02-06,30.884074277745494,31.272282581763474,30.7891785488881,31.211894989013672,35351800,0.0,0.0
2014-02-07,31.332676872597588,31.56560190480149,31.06524369690918,31.539722442626953,33260500,0.0,0.0
2014-02-10,31.600118055459724,31.74677276611328,31.30680534327409,31.74677276611328,26767000,0.0,0.0
2014-02-11,31.815780308163077,32.14359779141429,31.798526236800758,32.065956115722656,32141400,0.0,0.0
2014-02-12,32.22123601991337,32.436906952552356,32.17810249156103,32.32476043701172,27051800,0.0,0.0
2014-02-13,32.20399473385785,32.66121619274427,32.20399473385785,32.4455451965332,37635500,0.0,0.0
2014-02-14,32.25574193352576,32.59218803868979,32.20398301942486,32.454158782958984,31407500,0.0,0.0
2014-02-18,32.706213839036586,32.83658474198694,32.51499920271115,32.52368927001953,32834000,0.28,0.0
2014-02-19,32.349869281537664,32.810519218864684,32.34117589655702,32.60192108154297,29750400,0.0,0.0
2014-02-20,32.65407998648716,32.91482523967942,32.50632555871533,32.81052780151367,27526100,0.0,0.0
2014-02-21,32.97565865713282,33.332011200810044,32.90612815169961,33.01042556762695,38021300,0.0,0.0
2014-02-24,32.758365631103516,33.0104207218529,32.62799470922094,32.758365631103516,32085100,0.0,0.0
2014-02-25,32.68883496368915,32.897429763824334,32.46285339539572,32.627994537353516,30736500,0.0,0.0
2014-02-26,32.66276126167762,32.80182556618247,32.32378891111466,32.56715393066406,41041800,0.0,0.0
2014-02-27,32.54978293518754,32.93220909004442,32.35856819998119,32.90613555908203,33903400,0.0,0.0
2014-02-28,33.01043813696692,33.42763127508542,32.871373757594085,33.29726028442383,41215000,0.0,0.0
2014-03-03,32.95827066766664,33.14079526487259,32.584538035713514,32.83658981323242,29717500,0.0,0.0
2014-03-04,33.201641588764566,33.44500334085452,33.08865078291343,33.38416290283203,26802400,0.0,0.0
2014-03-05,33.24509011634076,33.262473567862884,32.96696152309546,33.123409271240234,20520100,0.0,0.0
2014-03-06,33.14949447960731,33.236411767865896,32.93220623229415,33.15818786621094,23582200,0.0,0.0
2014-03-07,33.271166930835086,33.34070074380983,32.75836666458778,32.94089126586914,26591600,0.0,0.0
2014-03-10,33.01911848855265,33.03649862800016,32.784446819350926,32.871360778808594,19006600,0.0,0.0
2014-03-11,32.914814661334965,33.227710190827906,32.78444373441605,33.045188903808594,25216400,0.0,0.0
2014-03-12,32.85397123212977,33.40153835873902,32.8452811640173,33.262474060058594,30494100,0.0,0.0
2014-03-13,33.39284747297145,33.41892431036832,32.71490938063656,32.93219757080078,32169700,0.0,0.0
2014-03-14,32.723613780712824,33.14949692008925,32.601929568192354,32.76707077026367,27195600,0.0,0.0
2014-03-17,32.940883833643696,33.38415018690511,32.84527652015199,33.07125473022461,20479600,0.0,0.0
2014-03-18,33.25379185014749,34.67920553502456,33.219028250462124,34.375,64063900,0.0,0.0
2014-03-19,34.30546116232392,34.374991660381596,33.81873441370132,34.131629943847656,35597200,0.0,0.0
2014-03-20,34.114249870510285,35.331065204852415,34.105559800725075,35.05293655395508,59269800,0.0,0.0
2014-03-21,35.39190098824556,35.58311233838352,34.77480001684349,34.905174255371094,80721800,0.0,0.0
2014-03-24,35.06163449586731,35.322379750182364,34.644441425852065,35.20069885253906,46098400,0.0,0.0
2014-03-25,35.339755083720966,35.62657711840905,34.731347419836716,35.06162643432617,43193100,0.0,0.0
2014-03-26,35.18330571264747,35.38321046313607,34.41845030362875,34.58359146118164,41977500,0.0,0.0
2014-03-27,34.54013696394467,34.740041728790004,34.192474485180085,34.20985794067383,35369200,0.0,0.0
2014-03-28,34.583585254788595,35.32236369208026,34.48797793137465,35.026851654052734,43472700,0.0,0.0
2014-03-31,35.13985998601684,36.069853534802206,35.11378645407802,35.6265869140625,46886300,0.0,0.0
2014-04-01,35.765652011191754,36.14807818822067,35.69611817051958,36.00032043457031,32605000,0.0,0.0
2014-04-02,36.01769991752399,36.20891464270178,35.78302820450279,35.939476013183594,28666700,0.0,0.0
2014-04-03,35.88732027175875,35.88732027175875,35.38321005117896,35.64395523071289,30139600,0.0,0.0
2014-04-04,35.852561659698566,35.97424255060016,34.453224783219014,34.65312957763672,51409600,0.0,0.0
2014-04-07,34.73134948923326,35.00078808494374,34.54013810360329,34.59228515625,37559600,0.0,0.0
2014-04-08,34.54883210101303,34.70527990784697,34.07079860926737,34.60967254638672,35918600,0.0,0.0
2014-04-09,34.70528194862781,35.244155917434654,34.66182495874199,35.174625396728516,27398700,0.0,0.0
2014-04-10,35.14854132845,35.36582954878908,33.97518626484101,34.20985794067383,45960800,0.0,0.0
2014-04-11,33.896973109156384,34.58360489863944,33.896973109156384,34.07949447631836,34330200,0.0,0.0
2014-04-14,33.99256152523866,34.2533066636728,33.8100402598902,34.053401947021484,32006600,0.0,0.0
2014-04-15,34.192471789661425,34.7313456052655,33.940416678205295,34.548824310302734,33968700,0.0,0.0
2014-04-16,34.81827261836491,35.13116493347067,34.68789833373733,35.11378479003906,30615800,0.0,0.0
2014-04-17,34.77481460571289,34.9399558192025,34.34023804904509,34.77481460571289,36688400,0.0,0.0
2014-04-21,34.87910754609137,34.896491002327174,34.5835954211933,34.713966369628906,22221200,0.0,0.0
2014-04-22,34.73134656119874,34.887794337059944,34.618359079619495,34.757423400878906,27056700,0.0,0.0
2014-04-23,34.7574259210599,34.7574259210599,34.3054660153075,34.49667739868164,24602800,0.0,0.0
2014-04-24,34.54013085421544,34.74003558370007,34.15770153211048,34.64442825317383,42381600,0.0,0.0
2014-04-25,35.018175802880535,35.3571449485591,34.54883237860761,34.687896728515625,56876800,0.0,0.0
2014-04-28,34.88779287102749,35.887319917522056,34.8443358941266,35.522274017333984,50610200,0.0,0.0
2014-04-29,35.72219303727254,35.80041695317251,35.105095098259504,35.20939254760742,29636200,0.0,0.0
2014-04-30,35.11378479003906,35.20069876942025,34.9138766694619,35.11378479003906,35458700,0.0,0.0
2014-05-01,34.97471141978167,35.07900883127004,34.722656302759425,34.76611328125,28787400,0.0,0.0
2014-05-02,35.03555458374519,35.06162810976094,34.4706038726659,34.49667739868164,43416600,0.0,0.0
2014-05-05,34.34891479288728,34.453212187593856,34.157700139629895,34.27069091796875,22460900,0.0,0.0
2014-05-06,34.149016698605905,34.201163748301795,33.85350459329404,33.94911193847656,27112400,0.0,0.0
2014-05-07,34.088176929174516,34.340228743921145,33.47107586609869,34.26200485229492,41744500,0.0,0.0
2014-05-08,34.19246001767312,34.67918661888884,33.87087451599591,34.45320510864258,32120400,0.0,0.0
2014-05-09,34.366302490234375,34.635737736142104,34.21854479022111,34.366302490234375,29647600,0.0,0.0
2014-05-12,34.54012748605389,34.78348916507702,34.46190361557443,34.74003219604492,22782600,0.0,0.0
2014-05-13,34.94135932128957,35.44902598750833,34.88008966694533,35.37900161743164,27004800,0.28,0.0
2014-05-14,35.27396574031429,35.40525975483084,35.055144608750375,35.22145080566406,18818700,0.0,0.0
2014-05-15,35.09014949533773,35.36148884408152,34.58248297296769,34.661258697509766,37793200,0.0,0.0
2014-05-16,34.72252683657732,34.87132690493532,34.37241511733992,34.86257553100586,29867100,0.0,0.0
2014-05-19,34.670017474366105,34.853826406859916,34.53872347175899,34.79255676269531,24537400,0.0,0.0
2014-05-20,34.731285095214844,34.9588575690051,34.53872145966117,34.731285095214844,21320900,0.0,0.0
2014-05-21,34.83632035672429,35.317726135253906,34.78380542677809,35.317726135253906,22398700,0.0,0.0
2014-05-22,35.26521366431631,35.31772859792433,34.88008634348192,35.098907470703125,20201800,0.0,0.0
2014-05-23,35.33521888703148,35.33521888703148,35.01136469847489,35.116397857666016,18020000,0.0,0.0
2014-05-27,35.238942971158906,35.238942971158906,34.84506772383132,35.17767333984375,26160600,0.0,0.0
2014-05-28,35.133918073416595,35.177681629104924,34.85382731027693,35.0201301574707,25711500,0.0,0.0
2014-05-29,35.14267617121954,35.31773041082591,34.93260640916806,35.30897903442383,19888200,0.0,0.0
2014-05-30,35.40525707667168,35.86040539656931,35.23019951687333,35.834144592285156,34567600,0.0,0.0
2014-06-02,35.84289953744536,35.96543882840953,35.60657233103794,35.70285415649414,18504300,0.0,0.0
2014-06-03,35.536549068510865,35.60657343062156,35.23020083163996,35.26521301269531,18068900,0.0,0.0
2014-06-04,35.1951953565943,35.33524076855426,34.888847061352514,35.29147720336914,23209000,0.0,0.0
2014-06-05,35.527801030423625,36.10548871632703,35.36149816320523,36.07047653198242,31865200,0.0,0.0
2014-06-06,36.30679702758789,36.464348488943784,36.09673063841007,36.30679702758789,24060500,0.0,0.0
2014-06-09,36.228015202065066,36.30679091949012,35.904160958848486,36.122982025146484,15019200,0.0,0.0
2014-06-10,35.9129277439611,36.02671568217122,35.764130957717484,35.98295211791992,15117700,0.0,0.0
2014-06-11,35.82539165168824,35.94793093651005,35.68534627775688,35.764122009277344,18040000,0.0,0.0
2014-06-12,35.720361818741615,35.78163146692053,35.265213475880095,35.519046783447266,29818900,0.0,0.0
2014-06-13,35.9741866441563,36.385571370781086,35.76412026298891,36.087974548339844,26310000,0.0,0.0
2014-06-16,35.92167264987372,36.42058449176544,35.92167264987372,36.324302673339844,24205300,0.0,0.0
2014-06-17,36.14048932970643,36.683164657518894,35.30896858194799,36.481849670410156,22518600,0.0,0.0
2014-06-18,36.42058855719967,36.53437647703555,36.04421595531172,36.45560073852539,27097000,0.0,0.0
2014-06-19,36.385587135174596,36.56064475462271,36.175520662993954,36.33306884765625,19828200,0.0,0.0
2014-06-20,36.28053468330141,36.61314365019371,36.219265049787644,36.481849670410156,47764900,0.0,0.0
2014-06-23,36.52562088212044,36.761948091956455,36.49060870163837,36.753196716308594,18743900,0.0,0.0
2014-06-24,36.613153332071995,36.70943182523566,36.37682610933465,36.543128967285156,26509100,0.0,0.0
2014-06-25,36.49935449272415,36.805702649681784,36.28928480013571,36.7881965637207,20049100,0.0,0.0
2014-06-26,36.70068135971367,36.70943273605642,36.2630390857738,36.51687240600586,23604400,0.0,0.0
2014-06-27,36.42058856552604,37.0157822924177,36.33305811219174,36.980770111083984,74640000,0.0,0.0
2014-06-30,36.910744374607454,36.945756554638024,36.49936294555664,36.49936294555664,30793100,0.0,0.0
2014-07-01,36.63940765172582,36.89324094385321,36.49060755880986,36.64815902709961,26917000,0.0,0.0
2014-07-02,36.525630709556275,36.67443084716797,36.35057309899095,36.67443084716797,20208100,0.0,0.0
2014-07-03,36.683180652340994,36.75320502914324,36.37683235119633,36.58689880371094,15969300,0.0,0.0
2014-07-07,36.54312697236148,36.86698129445736,36.50811479187941,36.753196716308594,21952400,0.0,0.0
2014-07-08,36.64814979878113,36.76193768365878,36.42057736797018,36.569374084472656,31218200,0.0,0.0
2014-07-09,36.74443427343412,36.753188986185954,36.350555673216704,36.47309494018555,18445900,0.0,0.0
2014-07-10,36.21050988226519,36.76193991590829,35.930419178592885,36.4906005859375,21854700,0.0,0.0
2014-07-11,36.499345625631754,36.84070587158203,36.30678206578547,36.84070587158203,24083000,0.0,0.0
2014-07-14,36.95450769068279,37.15582269794665,36.79695623474674,36.884483337402344,21881100,0.0,0.0
2014-07-15,37.05079336668611,37.1733326587473,36.78820535347465,37.155826568603516,28748700,0.0,0.0
2014-07-16,37.20834268058292,38.7838574540562,37.18208521400683,38.582542419433594,63318000,0.0,0.0
2014-07-17,39.781673227119356,40.00924568241549,38.73133136964512,38.976409912109375,82180300,0.0,0.0
2014-07-18,39.08145386547196,39.247756716770326,38.7313387334334,39.11646270751953,43407500,0.0,0.0
2014-07-21,39.002682158318436,39.527851571702875,38.705085267015065,39.24776077270508,37604400,0.0,0.0
2014-07-22,39.38779514761678,39.51908913368674,39.02892870316295,39.23899841308594,43095800,0.0,0.0
2014-07-23,39.7816801182686,39.7816801182686,39.05519240019756,39.27401351928711,52362900,0.0,0.0
2014-07-24,39.326532463417195,39.387802110695986,38.79260838946317,38.862632751464844,30725300,0.0,0.0
2014-07-25,38.775099611601114,39.0902025408793,38.775099611601114,38.950157165527344,26737700,0.0,0.0
2014-07-28,38.82762372023305,38.9589144012187,38.45125109130539,38.486263275146484,29684200,0.0,0.0
2014-07-29,38.43374296843688,38.5912944484507,38.197415748416155,38.416236877441406,27763100,0.0,0.0
2014-07-30,38.57378496631269,38.6000424310248,37.89106417223658,38.1448974609375,31921400,0.0,0.0
2014-07-31,37.96984255867886,38.241178616852245,37.70725787637269,37.777278900146484,31537500,0.0,0.0
2014-08-01,37.82104245336772,37.856054634723606,37.28711837399931,37.51469421386719,31170300,0.0,0.0
2014-08-04,37.61097827043441,38.048620546463866,37.470932875662804,37.961090087890625,34277400,0.0,0.0
2014-08-05,37.90856367308661,38.03985431277367,37.48842761598781,37.70724868774414,26266400,0.0,0.0
2014-08-06,37.4096565246582,37.78602574281184,36.94575352466164,37.4096565246582,24634000,0.0,0.0
2014-08-07,37.49718634823182,38.03111040232653,37.330883503081516,37.83854675292969,30314900,0.0,0.0
2014-08-08,37.83855147492571,37.91732721960553,37.558460680274266,37.812294006347656,28942700,0.0,0.0
2014-08-11,37.86480894350377,38.0311151483532,37.65474251698801,37.812294006347656,20351600,0.0,0.0
2014-08-12,37.67223683363384,38.15364252778167,37.637224660509915,38.09237289428711,21431100,0.0,0.0
2014-08-13,38.232427283340556,38.670069533984154,38.092381896692416,38.582542419433594,22889500,0.0,0.0
2014-08-14,38.58253750001127,38.88013098711703,38.52126452090395,38.74884033203125,19313200,0.0,0.0
2014-08-15,39.020185801722405,39.300276583141745,38.86263431980584,39.20399475097656,41611300,0.0,0.0
2014-08-18,39.33528497891552,39.48408508300781,39.10771247370698,39.48408508300781,26891100,0.0,0.0
2014-08-19,39.60739033278731,39.93326740016723,39.4840856780922,39.924461364746094,28139500,0.28,0.0
2014-08-20,39.93327143285638,39.98611773011951,39.54574199899397,39.589778900146484,24770500,0.0,0.0
2014-08-21,39.49288545929754,39.85399333077558,39.48407942527095,39.827571868896484,22285500,0.0,0.0
2014-08-22,39.9420854449597,40.047778060591085,39.69547606142152,39.76593780517578,18294500,0.0,0.0
2014-08-25,39.98611076129892,40.02133826020133,39.669039752579955,39.78353500366211,16910000,0.0,0.0
2014-08-26,39.90684052126857,39.98610826850664,39.58096013829016,39.64261245727539,14873100,0.0,0.0
2014-08-27,39.54573863854204,39.633812433362884,39.42243062207299,39.51931381225586,21287900,0.0,0.0
2014-08-28,39.413619527135644,39.61619191706007,39.290314886294645,39.52811813354492,17657600,0.0,0.0
2014-08-29,39.71307192207346,40.02133349954851,39.51049954833283,40.01252746582031,21607600,0.0,0.0
2014-09-02,40.01252544438986,40.03894690403885,39.501688159182436,39.713069915771484,22976800,0.0,0.0
2014-09-03,39.21985228385962,39.730689624122675,39.21985228385962,39.598575592041016,33684500,0.0,0.0
2014-09-04,39.40481666987654,39.87161380778329,39.3872012397933,39.8628044128418,26475500,0.0,0.0
2014-09-05,39.73069468368193,40.452910535487916,39.73069468368193,40.43529510498047,36939400,0.0,0.0
2014-09-08,40.53217760772124,41.219162586899635,40.50575614230661,40.92851638793945,45736700,0.0,0.0
2014-09-09,40.92851411897805,41.368889770407385,40.884473865995446,41.183929443359375,40302400,0.0,0.0
2014-09-10,41.23677528750908,41.34246450197143,40.76116878272921,41.254390716552734,27302400,0.0,0.0
2014-09-11,41.16632697847579,41.395320892333984,40.92852366804591,41.395320892333984,29216400,0.0,0.0
2014-09-12,41.316041400063845,41.41292457606258,41.04300730041281,41.13108444213867,38244700,0.0,0.0
2014-09-15,40.990169256084286,41.13989537514777,40.602636505943856,40.72594451904297,37667600,0.0,0.0
2014-09-16,40.85805240204556,41.263197195008644,40.76997861567953,41.183929443359375,27910600,0.0,0.0
2014-09-17,40.74355222704092,41.12227554150801,40.71713076410584,40.97254943847656,38311900,0.0,0.0
2014-09-18,41.034219460851176,41.245601334921254,40.91972080573818,41.113487243652344,35556600,0.0,0.0
2014-09-19,41.22797314565457,41.89734271351773,41.04301280313198,41.85330581665039,202522400,0.0,0.0
2014-09-22,41.65953669914307,41.729998417337136,41.37769654596609,41.448158264160156,38686100,0.0,0.0
2014-09-23,41.263201145956465,41.37769976703521,40.928518037879996,41.00778579711914,33430300,0.0,0.0
2014-09-24,41.06943576273823,41.49219600109255,40.81401706879508,41.46577453613281,26582700,0.0,0.0
2014-09-25,41.28962451696455,41.4745814954037,40.540983848358835,40.5497932434082,33077400,0.0,0.0
2014-09-26,40.45290357726324,41.060620706138536,40.30317412360457,40.87566375732422,27078800,0.0,0.0
2014-09-29,40.4969358296889,41.00777308865294,40.303169509419945,40.90208053588867,26091000,0.0,0.0
2014-09-30,40.84043674145399,40.93731992178754,40.523365736653126,40.83163070678711,33033100,0.0,0.0
2014-10-01,40.75236017150163,40.981354014991624,40.38244290457246,40.426483154296875,38088400,0.0,0.0
2014-10-02,40.36482873963707,40.60262860483951,40.197483862895666,40.30317306518555,25119400,0.0,0.0
2014-10-03,40.496939310785535,40.77877942278602,40.17106231124731,40.59382247924805,32453200,0.0,0.0
2014-10-06,40.620243939810855,40.77877942278602,40.44409302986076,40.59382247924805,20604000,0.0,0.0
2014-10-07,40.39125454832046,40.452906869609606,40.00372183187495,40.10060501098633,25723700,0.0,0.0
2014-10-08,40.05657337884447,41.29843272186339,39.93326872007379,41.2015495300293,33031000,0.0,0.0
2014-10-09,40.95493211669031,41.21915681322522,40.2855626614819,40.382442474365234,34422800,0.0,0.0
2014-10-10,40.162259299631614,40.620250394356844,38.7090216211724,38.77947998046875,51978100,0.0,0.0
2014-10-13,38.59451597256221,39.24627331620005,38.303869833769,38.44478988647461,37100200,0.0,0.0
2014-10-14,38.63856344899995,39.0877485499721,38.36553266193845,38.5152587890625,38115700,0.0,0.0
2014-10-15,37.87231559001944,38.2158081473376,37.07963787328491,38.06608200073242,60218700,0.0,0.0
2014-10-16,37.45835402371908,37.94276995643006,37.185323254154476,37.643314361572266,49040400,0.0,0.0
2014-10-17,38.04845790542753,38.700212004327824,37.68734999663152,38.427181243896484,40683300,0.0,0.0
2014-10-20,37.92515761730183,38.87636741039149,37.70496976077737,38.823524475097656,34527900,0.0,0.0
2014-10-21,39.0701270677073,39.61619191706007,38.92039760397217,39.52811813354492,36433800,0.0,0.0
2014-10-22,39.633810560144184,39.69546288556487,38.95563162071686,39.087745666503906,33570900,0.0,0.0
2014-10-23,39.29911497817762,40.03014003805066,39.21984724108053,39.65141677856445,45451900,0.0,0.0
2014-10-24,41.24558542634746,41.30723774921318,39.79234442211346,40.629058837890625,61076700,0.0,0.0
2014-10-27,40.259144159705876,40.60263665510143,40.259144159705876,40.43529510498047,30371300,0.0,0.0
2014-10-28,40.3912470671904,40.954927248745086,40.31197933167184,40.94612121582031,29049800,0.0,0.0
2014-10-29,40.90208387196994,41.13108106183794,40.814010097281724,41.06061935424805,30276100,0.0,0.0
2014-10-30,40.796404661047525,40.796404661047525,40.311992062035856,40.55860137939453,30073900,0.0,0.0
2014-10-31,41.34245937498142,41.368884195169656,40.937314636619234,41.35126876831055,35849700,0.0,0.0
2014-11-03,41.29842064168989,41.800448525436934,41.15750059291526,41.782833099365234,23130400,0.0,0.0
2014-11-04,41.65953182112967,42.038255112578064,41.61549493231459,41.897335052490234,21530800,0.0,0.0
2014-11-05,42.09990945230711,42.18798659396975,41.62430296672713,42.15275573730469,22449600,0.0,0.0
2014-11-06,42.152758332572695,43.033509644628786,42.091106009512735,42.8925895690918,33037800,0.0,0.0
2014-11-07,43.08635172637092,43.08635172637092,42.53148082973533,42.87497329711914,28000600,0.0,0.0
2014-11-10,42.84855047150966,43.28892610488674,42.760473328954575,43.05992889404297,36370100,0.0,0.0
2014-11-11,43.02469719390449,43.1127743347336,42.84854963184502,43.04231262207031,23445200,0.0,0.0
2014-11-12,42.76928782514847,43.0863554967721,42.73405696392367,42.963050842285156,22722100,0.0,0.0
2014-11-13,42.98947610542156,43.72930739966913,42.901398951463584,43.69407653808594,26210400,0.0,0.0
2014-11-14,43.80856838015905,44.081599115685066,43.5003034287015,43.66764831542969,29081700,0.0,0.0
2014-11-17,43.51791760928782,43.782142303106234,43.28011437691148,43.561954498291016,30318600,0.0,0.0
2014-11-18,43.544229165120555,43.72149110009508,43.1631171882719,43.198570251464844,23995500,0.31,0.0
2014-11-19,43.12767121760293,43.207438932410085,42.480667922385216,42.73769760131836,26177500,0.0,0.0
2014-11-20,42.54270514356695,43.16312026977539,42.42748437045913,43.16312026977539,21510600,0.0,0.0
2014-11-21,43.44673416377844,43.47332227020802,42.16158938416984,42.52497482299805,42884800,0.0,0.0
2014-11-24,42.533841351149874,42.542702926623875,42.00205553597292,42.179317474365234,35434200,0.0,0.0
2014-11-25,42.2413568747707,42.51611303680971,42.055233368707235,42.072959899902344,28008000,0.0,0.0
2014-11-26,42.09068688447922,42.533840026160036,41.90455999542076,42.32112503051758,27163600,0.0,0.0
2014-11-28,42.49839954463506,42.719976181071125,42.19705518384237,42.37431716918945,21534400,0.0,0.0
2014-12-01,42.43635540157627,43.23402920860012,42.28568154117752,43.092220306396484,31191600,0.0,0.0
2014-12-02,43.287202482183744,43.47332600516165,42.71996695635179,42.95040512084961,25773500,0.0,0.0
2014-12-03,42.932680591086,42.98586019198527,42.37430999610126,42.61361312866211,23534800,0.0,0.0
2014-12-04,42.888373745045136,43.482200896250504,42.71997671640034,43.28721237182617,30320400,0.0,0.0
2014-12-05,43.269479058776874,43.40242637388081,42.879505451991015,42.914955139160156,27313400,0.0,0.0
2014-12-08,42.77315061745702,42.852918338470765,42.05524450932431,42.27682113647461,26663100,0.0,0.0
2014-12-09,41.75389085081783,42.47179679887084,41.70071125500306,42.179317474365234,24330500,0.0,0.0
2014-12-10,42.17045666988235,42.24135941794142,41.39050615529068,41.56776809692383,30431800,0.0,0.0
2014-12-11,41.727307354739395,42.31226944938571,41.372783438775905,41.807071685791016,29060400,0.0,0.0
2014-12-12,41.46140579791193,42.303397421861916,41.363911568266445,41.61207962036133,34248400,0.0,0.0
2014-12-15,41.83365914021632,42.25022081313631,41.25755867761656,41.363914489746094,29247800,0.0,0.0
2014-12-16,40.68147646947936,41.07145017719204,39.99901994523851,40.02560806274414,47801400,0.0,0.0
2014-12-17,39.928107749436926,40.72578496383271,39.795163801031656,40.5396614074707,34970900,0.0,0.0
2014-12-18,41.28415602242482,42.11728286743164,41.07144098700244,42.11728286743164,40105600,0.0,0.0
2014-12-19,42.2147754149069,42.6313371301114,41.80707189520944,42.241363525390625,64551200,0.0,0.0
2014-12-22,42.34771289115718,42.649057160989614,42.285671722161396,42.52497482299805,26566000,0.0,0.0
2014-12-23,42.870641256219294,43.251753293232476,42.65792960546215,42.94154739379883,23648100,0.0,0.0
2014-12-24,43.10994321325518,43.10994321325518,42.6136137878137,42.66679000854492,11437800,0.0,0.0
2014-12-26,42.90608923368215,42.90608923368215,42.38316836455153,42.43634796142578,13197800,0.0,0.0
2014-12-29,42.276817237820616,42.34771999385492,41.886840246164475,42.055240631103516,14439500,0.0,0.0
2014-12-30,42.04637272166273,42.205908137778295,41.51459025527115,41.67412567138672,16384700,0.0,0.0
2014-12-31,41.417087070913645,42.04636364249364,41.168922424316406,41.168922424316406,21552500,0.0,0.0
2015-01-02,41.355054341266175,42.02864568265192,41.248698525466416,41.44368362426758,27913900,0.0,0.0
2015-01-05,41.098029797657,41.41710066572273,40.99167396863204,41.06258010864258,39673900,0.0,0.0
2015-01-06,41.106895599366204,41.43482805116859,40.362398018929106,40.45989227294922,36447900,0.0,0.0
2015-01-07,40.75235762924425,41.17778418865776,40.31806949569265,40.973934173583984,29114100,0.0,0.0
2015-01-08,41.43482003790971,42.32112634888104,41.40823193049745,42.179317474365234,29645200,0.0,0.0
2015-01-09,42.19705673438534,42.38318030439292,41.567779875221845,41.824806213378906,23944200,0.0,0.0
2015-01-12,42.02864314939299,42.13500233977243,41.08916063463955,41.30187225341797,23651900,0.0,0.0
2015-01-13,41.62981217212057,42.462938960601434,40.82327349339202,41.08916473388672,35270600,0.0,0.0
2015-01-14,40.734642028808594,40.98281012412395,40.433297712418316,40.734642028808594,29719600,0.0,0.0
2015-01-15,40.96509153713021,41.106900455824665,40.24718198443196,40.30922317504883,32750800,0.0,0.0
2015-01-16,40.15854572045777,41.01826066190939,40.03445997973118,40.982810974121094,35695300,0.0,0.0
2015-01-20,41.035974041050686,41.34618322193469,40.38897095770699,41.11574172973633,36161900,0.0,0.0
2015-01-21,40.71691858248526,40.89418055515555,40.30921841203725,40.69919204711914,39081100,0.0,0.0
2015-01-22,41.10688439412095,41.78047564947925,40.840993198084504,41.77161407470703,35898000,0.0,0.0
2015-01-23,41.975460980090006,42.00204908341767,41.47912830503856,41.81592559814453,26211600,0.0,0.0
2015-01-26,41.65640255290164,41.771623336427496,40.98281114819277,41.66526412963867,42525500,0.0,0.0
2015-01-27,38.0668670526105,38.2884436904243,37.322369414316455,37.809837341308594,169164000,0.0,0.0
2015-01-28,37.88072766376671,37.92504229661898,36.48036227490456,36.50695037841797,84507100,0.0,0.0
2015-01-29,36.2765211638249,37.33122456096297,36.15243880898402,37.23373031616211,63585300,0.0,0.0
2015-01-30,36.8260321530475,36.85262364549975,35.76246374170868,35.80678176879883,78004900,0.0,0.0
2015-02-02,35.97518444482009,36.66650249967234,35.6561135330448,36.586734771728516,50352500,0.0,0.0
2015-02-03,36.89693756126183,37.1628288135858,36.38287820991022,36.87034606933594,52082400,0.0,0.0
2015-02-04,37.17169433280376,37.41099749957394,36.65763830792014,37.083065032958984,41614800,0.0,0.0
2015-02-05,37.419852960235126,37.79209998228862,37.10078215219487,37.62370300292969,36548200,0.0,0.0
2015-02-06,37.827548468922956,37.92504269080515,37.35780727002491,37.5882453918457,34616600,0.0,0.0
2015-02-09,37.43758947512215,37.88074274201948,37.41099798003436,37.5439453125,31381100,0.0,0.0
2015-02-10,37.880742400373165,37.907330514230054,37.38440952876779,37.756656646728516,29670700,0.0,0.0
2015-02-11,37.80097538284184,37.80097538284184,37.41099834038158,37.56167221069336,38262500,0.0,0.0
2015-02-12,37.80983263158445,38.19094467163086,37.676885313060076,38.19094467163086,33268800,0.0,0.0
2015-02-13,38.447971142473826,38.882259368896484,38.24412108380741,38.882259368896484,40264900,0.0,0.0
2015-02-17,39.24823484809287,39.27501217586891,38.55199368044902,38.900115966796875,33695700,0.31,0.0
2015-02-18,38.94474744648693,39.00723015034944,38.73051860106403,38.85548400878906,27111700,0.0,0.0
2015-02-19,38.54306108376477,38.85547452683871,38.4270203456011,38.828697204589844,27603400,0.0,0.0
2015-02-20,38.8376303854096,39.16789998935549,38.64125763731008,39.150047302246094,29721100,0.0,0.0
2015-02-23,39.00723186928297,39.44461081559459,38.96260185099331,39.40890884399414,32518800,0.0,0.0
2015-02-24,39.40890091919903,39.54279094714385,39.2035967472577,39.355342864990234,25271700,0.0,0.0
2015-02-25,39.23037358304604,39.355338958744916,39.09648016333947,39.26607894897461,29759800,0.0,0.0
2015-02-26,39.26608480771058,39.480310225143484,39.17682137957052,39.32856750488281,28957300,0.0,0.0
2015-02-27,39.391043618521095,39.45352630525043,38.971514089009,39.141109466552734,33807700,0.0,0.0
2015-03-02,38.980444776425955,39.44460438204708,38.87333206899079,39.16789627075195,31924000,0.0,0.0
2015-03-03,38.882258398472,39.12326453335495,38.46272882237374,38.63232421875,31748600,0.0,0.0
2015-03-04,38.39131400885807,38.56983743112418,38.2752766786785,38.43594741821289,25748700,0.0,0.0
2015-03-05,38.44488163125983,38.59662776974434,38.22172814911644,38.480587005615234,23193500,0.0,0.0
2015-03-06,38.38240295305833,38.48059104030475,37.623682396239715,37.81113052368164,36248800,0.0,0.0
2015-03-09,37.65938335087444,38.49844268825174,37.65938335087444,38.24850845336914,32108000,0.0,0.0
2015-03-10,37.802195764803365,38.12353730053623,37.51655960083008,37.51655960083008,39159700,0.0,0.0
2015-03-11,37.76650337101821,37.820058037180765,37.3469736591314,37.47193908691406,32215300,0.0,0.0
2015-03-12,36.891736116432874,37.17737230747518,36.47220647112924,36.61502456665039,59992500,0.0,0.0
2015-03-13,36.32938926286033,37.016702428420494,36.24905386935195,36.93636703491211,58007700,0.0,0.0
2015-03-16,37.0166876488209,37.16843032872173,36.84708888298973,37.097023010253906,35273500,0.0,0.0
2015-03-17,36.92743211763182,37.33803705530608,36.731059396189096,37.22199630737305,31673400,0.0,0.0
2015-03-18,36.980995735158345,38.23065661076484,36.89173570335158,37.936092376708984,44194800,0.0,0.0
2015-03-19,37.721857423830016,38.01642161017796,37.686155459920805,37.74863815307617,33879100,0.0,0.0
2015-03-20,37.9896438603971,38.36454001512948,37.927161167941705,38.2752799987793,71904500,0.0,0.0
2015-03-23,38.275283716287696,38.498437183888406,38.1860202862164,38.25743103027344,26246100,0.0,0.0
2015-03-24,38.18601667602387,38.53413550776075,38.15923935205991,38.29313278198242,25513300,0.0,0.0
2015-03-25,38.310989931100664,38.31991797762356,36.98992166503361,37.007774353027344,43469900,0.0,0.0
2015-03-26,36.79354260798265,37.141661451630576,36.52575573897519,36.78461456298828,37495600,0.0,0.0
2015-03-27,36.704282650743394,36.98099418583463,36.44542720732776,36.57039260864258,34401400,0.0,0.0
2015-03-30,36.686439279481384,37.0791916748285,36.51684382106956,36.56147384643555,35049700,0.0,0.0
2015-03-31,36.400794816104266,36.62394829762536,36.186569380673085,36.29368209838867,34887200,0.0,0.0
2015-04-01,36.24012432438114,36.38294241748508,35.981268871603454,36.34724044799805,36865300,0.0,0.0
2015-04-02,36.29368326305763,36.365094013860876,35.811670910291774,35.963417053222656,37487500,0.0,0.0
2015-04-06,36.00804602604702,37.29340885777361,35.86522793363296,37.08810806274414,39223700,0.0,0.0
2015-04-07,37.14165838399752,37.409441825836524,36.87387494215853,37.070247650146484,28809400,0.0,0.0
2015-04-08,37.00777034404338,37.21307112615326,36.63287415194318,36.97206497192383,24753400,0.0,0.0
2015-04-09,36.82032633135282,37.15059254745582,36.82032633135282,37.02562713623047,25723900,0.0,0.0
2015-04-10,37.159517518270576,37.44515369315814,36.96314137114095,37.23985290527344,28022000,0.0,0.0
2015-04-13,36.95422029770017,37.54334539090747,36.94529225103145,37.27555847167969,30276700,0.0,0.0
2015-04-14,37.31126202678528,37.51656282446596,36.94529044743242,37.177371978759766,24244400,0.0,0.0
2015-04-15,37.275552063026645,37.90038242537973,37.20414472721427,37.721858978271484,27343600,0.0,0.0
2015-04-16,37.445150790162586,37.79326963850259,37.32911003903207,37.632598876953125,22509700,0.0,0.0
2015-04-17,37.19521518327633,37.25770128154011,36.739983646293105,37.15058517456055,42387600,0.0,0.0
2015-04-20,37.24877087571113,38.5341334325291,37.20414086982427,38.30205535888672,46057700,0.0,0.0
2015-04-21,38.382403456130085,38.516296923230534,37.962873770597504,38.06106185913086,26013800,0.0,0.0
2015-04-22,38.087826959938056,38.49843187150341,37.98071426368463,38.37346649169922,25064300,0.0,0.0
2015-04-23,38.28422077417373,38.92690405893325,38.2038853635788,38.68589782714844,46309500,0.0,0.0
2015-04-24,40.75675139439842,42.970433504318024,40.74782675343364,42.729427337646484,130933700,0.0,0.0
2015-04-27,42.15815157741914,42.96150540159144,42.14922693717349,42.87224197387695,59248200,0.0,0.0
2015-04-28,42.64909314093309,43.92553135284512,42.57768579606317,43.88090133666992,60730800,0.0,0.0
2015-04-29,43.488144782244845,44.014787052655656,43.291768659533616,43.79163360595703,47804600,0.0,0.0
2015-04-30,43.470294658964754,44.22009042024858,43.38103123199551,43.4167366027832,64725500,0.0,0.0
2015-05-01,43.3631820493017,43.63096552070932,43.20251128544682,43.43458938598633,38937300,0.0,0.0
2015-05-04,43.17574120326673,43.62204823403665,43.006145757393035,43.0597038269043,34039500,0.0,0.0
2015-05-05,42.68480238352277,42.988291288085705,42.229570729204525,42.488426208496094,50369200,0.0,0.0
2015-05-06,42.46164586182703,42.64016933507722,41.07809490297916,41.31017303466797,52433000,0.0,0.0
2015-05-07,41.30124578634905,42.033188915927816,41.20305771200647,41.6850700378418,32971700,0.0,0.0
2015-05-08,42.443794787784306,42.82761907809766,42.41701745754687,42.622318267822266,35364900,0.0,0.0
2015-05-11,42.4437823165849,42.76512380522346,42.283111572265625,42.283111572265625,24609400,0.0,0.0
2015-05-12,41.8189632469328,42.55983447848548,41.435138966378155,42.2652702331543,29928300,0.0,0.0
2015-05-13,43.01506317993313,43.13110394187115,42.4616435080817,42.515201568603516,34184600,0.0,0.0
2015-05-14,42.872238240976266,43.57740393578941,42.872238240976266,43.48814392089844,32980900,0.0,0.0
2015-05-15,43.622044243245696,43.657749619653345,42.89010105214953,43.11325454711914,28642700,0.0,0.0
2015-05-18,42.82761567725998,43.041844517304575,42.497349478699306,42.854393005371094,24136500,0.0,0.0
2015-05-19,42.728613322221925,42.953217044301596,42.3872147050502,42.74658203125,28574800,0.31,0.0
2015-05-20,42.575881009073726,43.06102587128921,42.46807218208611,42.74658203125,25047900,0.0,0.0
2015-05-21,42.47704765001896,42.76454009155836,42.2344752598738,42.60282516479492,22410700,0.0,0.0
2015-05-22,42.49501445704089,42.539934506427784,42.063775814002526,42.135650634765625,25720600,0.0,0.0
2015-05-26,42.07277211907722,42.11769217939593,41.49778369458265,41.85715103149414,29581900,0.0,0.0
2015-05-27,42.063791794460236,42.917286765782954,41.88410810146892,42.77354049682617,27335600,0.0,0.0
2015-05-28,42.67471514180745,43.141891381990064,42.575888937340544,42.62979507446289,19283700,0.0,0.0
2015-05-29,42.6118239086578,42.73760146085334,41.857155168303294,42.099727630615234,36519600,0.0,0.0
2015-06-01,42.27939624040016,42.91726984317863,41.884091586254605,42.432125091552734,28837300,0.0,0.0
2015-06-02,42.162611556507926,42.539944169687836,41.88410170355547,42.15362548828125,21498300,0.0,0.0
2015-06-03,42.55791254503694,42.890328523198654,42.06378503905331,42.090736389160156,28002200,0.0,0.0
2015-06-04,42.03683520229283,42.369247765240715,41.50677025896358,41.650516510009766,27745500,0.0,0.0
2015-06-05,41.60559409677907,41.79426039801359,41.18333800881352,41.45286178588867,25438100,0.0,0.0
2015-06-08,41.5966069950936,41.71340188555666,41.03060467827494,41.084510803222656,22121600,0.0,0.0
2015-06-09,41.11146466775179,41.273179625309744,40.84194088088217,41.01264190673828,24406100,0.0,0.0
2015-06-10,41.138422073128694,42.07277445932609,41.048578520312915,41.8751220703125,28417400,0.0,0.0
2015-06-11,41.920033942190315,42.15362027950765,41.44387520043934,41.722381591796875,27347800,0.0,0.0
2015-06-12,41.52473646940463,41.74934018734441,41.23724398461617,41.300132751464844,23931000,0.0,0.0
2015-06-15,40.83296151961692,41.012645201023155,40.44664280410695,40.85991287231445,33254500,0.0,0.0
2015-06-16,40.74311618056316,41.54270835643552,40.69819611897463,41.17435836791992,27070300,0.0,0.0
2015-06-17,41.08451167428313,41.389972867768456,40.75209913134286,41.300132751464844,28704100,0.0,0.0
2015-06-18,41.52473438959794,42.0458132069855,41.47981090651542,41.973941802978516,32658300,0.0,0.0
2015-06-19,42.03683971105475,42.072777134466094,41.31810837873456,41.41693115234375,63837000,0.0,0.0
2015-06-22,41.62355782750083,41.97393903851216,41.47082553487671,41.533714294433594,20318100,0.0,0.0
2015-06-23,41.44388730190606,41.578647503376175,40.98569370623593,41.24623489379883,25896500,0.0,0.0
2015-06-24,41.03060582962026,41.5516881038614,40.92279700388032,41.00365447998047,34890900,0.0,0.0
2015-06-25,41.35403710408872,41.38099188180231,40.877878299713025,41.01264190673828,20616000,0.0,0.0
2015-06-26,41.01264284907353,41.57864178635026,40.455623125939496,40.66225814819336,49835300,0.0,0.0
2015-06-29,40.464602960421736,40.63530053672116,39.85368062910319,39.86266326904297,34081700,0.0,0.0
2015-06-30,40.16813401263406,40.17712008189698,39.47635404818351,39.66502380371094,35945400,0.0,0.0
2015-07-01,39.94352625079884,40.63530614578655,39.620096333435136,39.93454360961914,28343900,0.0,0.0
2015-07-02,39.96148932075931,40.204061724548964,39.5841567552068,39.889617919921875,21752000,0.0,0.0
2015-07-06,39.49431565143479,39.96149178076876,39.4853330109698,39.88063430786133,23034000,0.0,0.0
2015-07-07,39.835711583736696,39.97047517195206,38.9193280945413,39.799774169921875,36435800,0.0,0.0
2015-07-08,39.9255565488308,40.338830003623315,39.55720658036284,39.74587631225586,39785900,0.0,0.0
2015-07-09,40.20407156378851,40.626327713782175,39.9794678120355,39.9974365234375,32424700,0.0,0.0
2015-07-10,40.43766063163634,40.55445554988185,40.04235923619657,40.07829666137695,25465800,0.0,0.0
2015-07-13,40.41071604817646,40.98570123868995,40.38376468836554,40.9138298034668,28178300,0.0,0.0
2015-07-14,40.83296596709133,41.291156148760585,40.7071884045618,40.985694885253906,22880300,0.0,0.0
2015-07-15,41.039594042246044,41.22826035394536,40.81499031102849,41.11146545410156,26629600,0.0,0.0
2015-07-16,41.3360690603428,41.946991481581954,41.300135068114166,41.920040130615234,26271700,0.0,0.0
2015-07-17,41.82121690753556,42.027851943027486,41.560675739105264,41.88410568237305,29467100,0.0,0.0
2015-07-20,41.91105648105466,42.342295222052066,41.72238674728384,42.15362548828125,30631900,0.0,0.0
2015-07-21,42.027847154189175,42.521978081867715,41.75832337457048,42.477054595947266,42781900,0.0,0.0
2015-07-22,40.82398622546027,42.16262640670991,40.60836849260875,40.9138298034668,59152400,0.0,0.0
2015-07-23,40.67124605343967,41.53372360106179,40.5185137265922,41.4259147644043,33934000,0.0,0.0
2015-07-24,41.24622675104889,41.61457671250524,41.14740056650535,41.27317810058594,32333200,0.0,0.0
2015-07-27,41.27317940117905,41.33606817020109,40.653274352027175,40.74311447143555,39701400,0.0,0.0
2015-07-28,40.94975960864828,41.00366231823189,40.240010896891626,40.73413848876953,34328900,0.0,0.0
2015-07-29,40.78803494020752,42.02784494677145,40.66225398428974,41.587623596191406,40945900,0.0,0.0
2015-07-30,41.560675104423204,42.584871051524196,41.26419994574273,42.11769485473633,39777900,0.0,0.0
2015-07-31,42.48605493404434,42.5579263667315,41.77630611515566,41.955989837646484,31201500,0.0,0.0
2015-08-03,42.20753848320623,42.225507195402216,41.73137960514762,42.0548095703125,24125900,0.0,0.0
2015-08-04,42.00089519805532,42.86337265125671,41.93800643129152,42.71064376831055,33403900,0.0,0.0
2015-08-05,43.10594593026898,43.492264606420484,42.71064461319385,42.74658203125,26959700,0.0,0.0
2015-08-06,42.863378154075534,42.91728428701389,41.623567941123945,41.88410568237305,27368000,0.0,0.0
2015-08-07,41.677473150930254,42.02785446812809,41.56067823613717,41.991920471191406,19163000,0.0,0.0
2015-08-10,42.18057786853418,42.66572270977688,42.08175168674244,42.521976470947266,23079900,0.0,0.0
2015-08-11,42.06378838354113,42.171597219721235,41.2372482608585,41.695438385009766,29237400,0.0,0.0
2015-08-12,41.49778945752122,42.13566674048234,41.06655064964839,41.991920471191406,30181400,0.0,0.0
2015-08-13,42.279415484687966,42.31534948372813,41.7673191561635,41.98293685913086,22627200,0.0,0.0
2015-08-14,41.803245897320636,42.31534213693491,41.79426325591556,42.225502014160156,21473400,0.0,0.0
2015-08-17,42.05479899356129,42.62978393049881,41.83917792861944,42.51298904418945,21099700,0.0,0.0
2015-08-18,42.35925695717612,42.89281733264215,42.23264999516401,42.74812316894531,23574100,0.31,0.0
2015-08-19,42.304996419504135,42.576301001839255,41.870913917461436,42.15126037597656,31485500,0.0,0.0
2015-08-20,41.662916164518975,42.0246533068842,41.292137145996094,41.292137145996094,36238200,0.0,0.0
2015-08-21,40.96658625511673,41.129367671278395,38.94990921020508,38.94990921020508,70053100,0.0,0.0
2015-08-24,36.580526504967864,38.606244667667305,35.920359209548266,37.69286346435547,88753700,0.0,0.0
2015-08-25,38.497724949506015,39.10363409366397,36.526264936817775,36.59861373901367,70616600,0.0,0.0
2015-08-26,37.99129419929259,38.74189750825267,37.13217458512685,38.624332427978516,63408000,0.0,0.0
2015-08-27,39.09458754833677,39.74571294865482,38.823286448131135,39.700496673583984,50943200,0.0,0.0
2015-08-28,39.24833559983954,39.92659022345579,39.239290272980405,39.72763442993164,28246700,0.0,0.0
2015-08-31,39.3930202548383,39.727624822296875,38.97702156445726,39.35684585571289,34441700,0.0,0.0
2015-09-01,38.135990675304754,38.51581501552961,37.674779101225674,37.81947326660156,49688900,0.0,0.0
2015-09-02,38.307815047180895,39.23024158922637,37.873732577356115,39.212154388427734,37671500,0.0,0.0
2015-09-03,39.25736208566687,39.77283512153623,39.13979703106051,39.33875274658203,28285200,0.0,0.0
2015-09-04,38.71476977905772,38.92276742076122,38.1631222098619,38.53390121459961,37138800,0.0,0.0
2015-09-08,39.15789545536559,39.790933727347785,39.06746289498858,39.69145584106445,32469800,0.0,0.0
2015-09-09,39.98085587937424,40.152682624090474,38.8052150013705,38.94990921020508,33469500,0.0,0.0
2015-09-10,38.995121410146034,39.601030717761105,38.66051673417509,39.148860931396484,31366600,0.0,0.0
2015-09-11,39.0131993763384,39.420152777646834,38.83233081467011,39.320674896240234,27132500,0.0,0.0
2015-09-14,39.275467142979885,39.284509020624434,38.759993872699724,38.92277526855469,23656000,0.0,0.0
2015-09-15,39.05841727113966,40.053192676603715,38.95894283539618,39.77284622192383,28882200,0.0,0.0
2015-09-16,39.763802776179524,40.13458177590997,39.6462376934023,40.062232971191406,23372200,0.0,0.0
2015-09-17,40.05318031303116,40.69526025804423,39.863269926440815,40.017005920410156,32768200,0.0,0.0
2015-09-18,39.33876209738515,39.781889900983415,39.185026062324674,39.320674896240234,63143700,0.0,0.0
2015-09-21,39.44729109890285,40.21598180368969,39.42920389351922,39.890419006347656,26177200,0.0,0.0
2015-09-22,39.23023982332992,39.836145498796476,39.166936348274625,39.700496673583984,28085900,0.0,0.0
2015-09-23,39.727620510034576,39.944659981667165,39.347796260007236,39.67335891723633,17145200,0.0,0.0
2015-09-24,39.29354604145955,39.90849708473828,39.130764680016306,39.70954132080078,27905600,0.0,0.0
2015-09-25,40.22500782183126,40.45109262531488,39.57388248386874,39.736663818359375,29384600,0.0,0.0
2015-09-28,39.637205128617886,39.87233189962354,39.07651210968293,39.148860931396484,27613800,0.0,0.0
2015-09-29,39.22120045210302,39.402069029622275,38.931812107984676,39.28450393676758,32763600,0.0,0.0
2015-09-30,39.68241550908907,40.06223641718962,39.48345972878049,40.02606201171875,34958900,0.0,0.0
2015-10-01,40.469189671431515,40.469189671431515,39.56485023743305,40.34258270263672,28657900,0.0,0.0
2015-10-02,40.035113630204776,41.21075439453125,39.7185927072596,41.21075439453125,41839000,0.0,0.0
2015-10-05,41.37352624291596,42.404472574381046,41.32830996430065,42.16934585571289,34369300,0.0,0.0
2015-10-06,41.89803791583645,42.66672487654486,41.79856004920305,42.27785873413086,27017200,0.0,0.0
2015-10-07,42.59437925303244,42.82046407592493,41.554391137595374,42.32307815551758,27711500,0.0,0.0
2015-10-08,42.10603869766511,42.974203590454756,42.05177709819802,42.9109001159668,33772700,0.0,0.0
2015-10-09,42.91091493465603,42.9923056370735,42.43161259829458,42.60343933105469,28600600,0.0,0.0
2015-10-12,42.48587245044504,42.56726314947925,42.05178987218979,42.50395965576172,19769100,0.0,0.0
2015-10-13,42.10604215396001,42.62151531697802,42.10604215396001,42.40447235107422,19987800,0.0,0.0
2015-10-14,42.18744001011268,42.59439003450163,42.07891678381289,42.214569091796875,24697800,0.0,0.0
2015-10-15,42.51299285888672,42.531080060512764,42.078910369204635,42.51299285888672,27189400,0.0,0.0
2015-10-16,42.52204357746354,42.99230053003822,42.413523803725205,42.96516799926758,26450300,0.0,0.0
2015-10-19,42.88377148032069,43.299770214399224,42.52203780041097,43.064640045166016,29387600,0.0,0.0
2015-10-20,42.90186461856682,43.23647271725726,42.52204368463464,43.20029830932617,30802200,0.0,0.0
2015-10-21,43.335940257904824,43.39924718658565,42.603427587839334,42.684818267822266,25144300,0.0,0.0
2015-10-22,42.98325128257903,44.26741504551302,42.58534318197837,43.435420989990234,56637100,0.0,0.0
2015-10-23,47.296950517633235,48.89763168949288,47.251734237027705,47.81242370605469,135227100,0.0,0.0
2015-10-26,47.50494107229137,49.12370920454931,47.47781199793661,49.06040573120117,64633300,0.0,0.0
2015-10-27,48.825278692364414,49.16892513103206,48.45449972975314,48.55397415161133,50999900,0.0,0.0
2015-10-28,48.418322758294366,48.81623077392578,47.80337181154922,48.81623077392578,47000800,0.0,0.0
2015-10-29,48.418327923078316,48.68058715329666,48.12893961724453,48.25554656982422,30202100,0.0,0.0
2015-10-30,48.21937842983217,48.82528764556564,47.58634013496089,47.604427337646484,46619800,0.0,0.0
2015-11-02,47.794338409148516,48.25555345914182,47.58634075024651,48.14703369140625,30285000,0.0,0.0
2015-11-03,47.86669065318175,49.18702551294837,47.83956157174783,48.96998596191406,36596900,0.0,0.0
2015-11-04,48.997104427172374,49.63014263846172,48.88858467516814,49.19606018066406,37087800,0.0,0.0
2015-11-05,49.27744875874027,49.46735917910594,48.83432099477314,49.17797088623047,31468500,0.0,0.0
2015-11-06,48.91571709619655,49.72057859068755,48.79815201111263,49.666316986083984,32851200,0.0,0.0
2015-11-09,49.331714802511264,49.62110314169999,48.43642070620276,48.97902297973633,32513100,0.0,0.0
2015-11-10,48.897624628979834,48.95188622774008,48.17415389441275,48.39119338989258,55283700,0.0,0.0
2015-11-11,48.56302328391325,49.01519295424805,48.345980324249,48.51780700683594,36516300,0.0,0.0
2015-11-12,48.364069773594636,48.816239464951856,48.10181052466001,48.21937561035156,35361100,0.0,0.0
2015-11-13,47.993291225147814,48.1922469951838,47.504947125849135,47.78529357910156,36848200,0.0,0.0
2015-11-16,48.00233083610085,48.7348434480598,47.79432976503683,48.62632369995117,32165200,0.0,0.0
2015-11-17,48.40783038803773,48.73558756474696,48.116491447192665,48.225746154785156,31551300,0.36,0.0
2015-11-18,48.25305576032054,49.14528165761523,48.234846643269556,49.02692413330078,29710000,0.0,0.0
2015-11-19,49.15439599655528,49.7643858889327,48.96320197274883,49.10887145996094,28149200,0.0,0.0
2015-11-20,49.39109127024213,49.436612318741666,48.49886552212434,49.336463928222656,37147600,0.0,0.0
2015-11-23,49.39109127024213,49.582281757760214,48.93587383917999,49.336463928222656,28235900,0.0,0.0
2015-11-24,49.09064901833775,49.564075591563295,48.78110448091746,49.39109420776367,24600000,0.0,0.0
2015-11-25,49.24541997979538,49.372880300015446,48.88124465942383,48.88124465942383,21005100,0.0,0.0
2015-11-27,48.981400629792745,49.23632478273512,48.97229780823906,49.09975814819336,9009100,0.0,0.0
2015-11-30,49.6551282837255,50.03750933630762,49.16349252494784,49.48214340209961,56241400,0.0,0.0
2015-12-01,49.536765946362074,50.28332233438837,49.436617545255224,50.27421951293945,39952800,0.0,0.0
2015-12-02,50.365254588297454,50.94793232462822,50.12854306030056,50.265106201171875,47274900,0.0,0.0
2015-12-03,50.52003921269815,50.774959898978736,49.09975937549086,49.345577239990234,38627800,0.0,0.0
2015-12-04,49.272736889209106,51.193755125753675,49.254527774048306,50.90241622924805,43963700,0.0,0.0
2015-12-07,50.79317317561351,50.95705176536833,50.33795564252438,50.81138229370117,30709800,0.0,0.0
2015-12-08,50.50182820569016,51.07539972835124,50.06481984283868,50.79316711425781,32878000,0.0,0.0
2015-12-09,50.410782732062906,50.86600021178579,49.62780811125414,50.05571365356445,36373200,0.0,0.0
2015-12-10,50.428995340357396,50.67481321319535,50.083029059359475,50.31974411010742,31775800,0.0,0.0
2015-12-11,49.80990514046674,50.164974285564604,49.17259985471023,49.21812438964844,39549500,0.0,0.0
2015-12-14,49.46393912719026,50.26511948993931,48.872154941196044,50.20138931274414,46768900,0.0,0.0
2015-12-15,50.67481122326487,50.893317148218394,50.15586355866334,50.256011962890625,39843000,0.0,0.0
2015-12-16,50.565561555617094,51.211969582598186,49.85541988240864,51.102718353271484,37503300,0.0,0.0
2015-12-17,51.312114345158356,51.70360165155807,50.55645166949212,50.71122741699219,41280900,0.0,0.0
2015-12-18,50.77494607265684,50.98434564694283,49.19078809049234,49.28183364868164,84684200,0.0,0.0
2015-12-21,49.96467617843484,50.392578287376864,49.37289201072467,49.91915512084961,37246300,0.0,0.0
2015-12-22,50.06480926807623,50.51092035813995,49.618694704979504,50.39256286621094,28322200,0.0,0.0
2015-12-23,50.711225314944556,50.875103877018134,50.47451029282335,50.82047653198242,27279800,0.0,0.0
2015-12-24,50.856891399836,50.94793349584313,50.46540413554534,50.68390655517578,9558500,0.0,0.0
2015-12-28,50.39257964855715,50.93884277343749,50.05571964568648,50.9388427734375,22458300,0.0,0.0
2015-12-29,51.248392012086214,51.758233439370805,51.038992358303716,51.485103607177734,27731400,0.0,0.0
2015-12-30,51.41226338802625,51.69449600335376,51.24838481711116,51.26659393310547,21704500,0.0,0.0
2015-12-31,51.02077391480168,51.15733706942175,50.45630176199782,50.510929107666016,27334100,0.0,0.0
2016-01-04,49.45482590248069,49.8918342590332,48.608121126337174,49.8918342590332,53778000,0.0,0.0
2016-01-05,50.01019457378575,50.42899383813007,49.655125481274965,50.11944580078125,34079700,0.0,0.0
2016-01-06,49.45482894475726,49.52766541184682,48.83573286663163,49.20901107788086,39518900,0.0,0.0
2016-01-07,47.979931350032864,48.6991759258341,47.40635625399845,47.497398376464844,56564900,0.0,0.0
2016-01-08,47.67947735004023,48.50797301546232,47.47918402274101,47.643062591552734,48754000,0.0,0.0
2016-01-11,47.80693604379651,48.116484055017544,46.850980073948314,47.615745544433594,36943800,0.0,0.0
2016-01-12,48.03454433351849,48.34409234190462,47.397242674811956,48.05275344848633,36095500,0.0,0.0
2016-01-13,48.98140943735918,49.22722733991571,46.70532160594812,47.014869689941406,66883600,0.0,0.0
2016-01-14,47.342619426383315,48.635435443662914,46.951132103283975,48.35320281982422,52381900,0.0,0.0
2016-01-15,46.71442703288695,47.31531407027648,45.83130385936206,46.42308807373047,71820700,0.0,0.0
2016-01-19,46.86919182790229,47.05127951646657,45.5763758378601,46.031593322753906,43564500,0.0,0.0
2016-01-20,45.503536161292615,46.77814641823871,44.70235247198268,46.240989685058594,63273000,0.0,0.0
2016-01-21,46.43217822616425,46.9602321161845,45.79487312453178,45.9587516784668,40191200,0.0,0.0
2016-01-22,46.805456209459955,47.64305809014088,46.66888959067536,47.60663986206055,37555800,0.0,0.0
2016-01-25,47.28797990794713,47.934391223277174,47.02395646859409,47.15141677856445,34707700,0.0,0.0
2016-01-26,47.1514355326651,47.7432162747653,46.932929576497685,47.497398376464844,28900800,0.0,0.0
2016-01-27,47.35172161347752,47.52470648180475,46.45039293137788,46.63248062133789,36775200,0.0,0.0
2016-01-28,47.21515581994182,47.53380665484117,46.65978995937413,47.39724349975586,62513800,0.0,0.0
2016-01-29,49.828103767333566,50.155860900878906,49.163486678992705,50.155860900878906,83611700,0.0,0.0
2016-02-01,49.96466265390873,50.15585312783534,49.618696458446436,49.80988693237305,44208500,0.0,0.0
2016-02-02,49.31825896918352,49.40019825259926,47.93440091843664,48.2530517578125,56313800,0.0,0.0
2016-02-03,48.48066315616029,48.608123498913606,46.668896000217714,47.48828887939453,57559800,0.0,0.0
2016-02-04,47.43366296202965,48.0800744631359,46.76904581686652,47.342620849609375,46987100,0.0,0.0
2016-02-05,47.28800052138199,47.342627880767594,45.121167361270146,45.66742706298828,62009000,0.0,0.0
2016-02-08,45.11204130334979,45.13025041516842,43.87384948394664,44.984580993652344,59290500,0.0,0.0
2016-02-09,44.62952605821845,45.74025791790788,44.31087171053615,44.86623764038086,46740500,0.0,0.0
2016-02-10,45.42159951761572,45.876816996802944,45.084739555466626,45.257720947265625,38237000,0.0,0.0
2016-02-11,44.31996063692625,45.62188251118401,44.16518493487192,45.239498138427734,48878600,0.0,0.0
2016-02-12,45.749354315276186,46.140841605169996,45.29413685940279,45.97696304321289,34243300,0.0,0.0
2016-02-16,46.67386393583684,46.848087310791016,45.9677952615968,46.848087310791016,37291200,0.36,0.0
2016-02-17,47.214884455113385,48.388607362418355,47.17820473976756,48.067665100097656,40789000,0.0,0.0
2016-02-18,47.98513328608455,48.55365479081848,47.77422670568088,47.856754302978516,27176000,0.0,0.0
2016-02-19,47.655018462162495,47.939277439091775,47.25154869160073,47.51747131347656,33559100,0.0,0.0
2016-02-22,47.93927480838206,48.59949548909344,47.93927480838206,48.27855682373047,25008300,0.0,0.0
2016-02-23,47.99430546327737,48.02181349867863,46.7472232215279,46.93061828613281,28895300,0.0,0.0
2016-02-24,46.48129214739531,47.224040450645276,46.03197799323255,47.095664978027344,33014500,0.0,0.0
2016-02-25,47.43495614687535,47.774234771728516,46.407948594417824,47.774234771728516,26939500,0.0,0.0
2016-02-26,48.23270806134344,48.306067473388524,46.85725056722183,47.040645599365234,35975900,0.0,0.0
2016-02-29,47.08649956606994,47.36159389880946,46.45379029630248,46.65552520751953,31654000,0.0,0.0
2016-03-01,46.738053216592164,48.22354653571922,46.692201828754655,48.214378356933594,33024500,0.0,0.0
2016-03-02,48.05848436841215,48.562818079800586,47.82924145432929,48.55364990234375,29289900,0.0,0.0
2016-03-03,48.57199253784782,48.57199253784782,47.48079396559984,48.00346755981445,24427800,0.0,0.0
2016-03-04,48.04931928467092,48.09516717084561,47.41660656236389,47.71003723144531,33034200,0.0,0.0
2016-03-07,47.27906149067152,47.499132736919925,46.380429656223534,46.79306411743164,38407800,0.0,0.0
2016-03-08,46.58216326842379,47.801737350548855,46.3987682224991,47.36159133911133,33835100,0.0,0.0
2016-03-09,47.581665410445886,48.46195748539289,47.554157376219344,48.452789306640625,28251600,0.0,0.0
2016-03-10,48.53531052612921,48.544478703676084,46.91227025872626,47.72837448120117,38387800,0.0,0.0
2016-03-11,48.59950853875458,48.6636962890625,48.030986965468685,48.6636962890625,32275700,0.0,0.0
2016-03-14,48.33358018632449,49.140516307147315,48.26022426514222,48.75538635253906,24083600,0.0,0.0
2016-03-15,48.37026174774066,49.140518188476555,48.36109356898049,49.14051818847656,21104800,0.0,0.0
2016-03-16,49.012145053638335,50.0666605602287,48.96629716169439,49.83741760253906,31691700,0.0,0.0
2016-03-17,49.70903561443518,50.433444105647155,49.516472394635386,50.121673583984375,28223900,0.0,0.0
2016-03-18,50.36007904792532,50.40593042671478,49.012133162367,49.04881286621094,67625500,0.0,0.0
2016-03-21,48.828746335808376,49.452287413924815,48.53531565175001,49.388099670410156,23925700,0.0,0.0
2016-03-22,49.15885182994036,49.745713139561474,49.02130468013633,49.580657958984375,23124100,0.0,0.0
2016-03-23,49.617347209131324,49.73655452869283,49.27806860511626,49.48897171020508,20129000,0.0,0.0
2016-03-24,49.36976678965472,49.81908455570012,49.26889932189125,49.70904541015625,19950000,0.0,0.0
2016-03-28,49.709038748123774,49.782398168654694,48.90210611010191,49.094669342041016,17025100,0.0,0.0
2016-03-29,49.204699073532616,50.305065763736636,49.01213586468846,50.167518615722656,23924300,0.0,0.0
2016-03-30,50.36926580612344,51.020315003451365,50.341757768987655,50.47930145263672,23008300,0.0,0.0
2016-03-31,50.38760097526335,50.97446236602363,50.30507337356457,50.644351959228516,26360500,0.0,0.0
2016-04-01,50.479297589689,50.99280306407165,50.03915153934809,50.95612335205078,24399200,0.0,0.0
2016-04-04,50.82775115966797,51.03865427053326,50.433452974755,50.82775115966797,18928800,0.0,0.0
2016-04-05,50.6076693870767,50.70853683878116,49.93828043245667,50.02997970581055,19272300,0.0,0.0
2016-04-06,49.846586717680445,50.61684315584656,49.70903955094838,50.54348373413086,21188700,0.0,0.0
2016-04-07,50.31424414408096,50.350923857385276,49.7273827230919,49.93828582763672,19225100,0.0,0.0
2016-04-08,50.13083898438721,50.690192256787405,49.809900302503145,49.90159606933594,22167200,0.0,0.0
2016-04-11,49.96579066340566,50.570991859916276,49.791563797551255,49.80073547363281,21414200,0.0,0.0
2016-04-12,49.85576378672702,50.23172214513678,49.296410339294596,50.112518310546875,24944300,0.0,0.0
2016-04-13,50.54347621336487,50.83690686062629,50.3325731542688,50.75437927246094,20818000,0.0,0.0
2016-04-14,50.635178141697885,50.96528851173238,50.49763098819371,50.763553619384766,20877100,0.0,0.0
2016-04-15,50.70853397411824,51.277055444916485,50.534310611542644,51.029476165771484,28793800,0.0,0.0
2016-04-18,50.882760453748794,51.89142791032075,50.62600600275441,51.772220611572266,23786000,0.0,0.0
2016-04-19,51.92810926636922,52.05648474695847,51.056985436409946,51.70803451538086,29596800,0.0,0.0
2016-04-20,51.61633767474128,51.80890089164003,50.88276101657743,50.974456787109375,36195700,0.0,0.0
2016-04-21,51.16702149485964,51.56131961598062,50.8185712603405,51.148681640625,38909100,0.0,0.0
2016-04-22,47.60001177124899,48.07683758483719,46.55466435213919,47.480804443359375,126834100,0.0,0.0
2016-04-25,47.480791532420014,47.80173371285705,47.34324788192068,47.78339385986328,33226900,0.0,0.0
2016-04-26,47.92094584958681,48.00347345343561,46.8480904975222,47.169029235839844,33532600,0.0,0.0
2016-04-27,47.20570251237103,47.224042366055926,46.35291855485519,46.71053695678711,43369300,0.0,0.0
2016-04-28,46.41710659028845,46.554653744819134,45.44511882456568,45.75688934326172,43134800,0.0,0.0
2016-04-29,45.25255204233549,46.077827972371715,45.25255204233549,45.72937774658203,48411700,0.0,0.0
2016-05-02,45.848597900914044,46.53632686942776,45.64686295079949,46.40795135498047,33114500,0.0,0.0
2016-05-03,46.16035214498745,46.224539879459705,45.481791597463236,45.646846771240234,26460200,0.0,0.0
2016-05-04,45.70186971490398,45.90360460846159,45.353419489114295,45.72937774658203,24257600,0.0,0.0
2016-05-05,45.729376105848004,46.123674202943825,45.601000631997145,45.79356384277344,25390700,0.0,0.0
2016-05-06,45.77522564180805,46.20620346069336,45.53681453861859,46.20620346069336,24787300,0.0,0.0
2016-05-09,46.297910761958434,46.3896065487931,45.848593011340476,45.91278076171875,17951600,0.0,0.0
2016-05-10,46.151195700941976,46.8572609596422,46.02281670139005,46.783905029296875,22891000,0.0,0.0
2016-05-11,46.884776059870994,47.48080571939675,46.76556872877771,46.81141662597656,24039100,0.0,0.0
2016-05-12,46.94895252428341,47.50830583030738,46.692198065372885,47.233211517333984,24102800,0.0,0.0
2016-05-13,47.16902365694656,47.59083330337885,46.80223707053217,46.83891677856445,22592300,0.0,0.0
2016-05-16,46.58216615436062,47.645853289059694,46.536318264531396,47.526649475097656,20032000,0.0,0.0
2016-05-17,47.75748901866822,47.76672132183057,46.501684442464,46.64019012451172,27803500,0.36,0.0
2016-05-18,46.612486987343125,47.22192111131543,46.44627736058384,46.917205810546875,24907500,0.0,0.0
2016-05-19,46.603253761571885,46.74175943283756,46.00305195211527,46.464744567871094,23842400,0.0,0.0
2016-05-20,46.612494491107384,47.295801235832755,46.53862549089791,46.74176788330078,23905800,0.0,0.0
2016-05-23,46.7233013061325,46.7971738312339,46.15080332634011,46.19697189331055,26118700,0.0,0.0
2016-05-24,46.81564250862973,47.748260253081085,46.538627581139735,47.637454986572266,34757900,0.0,0.0
2016-05-25,47.94216852802333,48.46850144941755,47.82213096154914,48.12684631347656,24040200,0.0,0.0
2016-05-26,47.951403118535815,47.997571683100034,47.42507373314518,47.914466857910156,24335200,0.0,0.0
2016-05-27,47.94216408611756,48.31151962280273,47.80365840168721,48.311519622802734,17721400,0.0,0.0
2016-05-31,48.25611967314611,48.93942642211914,48.08991354103266,48.93942642211914,37653100,0.0,0.0
2016-06-01,48.422323123394236,48.893251591756076,48.422323123394236,48.80091094970703,25324800,0.0,0.0
2016-06-02,48.60701584229803,48.699356512761945,47.868308090768785,48.45927429199219,22840800,0.0,0.0
2016-06-03,48.36692193712334,48.403854671260625,47.646679023699015,47.82212448120117,23368300,0.0,0.0
2016-06-06,48.00681971702169,48.33923557987478,47.914479041976456,48.13609313964844,18243300,0.0,0.0
2016-06-07,48.23766393260669,48.690120891273914,48.1083869934082,48.1083869934082,20866800,0.0,0.0
2016-06-08,48.034506571142636,48.42232672932298,47.89599735897218,48.052974700927734,21149400,0.0,0.0
2016-06-09,48.01604094274311,48.01604094274311,47.54511593721487,47.66515350341797,20305700,0.0,0.0
2016-06-10,47.13881746405365,48.062202736698914,47.12958516119872,47.53587341308594,25833200,0.0,0.0
2016-06-13,45.78144846836176,46.83410722962997,45.30128765187464,46.29854202270508,83217800,0.0,0.0
2016-06-14,46.07693146352067,46.26160571993907,45.772212600046146,46.01229476928711,42577100,0.0,0.0
2016-06-15,45.96611567595236,46.28006679541675,45.88301086425781,45.88301086425781,33757600,0.0,0.0
2016-06-16,45.72604788755001,46.60326476916997,45.716812060489744,46.52939224243164,31188600,0.0,0.0
2016-06-17,46.54786107261153,46.56632920457324,46.003063508266955,46.28931427001953,45710500,0.0,0.0
2016-06-20,46.76024289439863,46.93568840027873,46.19697715487334,46.23391342163086,35607900,0.0,0.0
2016-06-21,46.35395109970967,47.4897148002469,46.317014835683416,47.26810073852539,34097800,0.0,0.0
2016-06-22,47.16653608517562,47.51742006174412,47.046494976119895,47.083431243896484,28816800,0.0,0.0
2016-06-23,47.35120381377575,48.07144684580955,47.23116624380002,47.93293762207031,29028800,0.0,0.0
2016-06-24,45.99382663915814,47.03724957317756,45.72604403594154,46.01229476928711,133503000,0.0,0.0
2016-06-27,45.33821368922427,45.384385768983165,44.35942759319395,44.719547271728516,50216300,0.0,0.0
2016-06-28,45.17201504112301,45.67987986239439,44.94116867597638,45.65217590332031,38140700,0.0,0.0
2016-06-29,46.08615874886418,46.834102086680545,45.98458580543335,46.66789245605469,31304000,0.0,0.0
2016-06-30,46.83410935574342,47.36967106454539,46.63096343735174,47.249629974365234,28527800,0.0,0.0
2016-07-01,47.21269797129176,47.75749551530196,47.15729357747456,47.24039840698242,21400400,0.0,0.0
2016-07-05,46.935682314939264,47.351202933561076,46.85257748672774,47.249629974365234,24806400,0.0,0.0
2016-07-06,46.889501590885295,47.59127634930423,46.529381909101836,47.44353485107422,28167500,0.0,0.0
2016-07-07,47.48046758380534,47.65591303462766,47.15728415718818,47.44353485107422,19585200,0.0,0.0
2016-07-08,47.76672708341249,48.348460881000264,47.600517426958845,48.29305648803711,28391000,0.0,0.0
2016-07-11,48.47774339222842,48.782462327177655,48.45004295175539,48.560848236083984,22269200,0.0,0.0
2016-07-12,48.884024434136364,49.308784418007065,48.74551873015683,49.133338928222656,27317600,0.0,0.0
2016-07-13,49.45652288713111,49.73353780037578,49.10563545172213,49.41035079956055,25356800,0.0,0.0
2016-07-14,49.71507502473694,49.85358425749622,49.4749963467151,49.622737884521484,24545500,0.0,0.0
2016-07-15,49.81665036958597,49.86281894189677,49.13334352310283,49.5858039855957,32024400,0.0,0.0
2016-07-18,49.58580327198498,50.176769442905396,49.447294034609655,49.82588195800781,31433900,0.0,0.0
2016-07-19,49.59503140637534,49.7704768952872,48.87479188644308,49.02253341674805,53336500,0.0,0.0
2016-07-20,51.84809415926877,52.485228848408276,51.27559264706534,51.62648010253906,89893300,0.0,0.0
2016-07-21,51.69111581721935,51.92196217413213,51.48796989595662,51.524906158447266,32776700,0.0,0.0
2016-07-22,51.783455444999106,52.29131671563367,51.506437004256796,52.23591232299805,32157200,0.0,0.0
2016-07-25,52.14356549211015,52.392879928943174,51.94965191517215,52.383644104003906,25610600,0.0,0.0
2016-07-26,52.189747338758835,52.90075457541739,52.18051151146782,52.41135787963867,28079000,0.0,0.0
2016-07-27,52.27284872906247,52.448290689239236,51.81115602313178,51.88502502441406,32327500,0.0,0.0
2016-07-28,51.709585687630245,52.05123732107001,51.451038886371606,51.90349578857422,37550400,0.0,0.0
2016-07-29,51.94965498334936,52.411347629396474,51.75574491739406,52.33747863769531,30558700,0.0,0.0
2016-08-01,52.26360468127281,52.40211388023873,51.83884830401569,52.245140075683594,26003400,0.0,0.0
2016-08-02,52.494450997925846,52.54062307920466,51.995825631006085,52.245140075683594,35122000,0.0,0.0
2016-08-03,52.33748396370281,52.73453996150367,52.16204200842817,52.60526657104492,22075600,0.0,0.0
2016-08-04,52.448297790292614,53.11313650402577,52.328256684216065,52.99309539794922,26587700,0.0,0.0
2016-08-05,53.23316959013373,53.75026315852331,53.04849180609355,53.51941680908203,29335200,0.0,0.0
2016-08-08,53.61175155639648,53.639451988098486,53.353201278248086,53.611751556396484,19473500,0.0,0.0
2016-08-09,53.71332387640005,54.018042731294365,53.57481818798627,53.74102783203125,16920700,0.0,0.0
2016-08-10,53.70409486491962,53.85183638841234,53.39014368719314,53.57482147216797,15756900,0.0,0.0
2016-08-11,53.584051921323194,53.971875608588064,53.584051921323194,53.83336639404297,18162300,0.0,0.0
2016-08-12,53.58406232939573,53.73180387647091,53.2054743948633,53.50095748901367,21655200,0.0,0.0
2016-08-15,53.56558326613646,54.018043643104214,53.51941470255255,53.66715621948242,19283900,0.0,0.0
2016-08-16,53.52777916735409,53.5370690118499,53.21187128865636,53.36982345581055,20523500,0.36,0.0
2016-08-17,53.462743822044146,53.59282292153886,53.174708998598966,53.481327056884766,18856400,0.0,0.0
2016-08-18,53.35125567725113,53.611417475559136,53.21188670310543,53.51850128173828,14214300,0.0,0.0
2016-08-19,53.36053962230299,53.639281065638606,53.14683773093268,53.53707504272461,17271000,0.0,0.0
2016-08-22,53.518490875192775,53.657863366628206,53.2025829664102,53.58353042602539,15221900,0.0,0.0
2016-08-23,53.79723818387315,54.057396398451004,53.75077832179295,53.78794479370117,18732400,0.0,0.0
2016-08-24,53.7043202865375,53.92731556646517,53.6299908894881,53.843692779541016,18151500,0.0,0.0
2016-08-25,53.77865147486339,54.159598926346234,53.685735301093416,54.048099517822266,18552600,0.0,0.0
2016-08-26,54.15031111221611,54.54055199345087,53.602118035893696,53.918025970458984,20971200,0.0,0.0
2016-08-29,54.057399506928725,54.44763685123543,53.9830665588379,53.98306655883789,16417200,0.0,0.0
2016-08-30,53.87156758329974,54.06668624423313,53.527786579123315,53.78794479370117,16930200,0.0,0.0
2016-08-31,53.56496292157813,53.70433190033105,53.23976154904031,53.388423919677734,20860300,0.0,0.0
2016-09-01,52.970305415959196,53.72291059739744,52.970305415959196,53.50920867919922,26075400,0.0,0.0
2016-09-02,53.58353042602539,54.06668390677461,53.351245303226136,53.58353042602539,18900500,0.0,0.0
2016-09-06,53.685742268905045,53.70432550607094,53.1561324150424,53.52779006958008,16278400,0.0,0.0
2016-09-07,53.3977062173517,53.741487213451606,53.3419565107991,53.574241638183594,17493400,0.0,0.0
2016-09-08,53.54637111703288,53.69503346389058,53.128257158873765,53.36054229736328,20146100,0.0,0.0
2016-09-09,52.76589296930295,53.44416514912873,52.22698974609375,52.22698974609375,35113900,0.0,0.0
2016-09-12,52.03187602534617,53.15613535309731,51.66951174155781,53.00747299194336,29303000,0.0,0.0
2016-09-13,52.49644561036507,52.63581812266195,52.07833161786465,52.52431869506836,30130200,0.0,0.0
2016-09-14,52.394238215324286,52.61723352033887,52.059747029997474,52.2734489440918,24062500,0.0,0.0
2016-09-15,52.17124306539306,53.28620888486181,52.01328732952138,53.13754653930664,26847000,0.0,0.0
2016-09-16,53.5463650735328,53.5463650735328,52.728720485903814,53.19329071044922,44607000,0.0,0.0
2016-09-19,53.211888817725125,53.65787593261742,52.821647876950294,52.89598083496094,20937100,0.0,0.0
2016-09-20,53.286198896753696,53.286198896753696,52.728716091515395,52.78446578979492,17384000,0.0,0.0
2016-09-21,53.434867285479775,53.750775189510684,53.035340141112975,53.667152404785156,33707300,0.0,0.0
2016-09-22,53.81581683891343,53.89014978129817,53.54636878374316,53.722904205322266,19822200,0.0,0.0
2016-09-23,53.769362865124464,53.80652933793637,53.31408597854337,53.36054229736328,19955300,0.0,0.0
2016-09-26,53.035348623543925,53.09109479268385,52.80306346708704,52.86810302734375,21688700,0.0,0.0
2016-09-27,52.89596904253044,53.94589880182495,52.663683917117744,53.843692779541016,28065100,0.0,0.0
2016-09-28,53.7786570120387,53.94590259765503,53.58353479922633,53.918025970458984,20536400,0.0,0.0
2016-09-29,53.713619625232056,54.048107265583695,53.15613313586574,53.332672119140625,25463500,0.0,0.0
2016-09-30,53.49062819578722,53.67645703903854,53.27692626658483,53.51850128173828,29910800,0.0,0.0
2016-10-03,53.34195603464599,53.4720351377178,53.016758276966456,53.35124588012695,19189500,0.0,0.0
2016-10-04,53.21187881912602,53.518493352330246,52.93313736774312,53.18400573730469,20085900,0.0,0.0
2016-10-05,53.230466267550284,53.852988773422645,53.202589639133066,53.5556640625,16726400,0.0,0.0
2016-10-06,53.648578643798835,53.76007452095937,53.22117128330171,53.64857864379883,16212600,0.0,0.0
2016-10-07,53.75077149733891,53.871560743509725,53.35124083602647,53.704315185546875,20089000,0.0,0.0
2016-10-10,53.80653311477304,54.252520186651246,53.769366639352306,53.92732238769531,18196500,0.0,0.0
2016-10-11,53.78794563025668,53.90873489364209,52.85880508443946,53.13754653930664,26497400,0.0,0.0
2016-10-12,53.0632209777832,53.2118833340939,52.40353199317886,53.0632209777832,22177500,0.0,0.0
2016-10-13,52.68226828376251,53.239751178968326,52.32919389312426,52.88667678833008,25313700,0.0,0.0
2016-10-14,53.072504438631675,53.6485741013636,53.072504438631675,53.35124588012695,27402500,0.0,0.0
2016-10-17,53.2954996350949,53.388412267318074,52.840219230665994,53.16542053222656,23830000,0.0,0.0
2016-10-18,53.45345237951452,53.843693236603144,53.3419565107991,53.574241638183594,19149500,0.0,0.0
2016-10-19,53.3977069010882,53.7414879015901,53.33266734813892,53.453453063964844,22878400,0.0,0.0
2016-10-20,53.425575822721925,53.44415905703048,52.64509770371006,53.19329071044922,49455600,0.0,0.0
2016-10-21,56.008584080512115,56.16653979696063,55.27456583331204,55.432518005371094,80032200,0.0,0.0
2016-10-24,55.692683888174166,56.677574157714844,55.68339404210612,56.677574157714844,54067000,0.0,0.0
2016-10-25,56.53819890582097,57.02135239882663,56.49174258896057,56.66828155517578,35137200,0.0,0.0
2016-10-26,56.50102774788983,56.863391928757366,56.18511987711493,56.33378219604492,29911600,0.0,0.0
2016-10-27,56.31520656837664,56.51961861365676,55.832053080508,55.84134292602539,28479900,0.0,0.0
2016-10-28,55.7577188711324,56.23158250271013,55.358191723952466,55.62763977050781,33574700,0.0,0.0
2016-10-31,55.89709808566338,56.138673080971074,55.67410278320313,55.674102783203125,26434700,0.0,0.0
2016-11-01,55.72056638112586,55.767022705136675,55.05158397332111,55.5626106262207,24533000,0.0,0.0
2016-11-02,55.58118288238181,55.68338890164485,55.09802941047724,55.21881866455078,22147000,0.0,0.0
2016-11-03,55.311728952476166,55.41393496741209,54.92149167114569,55.014404296875,21600400,0.0,0.0
2016-11-04,54.49409666784383,55.07945268378675,54.37330739949797,54.549842834472656,28697000,0.0,0.0
2016-11-07,55.544022473733705,56.231588059191616,55.544022473733705,56.138671875,31664800,0.0,0.0
2016-11-08,56.25946047507987,56.4731623796013,55.88780637589084,56.18513107299805,22935400,0.0,0.0
2016-11-09,55.74843132695171,56.29662437677566,55.00511961813698,55.9063835144043,49632500,0.0,0.0
2016-11-10,56.19442711436956,56.20372050589809,53.54637763119755,54.540557861328125,57822400,0.0,0.0
2016-11-11,54.10384972170584,54.93078418175203,53.899437681913874,54.83787155151367,38767800,0.0,0.0
2016-11-14,54.83787199092593,54.89362169614946,53.221165983340555,54.001644134521484,41328400,0.0,0.0
2016-11-15,54.562904755791216,55.64798891838733,54.5535485824779,55.06802749633789,35904100,0.39,0.0
2016-11-16,55.133504086352524,55.807005802822296,55.01190238513894,55.79765319824219,27332500,0.0,0.0
2016-11-17,56.50857113863501,57.01369744598613,56.09698872246072,56.723716735839844,32132700,0.0,0.0
2016-11-18,56.85467580351795,57.19142668212407,56.405675821488025,56.45244598388672,27686300,0.0,0.0
2016-11-21,56.59275355451306,57.03240088101839,56.517918448582684,56.92950439453125,19652600,0.0,0.0
2016-11-22,57.04174874783591,57.303664460171895,56.88272951344162,57.172706604003906,23206700,0.0,0.0
2016-11-23,57.069823513436035,57.15401123619754,56.35890774104371,56.49922180175781,21848900,0.0,0.0
2016-11-25,56.4056658985492,56.62081146240235,56.2466466607015,56.620811462402344,8409600,0.0,0.0
2016-11-28,56.443085071576455,57.079169177918445,56.321479812569684,56.695648193359375,20732600,0.0,0.0
2016-11-29,56.733067131357025,57.44398279022744,56.61146186937887,57.144649505615234,22366700,0.0,0.0
2016-11-30,56.929508242646975,57.22884154993322,56.33084162807447,56.368255615234375,34655400,0.0,0.0
2016-12-01,56.227942521165225,56.26536007492047,55.13350226799752,55.376712799072266,34542100,0.0,0.0
2016-12-02,55.26446174224151,55.62927395755519,55.00254244359681,55.42348098754883,25515700,0.0,0.0
2016-12-05,55.84442355289622,56.67694452847718,55.7134656783106,56.330841064453125,23552700,0.0,0.0
2016-12-06,56.527277541669264,56.55533892367592,55.93796354118848,56.078277587890625,19907000,0.0,0.0
2016-12-07,56.13439834547127,57.41592279243047,55.937961541777135,57.40656661987305,30809000,0.0,0.0
2016-12-08,57.341088504045054,57.60300781437799,56.910797336951866,57.06981658935547,21220800,0.0,0.0
2016-12-09,57.22883858859685,57.98652799064629,57.18206843081624,57.96781921386719,27349400,0.0,0.0
2016-12-12,57.827504925764536,58.276504861546805,57.73396461060192,58.15489959716797,20198100,0.0,0.0
2016-12-13,58.4635938688402,59.32417625778892,58.22038688841304,58.912593841552734,35718900,0.0,0.0
2016-12-14,58.93129509945295,59.35223363525873,58.49164778779646,58.631961822509766,30352700,0.0,0.0
2016-12-15,58.65066689584618,59.07160540507884,58.27649853912072,58.53841781616211,27669900,0.0,0.0
2016-12-16,58.88451955756732,58.88451955756732,58.108121488286756,58.27649688720703,42453100,0.0,0.0
2016-12-19,58.51971320719636,59.65156739277732,58.38875177518627,59.511253356933594,34338200,0.0,0.0
2016-12-20,59.57673090492426,59.679627386375024,58.95935558455374,59.43642044067383,26028400,0.0,0.0
2016-12-21,59.33352395922306,59.58608707687473,59.04354329043763,59.43642044067383,17096300,0.0,0.0
2016-12-22,59.71705747262175,59.960264469374145,59.31482763433773,59.44578552246094,22176600,0.0,0.0
2016-12-23,59.35223666969699,59.43642438116232,58.74421391263246,59.155799865722656,12403800,0.0,0.0
2016-12-27,59.12772404978779,59.93218346298223,59.12772404978779,59.19320297241211,11763200,0.0,0.0
2016-12-28,59.305472335317184,59.305472335317184,58.77228463312544,58.92195129394531,14653300,0.0,0.0
2016-12-29,58.80033955741757,59.11838162276317,58.678734293755774,58.8377571105957,10250600,0.0,0.0
2016-12-30,58.89388069325823,58.921945642700315,58.023942195574485,58.12683868408203,25579900,0.0,0.0
2017-01-03,58.73485459769271,58.78162475019992,58.11747930692944,58.53841781616211,20694100,0.0,0.0
2017-01-04,58.4448722861273,58.697435384507706,58.108121488286756,58.27649688720703,21340000,0.0,0.0
2017-01-05,58.17360041360755,58.613247685047575,58.02393378882662,58.27649688720703,24876000,0.0,0.0
2017-01-06,58.276501418988126,59.07160832423828,58.03329447293168,58.7816276550293,19922900,0.0,0.0
2017-01-09,58.706796364247516,59.006133224855375,58.5010069560184,58.594547271728516,20382700,0.0,0.0
2017-01-10,58.678728844460444,58.99677088027055,58.25779033113325,58.57583236694336,18593000,0.0,0.0
2017-01-11,58.566483812978284,59.14644160014191,58.39810839600591,59.10902404785156,21517300,0.0,0.0
2017-01-12,58.98742107725524,59.3054631281634,57.94910721786877,58.56648254394531,20968200,0.0,0.0
2017-01-13,58.57583780624196,58.80969216110213,58.323274674792856,58.650672912597656,19422300,0.0,0.0
2017-01-17,58.63196749066074,58.650676268320105,58.02394470590232,58.49165344238281,20664000,0.0,0.0
2017-01-18,58.62260796310287,58.65067291215319,58.10812909608125,58.46358871459961,19670100,0.0,0.0
2017-01-19,58.22037413312281,58.91258093460943,58.18295658484412,58.27649688720703,18451700,0.0,0.0
2017-01-20,58.62260877494145,58.762922817133344,58.341984258891976,58.68809127807617,30213500,0.0,0.0
2017-01-23,58.65067957952882,59.04355322755213,58.52907430204484,58.89388656616211,23097600,0.0,0.0
2017-01-24,59.11838368080349,59.62350996129004,58.8751731450132,59.41771697998047,24672900,0.0,0.0
2017-01-25,59.819938287536104,59.96024874444164,59.35222962784987,59.56737518310547,23672700,0.0,0.0
2017-01-26,59.978963430653806,60.371837007338975,59.445772254913315,60.11927032470703,43554600,0.0,0.0
2017-01-27,61.1669413361786,61.65336236577132,60.69923265054538,61.53175354003906,44818000,0.0,0.0
2017-01-30,61.44757520255683,61.541115521179556,60.61505423447751,60.923736572265625,31651400,0.0,0.0
2017-01-31,60.67116822702181,60.94244010747784,60.10991925975696,60.4747314453125,25270500,0.0,0.0
2017-02-01,60.203474806068186,60.44668537023275,59.37095374758489,59.47385025024414,39671500,0.0,0.0
2017-02-02,59.16515187894227,59.31481852357065,58.69744316843679,59.09031677246094,45827000,0.0,0.0
2017-02-03,59.39899978015171,59.586083957692985,58.99677004735484,59.56737518310547,30301800,0.0,0.0
2017-02-06,59.399002771949434,59.539316804256174,59.062251949080526,59.52996063232422,19796400,0.0,0.0
2017-02-07,59.623507293075185,59.660921277547196,59.146442415631135,59.333526611328125,20277200,0.0,0.0
2017-02-08,59.4644894662533,59.68899123358985,59.137094772569306,59.24934387207031,18096400,0.0,0.0
2017-02-09,59.41771740266274,60.278303320169336,59.230633197262655,59.9228401184082,22644400,0.0,0.0
2017-02-10,60.100576490163796,60.1473502214776,59.848013328075005,59.866722106933594,18170700,0.0,0.0
2017-02-13,60.09121105186384,60.67117240205884,59.9883145681733,60.54021453857422,22920100,0.0,0.0
2017-02-14,60.61551614593773,60.90725129497942,60.24848501077673,60.76608657836914,23108400,0.39,0.0
2017-02-15,60.70020019919424,60.76607609825955,60.38023359800116,60.728431701660156,17005200,0.0,0.0
2017-02-16,60.92606144177757,61.39660564514612,60.64373922771729,60.71902084350586,20546300,0.0,0.0
2017-02-17,60.671968547828435,60.87900913864973,60.51198524762452,60.813133239746094,21248800,0.0,0.0
2017-02-21,60.80372528243056,61.12369190881722,60.653147684176794,60.690792083740234,20655900,0.0,0.0
2017-02-22,60.540223237009954,60.59668624785333,60.27671961316053,60.56845474243164,19292700,0.0,0.0
2017-02-23,60.62491125721106,60.91665353515674,60.408464952213876,60.813133239746094,20273100,0.0,0.0
2017-02-24,60.72843155262171,60.982529434060375,60.3614076615965,60.813133239746094,21796800,0.0,0.0
2017-02-27,60.73784487178129,60.73784487178129,60.27671357622877,60.446109771728516,15871500,0.0,0.0
2017-02-28,60.304945495750594,60.41787150690812,60.003793909472236,60.21083450317383,23239800,0.0,0.0
2017-03-01,60.35200554427572,61.161342263859815,60.24848523037991,61.11429214477539,26937500,0.0,0.0
2017-03-02,60.87900744053685,60.93547044375518,60.1167245873851,60.23906707763672,24539600,0.0,0.0
2017-03-03,60.22024627712669,60.49315917560403,59.872040996021326,60.464927673339844,18135900,0.0,0.0
2017-03-06,60.201427172564266,60.7566658921175,60.05085316947226,60.48374938964844,18750300,0.0,0.0
2017-03-07,60.408474262576114,60.96371304177718,60.408474262576114,60.606101989746094,18521000,0.0,0.0
2017-03-08,60.474344459035976,61.246036683632795,60.46493156436403,61.16133499145508,21510900,0.0,0.0
2017-03-09,61.349560146903414,61.35896586212518,60.68138818945868,60.91666030883789,19846800,0.0,0.0
2017-03-10,61.274258390470244,61.41542306823877,60.93546603579929,61.104862213134766,19538200,0.0,0.0
2017-03-13,61.18016036188074,61.349556565141356,60.76607915836927,60.897830963134766,20100000,0.0,0.0
2017-03-14,60.72843504929181,60.74726083859652,60.370824031786164,60.615509033203125,14280200,0.0,0.0
2017-03-15,60.74726338910917,61.09546152658178,60.4649339771639,60.93547821044922,24833800,0.0,0.0
2017-03-16,60.93547143556549,60.94488432956651,60.51198454466659,60.83195114135742,20674300,0.0,0.0
2017-03-17,61.086045272666745,61.39659895630638,60.869591803527406,61.04840087890625,49219700,0.0,0.0
2017-03-20,61.08604360673472,61.340134282771054,60.90723453623233,61.104862213134766,14598100,0.0,0.0
2017-03-21,61.349550142770994,61.64128522564935,60.35199163691674,60.42728042602539,26640500,0.0,0.0
2017-03-22,60.34258793943587,61.30249490287475,60.34258793943587,61.198974609375,20680000,0.0,0.0
2017-03-23,61.114276773003624,61.39659895630638,60.954286304538044,61.04840087890625,19269200,0.0,0.0
2017-03-24,61.50955046949365,61.59424499574609,60.94489875466907,61.151939392089844,22617100,0.0,0.0
2017-03-27,60.82254172694718,61.37778762582222,60.55903811931894,61.264854431152344,18614700,0.0,0.0
2017-03-28,61.13310364521928,61.61306075563914,60.84136852904982,61.44366455078125,20080400,0.0,0.0
2017-03-29,61.2836804865917,61.64129150136506,61.123689998463625,61.613059997558594,13618400,0.0,0.0
2017-03-30,61.5660002859322,62.093014662709976,61.509537280537444,61.83891677856445,15122800,0.0,0.0
2017-03-31,61.78245576040327,62.29064436510565,61.59423376980899,61.98008346557617,21040300,0.0,0.0
2017-04-03,61.93302467474443,62.05537076065479,61.34955446785365,61.68834686279297,20400900,0.0,0.0
2017-04-04,61.53777611708062,61.93303156181812,61.43425580823002,61.857749938964844,12997400,0.0,0.0
2017-04-05,62.39416835745775,62.44121847293967,61.58483169984248,61.697757720947266,21448600,0.0,0.0
2017-04-06,61.73540383944937,62.168303685581215,61.62247781520175,61.857749938964844,18103500,0.0,0.0
2017-04-07,61.97067515237724,62.07419545987336,61.58483260802061,61.810691833496094,14108500,0.0,0.0
2017-04-10,61.74479102974593,61.94241866984012,61.50951900392917,61.66950225830078,17952700,0.0,0.0
2017-04-11,61.73538922383118,61.744802116935155,61.02957301964119,61.62246322631836,18791500,0.0,0.0
2017-04-12,61.56599366362313,61.65069534253894,61.274258593884454,61.38719177246094,17108500,0.0,0.0
2017-04-13,61.443657693994204,61.98007775286008,61.12368392944337,61.12368392944336,17896500,0.0,0.0
2017-04-17,61.20838208894811,61.63186893948862,61.180150589569905,61.62246322631836,16689300,0.0,0.0
2017-04-18,61.48131393413618,61.83892498230232,61.32133061100413,61.537776947021484,15155600,0.0,0.0
2017-04-19,61.782457620635235,61.876565028798495,61.06722839471143,61.20839309692383,26992800,0.0,0.0
2017-04-20,61.60365198534836,61.876568510332184,61.30250395432058,61.64129638671875,22299500,0.0,0.0
2017-04-21,61.80127590277788,62.77059584359908,61.59423529795491,62.48827362060547,32522600,0.0,0.0
2017-04-24,63.5046466665823,63.674042861179416,63.1470284891359,63.55169677734375,29770000,0.0,0.0
2017-04-25,63.89991307789085,64.03166489863393,63.617583644906674,63.918731689453125,30242700,0.0,0.0
2017-04-26,64.06930225968276,64.28574857856952,63.63640244197429,63.83403015136719,26190800,0.0,0.0
2017-04-27,64.1351742707815,64.35162057653326,63.59875418357195,64.24810028076172,34971000,0.0,0.0
2017-04-28,64.85040448439423,65.06685079360828,63.70227549833301,64.42691040039062,39548800,0.0,0.0
2017-05-01,64.63395563507184,65.4527051789727,64.46455942529701,65.32095336914062,31954400,0.0,0.0
2017-05-02,65.60327263182265,65.60327263182265,65.05743962724135,65.2174301147461,23906100,0.0,0.0
2017-05-03,65.29272878477859,65.29272878477859,64.66220110442343,65.01040649414062,28928000,0.0,0.0
2017-05-04,64.96332720546103,65.0103844946115,64.59630332587695,64.75628662109375,21749400,0.0,0.0
2017-05-05,64.84098934085341,64.96332824269,64.45513966747482,64.93509674072266,19128800,0.0,0.0
2017-05-08,64.90685546011642,64.98214424064282,64.38925406891401,64.87862396240234,18566100,0.0,0.0
2017-05-09,64.80336681262278,65.19862233341205,64.63397056372213,64.97276306152344,22858400,0.0,0.0
2017-05-10,64.9256891460808,65.46210926704666,64.859813242802,65.22683715820312,17977800,0.0,0.0
2017-05-11,64.33280299725692,64.68100828677971,64.1069437937491,64.42691040039062,28789400,0.0,0.0
2017-05-12,64.56809234090777,64.56809234090777,64.0316721018421,64.35163879394531,18714100,0.0,0.0
2017-05-15,64.12575753689588,64.4457312991942,63.589337481806254,64.39867401123047,31530300,0.0,0.0
2017-05-16,64.57852356065554,65.72376686331542,64.5122700545873,65.69537353515625,34956000,0.39,0.0
2017-05-17,65.20318912412314,65.40194961391958,63.82132532285532,63.86865234375,30548800,0.0,0.0
2017-05-18,63.79293453574535,64.48386285331212,63.546847015267545,64.08634185791016,25201300,0.0,0.0
2017-05-19,63.88758692257128,64.45547513988716,63.82133341756927,64.06742095947266,26961100,0.0,0.0
2017-05-22,64.25672268694024,64.83407782629234,63.887594938317264,64.78675079345703,16237600,0.0,0.0
2017-05-23,65.04228521923767,65.07067854177254,64.7204773813011,65.00442504882812,15425800,0.0,0.0
2017-05-24,65.18427655954828,65.19373618887438,64.78674827402841,65.0896224975586,14593900,0.0,0.0
2017-05-25,65.2789041466732,66.140199532233,65.22211750310126,65.89411926269531,21854100,0.0,0.0
2017-05-26,66.06447081504223,66.46199166835915,65.79944969174369,66.21590423583984,19827900,0.0,0.0
2017-05-30,66.05504655729406,66.6418685913086,66.0361128543077,66.6418685913086,17072800,0.0,0.0
2017-05-31,66.75540829209775,66.95416874676339,66.07393974976519,66.10233306884766,30436400,0.0,0.0
2017-06-01,66.48092615654089,66.83112726732317,65.73320414449533,66.34841918945312,21603600,0.0,0.0
2017-06-02,66.67023706027933,68.01424062739302,66.48093620647438,67.91959381103516,34770300,0.0,0.0
2017-06-05,68.1183587360667,68.98912105711435,67.96691804314206,68.4117660522461,33316800,0.0,0.0
2017-06-06,68.43070351243259,68.73357769384734,68.4023029651302,68.63892364501953,31511100,0.0,0.0
2017-06-07,68.75249742669762,68.87553756857804,68.0994221035175,68.51587677001953,22301800,0.0,0.0
2017-06-08,68.6294614832561,68.63892111091756,67.67351194989095,68.09942626953125,24588300,0.0,0.0
2017-06-09,68.184614920826,68.22247509554907,64.91924525658791,66.5566635131836,49187400,0.0,0.0
2017-06-12,65.54392806020945,66.1970034447712,64.48386481906563,66.04556274414062,47761700,0.0,0.0
2017-06-13,66.27271458145603,67.02990361966329,66.21592793097193,66.86900329589844,25258600,0.0,0.0
2017-06-14,67.11510166947555,67.29492849878444,65.71430388859996,66.50934600830078,25510700,0.0,0.0
2017-06-15,65.56285282374121,66.45254886396823,65.11801202471756,66.15914154052734,26068700,0.0,0.0
2017-06-16,65.9982446465267,66.28218513591148,65.51553642715527,66.25379180908203,48345100,0.0,0.0
2017-06-19,66.72702356844435,67.14347822486829,66.58504973365535,67.07722473144531,23798300,0.0,0.0
2017-06-20,67.02988194282031,67.07720895031184,66.13072656918132,66.16858673095703,21512200,0.0,0.0
2017-06-21,66.45255934863386,66.84062077926713,66.19701215904175,66.50934600830078,19891100,0.0,0.0
2017-06-22,66.7648919359154,66.81221173926177,65.9793095452469,66.4998779296875,22965700,0.0,0.0
2017-06-23,66.33896936301083,67.4368927675246,66.17806903613588,67.39903259277344,27617300,0.0,0.0
2017-06-26,67.57885933476216,67.87226663110141,66.67023690192418,66.75541687011719,19607000,0.0,0.0
2017-06-27,66.3579012242511,66.42415472295934,65.47767204364735,65.50606536865234,25215100,0.0,0.0
2017-06-28,65.50606275846334,66.10234422307784,65.10854178205368,66.06449127197266,25806200,0.0,0.0
2017-06-29,65.66696927257013,65.77108295066002,64.44600568313516,64.82460021972656,28918700,0.0,0.0
2017-06-30,65.09906926273055,65.66695735400076,65.06120909383402,65.24104309082031,24161100,0.0,0.0
2017-07-03,65.61963647341005,65.87518358287404,64.37973943109428,64.52171325683594,16165500,0.0,0.0
2017-07-05,64.60690306530302,65.72375280083878,64.56904289549463,65.38301849365234,21176300,0.0,0.0
2017-07-06,64.61636665064033,65.09907481890893,64.47440003152263,64.90031433105469,21117600,0.0,0.0
2017-07-07,65.02335458121496,66.10234421481458,65.02335458121496,65.74268341064453,16878300,0.0,0.0
2017-07-10,65.74268822780735,66.49041043589483,65.49660070108601,66.23486328125,15014500,0.0,0.0
2017-07-11,66.25378294911481,66.89739141517835,66.01716229572511,66.24431610107422,17460000,0.0,0.0
2017-07-12,66.90687340443752,67.46529480668673,66.77436638623972,67.34225463867188,17750900,0.0,0.0
2017-07-13,67.6735071308851,68.18460861071202,67.49367312286564,67.9290542602539,20269800,0.0,0.0
2017-07-14,68.37390824098291,69.3487842668208,68.1088942402996,68.885009765625,25868100,0.0,0.0
2017-07-17,68.90396111409434,69.51916924995001,68.82824074561951,69.42452239990234,21803900,0.0,0.0
2017-07-18,69.17840668573872,69.46235434152354,68.77142611811672,69.3771743774414,26435300,0.0,0.0
2017-07-19,69.56645418469084,70.07755553094559,69.5191271777629,69.90718841552734,22416200,0.0,0.0
2017-07-20,70.21009514333004,70.32367568013677,69.3582591700065,70.24795532226562,42361000,0.0,0.0
2017-07-21,69.51914977627408,70.31419898036745,69.25413578193954,69.84095764160156,46717100,0.0,0.0
2017-07-24,69.59488692731391,69.80311432202204,69.21629232067107,69.66114044189453,21394800,0.0,0.0
2017-07-25,69.85043101479104,70.3331320262352,69.56648329657293,70.21955871582031,22018700,0.0,0.0
2017-07-26,70.36150971938693,70.39936988814277,69.85987512027742,70.0870361328125,16252200,0.0,0.0
2017-07-27,69.81255514088379,70.4372298709844,68.44961795362602,69.24466705322266,36844200,0.0,0.0
2017-07-28,68.780887103925,69.38663537522193,68.65784696856714,69.13108825683594,18306700,0.0,0.0
2017-07-31,69.37718341041246,69.5096904080742,68.53481440195286,68.80928802490234,23600100,0.0,0.0
2017-08-01,69.18789237412236,69.49076658626188,68.61053727893594,68.69572448730469,22132300,0.0,0.0
2017-08-02,68.66731835628839,68.67677798349513,67.61672204918267,68.39283752441406,26499200,0.0,0.0
2017-08-03,68.32658698037163,68.56320765037309,68.00477911420295,68.28872680664062,18214400,0.0,0.0
2017-08-04,68.52535310965254,69.13110149696362,68.37391240227957,68.79036712646484,22579000,0.0,0.0
2017-08-07,68.90394702187972,68.99859385257024,68.39284547084257,68.52535247802734,18705700,0.0,0.0
2017-08-08,68.23194316563867,69.21628616695988,67.91014247231162,68.89448547363281,22044600,0.0,0.0
2017-08-09,68.38338638571574,68.62947395032418,68.19409270284225,68.59161376953125,22213400,0.0,0.0
2017-08-10,68.05209994962154,68.32658076839934,67.53153163451034,67.58832550048828,24734500,0.0,0.0
2017-08-11,67.7776185639058,68.80928111656505,67.46527757745172,68.61998748779297,21443700,0.0,0.0
2017-08-14,69.15002243839047,69.77470447465362,69.04590876567994,69.65165710449219,20096600,0.0,0.0
2017-08-15,70.02275220327861,70.02275220327861,69.49941757779159,69.67069244384766,19181400,0.39,0.0
2017-08-16,69.78487142390111,70.50803278205531,69.62311384339222,70.07984924316406,18150400,0.0,0.0
2017-08-17,70.01324218107798,70.28918542416419,68.89044189453125,68.89044189453125,22977500,0.0,0.0
2017-08-18,68.7667374692035,69.30910665686368,68.44322231776813,68.97607421875,18761500,0.0,0.0
2017-08-21,68.9570375399415,68.96655482532725,68.22435901603338,68.65254974365234,17734800,0.0,0.0
2017-08-22,68.8428762646249,69.6897334747059,68.8428762646249,69.61361694335938,14343700,0.0,0.0
2017-08-23,69.42331041192082,69.60410260811449,69.01415409286885,69.1949462890625,13766500,0.0,0.0
2017-08-24,69.2139461143109,69.32813176016496,68.5764259256395,69.16637420654297,17098300,0.0,0.0
2017-08-25,69.32813146186572,69.79437680953075,68.96655447422614,69.29006958007812,12794300,0.0,0.0
2017-08-28,69.51844547702815,69.54699007835058,69.03317273542118,69.29959869384766,14569700,0.0,0.0
2017-08-29,68.74771079008357,69.61360239673564,68.55740861213681,69.5089340209961,11478400,0.0,0.0
2017-08-30,69.47086844055019,70.61269596665878,69.29959358567766,70.42239379882812,16897800,0.0,0.0
2017-08-31,70.44144190733739,71.32636104216205,70.22259507568097,71.14556884765625,27652800,0.0,0.0
2017-09-01,71.08846824456083,71.11701284763343,70.07033626411203,70.35579681396484,21736200,0.0,0.0
2017-09-05,69.78487786853096,70.30821980622898,69.44233536152191,70.04179382324219,21556000,0.0,0.0
2017-09-06,70.16547220330486,70.45093269149076,69.79437792440025,69.84195709228516,16535800,0.0,0.0
2017-09-07,70.10839378242862,70.98379543335668,70.0322700059402,70.73639678955078,17471200,0.0,0.0
2017-09-08,70.72688467172667,70.83155304641387,70.26063199918808,70.39385223388672,14703800,0.0,0.0
2017-09-11,70.7078489553891,71.30731459337326,70.7078489553891,71.13603973388672,17910400,0.0,0.0
2017-09-12,71.13605268090569,71.59278088295427,70.76495829440476,71.05992889404297,14394900,0.0,0.0
2017-09-13,71.29780589450309,71.58326644788453,70.93622881850823,71.5642318725586,13380800,0.0,0.0
2017-09-14,71.3644229388772,71.8306684693998,70.90768743786,71.14556884765625,15733900,0.0,0.0
2017-09-15,71.20264232840587,71.73549419121024,70.47948104348413,71.65937042236328,38578400,0.0,0.0
2017-09-18,71.58326145813275,72.2873882452784,71.40246930295582,71.51665496826172,23307000,0.0,0.0
2017-09-19,71.5642346168221,72.03999738432623,71.37393241364593,71.78308868408203,16093300,0.0,0.0
2017-09-20,71.69743363002566,71.88774305565536,70.70784639543803,71.30731201171875,21587900,0.0,0.0
2017-09-21,71.46906803454473,71.59276371385954,70.5175427056434,70.6126937866211,19186100,0.0,0.0
2017-09-22,70.40335525858731,70.89815248236148,70.27014229670085,70.8030014038086,14111400,0.0,0.0
2017-09-25,70.49850837216167,70.65075590989066,69.3852254758765,69.70874786376953,24149200,0.0,0.0
2017-09-26,70.09886947496629,70.2320824406981,69.45183195874239,69.70874786376953,18019600,0.0,0.0
2017-09-27,69.98469596712982,70.5746370681103,69.62311166956096,70.27014923095703,19565100,0.0,0.0
2017-09-28,69.97517944307407,70.38433565929188,69.75632540481502,70.2891845703125,10883800,0.0,0.0
2017-09-29,70.3558004428637,70.92671431245329,70.29870397421014,70.87913513183594,17079100,0.0,0.0
2017-10-02,71.08845246724695,71.3739129537449,70.69833087923229,70.99330139160156,15304800,0.0,0.0
2017-10-03,71.05039995980165,71.25021942289065,70.59367183261617,70.6602783203125,12190400,0.0,0.0
2017-10-04,70.49851406659188,71.0979797203682,70.13693702462282,71.0694351196289,13317700,0.0,0.0
2017-10-05,71.57374000064087,72.43011429162807,71.32634137000845,72.28738403320312,21195300,0.0,0.0
2017-10-06,72.00192049469977,72.34447019671912,71.87822481435586,72.31592559814453,13959800,0.0,0.0
2017-10-09,72.2873853332917,72.83927180402719,72.18271695920177,72.59187316894531,11386500,0.0,0.0
2017-10-10,72.62993505584734,72.91538831826861,72.44914290795336,72.59187316894531,13944500,0.0,0.0
2017-10-11,72.6584869655601,72.75363806260604,72.26835803023938,72.715576171875,15388900,0.0,0.0
2017-10-12,72.78217195688536,73.54339514037625,72.66799356105534,73.38163757324219,16876500,0.0,0.0
2017-10-13,73.8288547044658,74.09528792317059,73.54340143091218,73.73370361328125,15335700,0.0,0.0
2017-10-16,73.66709414666501,74.03818846898311,73.60048765957106,73.88594818115234,12380100,0.0,0.0
2017-10-17,73.71467901207618,73.85740928388789,73.5053422480274,73.828857421875,16824000,0.0,0.0
2017-10-18,73.90496669613594,74.07624153678128,73.61951346810154,73.8478775024414,13300700,0.0,0.0
2017-10-19,73.80981655421525,74.15236623984104,73.60047982860374,74.13333892822266,15092800,0.0,0.0
2017-10-20,74.52347773781243,75.14197077193053,74.42832663861661,74.9897232055664,22866400,0.0,0.0
2017-10-23,75.16099885327267,75.4940313336309,74.94215204885023,75.00875854492188,20627200,0.0,0.0
2017-10-24,75.07534673377138,75.36079996465732,74.65667328366447,75.03728485107422,17517200,0.0,0.0
2017-10-25,74.77087900626218,75.26566909504295,74.22850973644543,74.81845092773438,20410800,0.0,0.0
2017-10-26,75.36078954574887,75.57012624186075,74.932606128837,74.94212341308594,32120700,0.0,0.0
2017-10-27,80.28018879397837,82.02147450238868,79.55702756375213,79.74732971191406,71066700,0.0,0.0
2017-10-30,79.64266368281014,80.24212926022696,79.0812672476135,79.82345581054688,31756700,0.0,0.0
2017-10-31,80.27068078100038,80.27068078100038,79.08127406869248,79.14788055419922,27086600,0.0,0.0
2017-11-01,79.62364323912239,79.69976701100508,78.86242003942034,79.14788055419922,22307400,0.0,0.0
2017-11-02,79.3096359117683,80.3658296235913,79.09078914816519,79.9757080078125,23992900,0.0,0.0
2017-11-03,80.00425875949739,80.44195957992827,79.357221185912,80.06134796142578,17633500,0.0,0.0
2017-11-06,80.1184350311823,80.59419772675835,80.00425663036413,80.37535095214844,19860900,0.0,0.0
2017-11-07,80.66079836665442,80.78450130465704,79.86152058061636,80.1850357055664,17939700,0.0,0.0
2017-11-08,80.06133677021103,80.50855481497076,79.76636625539581,80.46097564697266,18034200,0.0,0.0
2017-11-09,80.03279036893467,80.18503063588518,78.88144567304265,80.01375579833984,21178400,0.0,0.0
2017-11-10,79.72831195776628,80.02328250064316,79.19546007139189,79.80443572998047,19397800,0.0,0.0
2017-11-13,79.6046102226186,79.87103614555735,79.41430080654669,79.86151885986328,14196900,0.0,0.0
2017-11-14,79.45236616517508,80.02327991923993,78.9575761808688,79.9757080078125,18801300,0.0,0.0
2017-11-15,79.82271299315444,80.0331010851816,79.07679688216506,79.3541259765625,19383100,0.42,0.0
2017-11-16,79.46885470928093,79.77487167344393,79.3158498752094,79.56448364257812,20962800,0.0,0.0
2017-11-17,79.48800150215796,79.48800150215796,78.64644920264503,78.7994613647461,22079000,0.0,0.0
2017-11-20,78.79945781514725,78.9811506294309,78.65601074364459,78.92377471923828,16315000,0.0,0.0
2017-11-21,79.12460158036552,80.1765346629255,79.12460158036552,80.06178283691406,21237500,0.0,0.0
2017-11-22,80.16697949370283,80.23392049307019,79.41149833168733,79.47843933105469,20553100,0.0,0.0
2017-11-24,79.38279595164911,79.78444187488057,79.16284282453451,79.62187194824219,7425600,0.0,0.0
2017-11-27,79.66969543410053,80.31042475179466,79.66013764585222,80.20523071289062,18265200,0.0,0.0
2017-11-28,80.39647763149688,81.343216556187,80.34865951270604,81.17108154296875,21926000,0.0,0.0
2017-11-29,81.00851874906802,81.20934173284382,79.54537465582908,79.69837951660156,27381100,0.0,0.0
2017-11-30,79.86096188817714,80.82682382991334,79.69838463713313,80.49211883544922,33054600,0.0,0.0
2017-12-01,79.94700668367592,81.10413355758996,79.58361381868455,80.57817077636719,29532100,0.0,0.0
2017-12-04,80.73120009875348,80.74076518379198,77.1737472507307,77.53714752197266,39094900,0.0,0.0
2017-12-05,77.78576530414871,79.06721648190486,77.44150257008684,78.02484130859375,26152300,0.0,0.0
2017-12-06,77.98659199467811,79.50711181118147,77.87183289123584,79.162841796875,26162100,0.0,0.0
2017-12-07,78.93333142309545,79.18197250090202,78.41692639812196,78.88551330566406,23184500,0.0,0.0
2017-12-08,79.97569672308491,80.88418985332368,79.68880991565698,80.4825439453125,24489100,0.0,0.0
2017-12-11,80.60686264241065,81.63967268279279,80.44429271828206,81.50579071044922,22857900,0.0,0.0
2017-12-12,81.5822937064575,82.2899639352163,81.36234786737299,81.84049987792969,23924100,0.0,0.0
2017-12-13,81.99349474333812,82.2421358014373,81.44840180951822,81.62053680419922,22062700,0.0,0.0
2017-12-14,81.69705042423139,82.11782651593151,80.83637537121773,80.98938751220703,19306000,0.0,0.0
2017-12-15,81.53448045890217,83.28451122053359,81.17108027223014,83.05500030517578,53936700,0.0,0.0
2017-12-18,83.3132076321499,83.67660052787498,82.4620976504623,82.60553741455078,22283800,0.0,0.0
2017-12-19,82.57685713344227,82.57685713344227,81.5440469599298,82.07958221435547,23524800,0.0,0.0
2017-12-20,82.43341393800415,82.52905018880797,81.00852281249048,81.78312683105469,23674900,0.0,0.0
2017-12-21,82.2899701084427,82.33778093547264,81.66837098888375,81.76399993896484,17990700,0.0,0.0
2017-12-22,81.66836554343102,81.88831138434996,81.20933639921904,81.7735595703125,14145800,0.0,0.0
2017-12-26,81.58230194338906,81.79269001663907,81.3145379578059,81.66837310791016,9891200,0.0,0.0
2017-12-27,81.90743732836088,82.22301939273703,81.49622632520965,81.96481323242188,14678000,0.0,0.0
2017-12-28,82.146515505941,82.17520345873373,81.81181056332487,81.97438049316406,10594300,0.0,0.0
2017-12-29,81.88832522761629,82.28997853270927,81.7640083093863,81.80226135253906,18717400,0.0,0.0
2018-01-02,82.36646332502801,82.53859834195055,81.7639944138095,82.19432830810547,22483800,0.0,0.0
2018-01-03,82.2995142452691,82.72985539328545,82.21345039327784,82.57684326171875,26061400,0.0,0.0
2018-01-04,82.80637527339125,83.82962774806266,82.7872524000803,83.30365753173828,21912000,0.0,0.0
2018-01-05,83.82962390446973,84.5468520051061,83.60967074335844,84.33646392822266,23407100,0.0,0.0
2018-01-08,84.34600979817138,84.70940998726509,83.77222885794296,84.42251586914062,22113000,0.0,0.0
2018-01-09,84.77636918079499,84.85287526819367,84.0208879837827,84.36515808105469,19484300,0.0,0.0
2018-01-10,84.02088090913072,84.33646302106136,83.59054697178638,83.98262786865234,18652200,0.0,0.0
2018-01-11,84.27907303176659,84.27907303176659,83.42796301365638,84.23126220703125,17808900,0.0,0.0
2018-01-12,84.79547432531066,85.85697235395402,84.58508627696398,85.6848373413086,24271500,0.0,0.0
2018-01-16,86.16298816162406,86.82284025038358,84.1643163217879,84.48945617675781,36599700,0.0,0.0
2018-01-17,85.18756065117294,86.33512251363764,84.87197858538802,86.20124053955078,25621200,0.0,0.0
2018-01-18,85.87611514824361,86.70809508502538,85.74223315161157,86.16300201416016,24159700,0.0,0.0
2018-01-19,86.20124954177946,86.65071362859001,85.74222766726484,86.06736755371094,36875000,0.0,0.0
2018-01-22,86.06736736171524,87.61658260079373,85.81872625756215,87.60701751708984,23601600,0.0,0.0
2018-01-23,87.88435363769531,88.26687676035337,87.54008355690523,87.88435363769531,23412800,0.0,0.0
2018-01-24,88.50594361353414,89.34748855921632,87.57832750857736,87.8078384399414,33277500,0.0,0.0
2018-01-25,88.42945238063804,89.16580341970396,87.91304722637452,88.29557037353516,26383200,0.0,0.0
2018-01-26,89.05103793364789,89.94995880126953,88.53463285853533,89.94995880126953,29172200,0.0,0.0
2018-01-29,90.98277034065619,91.27922227318341,89.62482028686041,89.81607818603516,31569900,0.0,0.0
2018-01-30,89.22318024457813,89.56745032276598,88.07561088527807,88.6876449584961,38635100,0.0,0.0
2018-01-31,89.65349914250619,91.23140218661838,89.42398822758709,90.85844421386719,48756300,0.0,0.0
2018-02-01,90.64806773462654,91.87213583173883,89.4909406335744,90.14122772216797,47227900,0.0,0.0
2018-02-02,89.54830299074546,89.86388505126877,87.50181308265782,87.76957702636719,47867800,0.0,0.0
2018-02-05,86.60290632338729,89.16580188028722,84.15476989746094,84.15476989746094,51031500,0.0,0.0
2018-02-06,83.09324917828094,87.48268807875309,81.52491129252282,87.33924102783203,67998600,0.0,0.0
2018-02-07,86.53594952080375,87.76001751027017,85.30231644816381,85.69440460205078,41107600,0.0,0.0
2018-02-08,85.79004436954106,85.95261432389839,81.05634174828786,81.29541778564453,55628700,0.0,0.0
2018-02-09,82.52904010145379,85.04411705531983,80.16696799733356,84.32688903808594,63499100,0.0,0.0
2018-02-12,84.86242406356246,85.85698120627801,84.08782007480242,85.23538208007812,35720300,0.0,0.0
2018-02-13,85.04413280515517,86.0673780074023,83.96351168563017,85.9048080444336,26407700,0.0,0.0
2018-02-14,85.04008882225001,87.42285971659612,84.94401065123994,87.24991607666016,34960900,0.42,0.0
2018-02-15,87.63423047989212,89.08503495922336,87.06736417602215,89.02738952636719,27823900,0.0,0.0
2018-02-16,88.82562019868055,89.83445930480957,88.20110843138536,88.39326477050781,30596900,0.0,0.0
2018-02-20,87.89365183016734,89.41170446635448,87.44207638049173,89.08503723144531,30911700,0.0,0.0
2018-02-21,89.33483566259007,89.69993558688253,87.90324401855467,87.90324401855469,26922500,0.0,0.0
2018-02-22,88.44129697236535,89.09463870987224,87.77834521996014,88.13384246826172,24392800,0.0,0.0
2018-02-23,89.93053214058953,90.38210757406824,88.7391467820436,90.37249755859375,26329200,0.0,0.0
2018-02-26,90.69915983396622,91.70799141339954,90.55503894253488,91.67916870117188,30199800,0.0,0.0
2018-02-27,91.98663088826396,92.08270904716944,90.5070037841797,90.50700378417969,25869100,0.0,0.0
2018-02-28,91.1219238893577,91.95781936720167,89.95936116541273,90.0938720703125,31167300,0.0,0.0
2018-03-01,90.30524528246774,90.86250891485541,88.23953170054396,89.2099380493164,37135600,0.0,0.0
2018-03-02,87.98972786032624,89.49817777435031,87.29795334403346,89.402099609375,32830400,0.0,0.0
2018-03-05,88.71993304276566,90.57427032496729,88.64307490440135,89.9689712524414,23901600,0.0,0.0
2018-03-06,90.64151561229666,90.78563651729569,89.29640671308907,89.66150665283203,22175800,0.0,0.0
2018-03-07,89.50778156022346,90.25720145728323,88.80639707716104,90.18033599853516,26716100,0.0,0.0
2018-03-08,90.57425827990359,91.37172091802567,90.09386016011345,90.72798919677734,25887800,0.0,0.0
2018-03-09,91.55427658543525,92.7552719116211,91.27564479012487,92.7552719116211,36937300,0.0,0.0
2018-03-12,92.71683793319008,93.3990023896436,92.27487253873964,92.97624969482422,26073700,0.0,0.0
2018-03-13,93.19723717500526,93.42782622481168,90.28602568145776,90.70877838134766,35387800,0.0,0.0
2018-03-14,91.3909459873378,91.66957779181585,89.83445335448265,90.17073059082031,32132000,0.0,0.0
2018-03-15,89.86327392741943,90.87211294266834,89.19071947078268,90.48779296875,27611000,0.0,0.0
2018-03-16,90.96818473035958,91.64073913987728,90.2379775641023,90.89131927490234,49081300,0.0,0.0
2018-03-19,90.06503499554255,90.21876590823403,88.4989398065382,89.24835968017578,33344100,0.0,0.0
2018-03-20,89.40209237290563,90.09385950291062,89.35404962915963,89.47895050048828,23075200,0.0,0.0
2018-03-21,89.28680182064157,90.3628963320399,88.59502730119223,88.85444641113281,24457100,0.0,0.0
2018-03-22,87.69187958244736,88.15306505547859,86.14500420381881,86.26990509033203,38604700,0.0,0.0
2018-03-23,85.99127726022999,86.91364091880492,83.66615174609564,83.7622299194336,44068900,0.0,0.0
2018-03-26,87.05774753946552,90.31484619342183,86.8559812095197,90.10346984863281,56396800,0.0,0.0
2018-03-27,91.21800517540048,91.41016150772288,85.04008453044011,85.96244812011719,56569000,0.0,0.0
2018-03-28,86.29871701258352,87.6534432142815,85.38596352697095,85.88557434082031,52501100,0.0,0.0
2018-03-29,86.64461477388171,88.6718956503276,84.9343984508806,87.69187927246094,45867500,0.0,0.0
2018-04-02,86.92324753981325,87.31717023419979,84.07929120439144,85.04969024658203,48515400,0.0,0.0
2018-04-03,86.06813043656683,86.5197058500739,84.44438241701003,86.19303131103516,37213800,0.0,0.0
2018-04-04,84.40595635304987,89.12346986466824,84.29066548452595,88.7103271484375,35560000,0.0,0.0
2018-04-05,88.81601458047501,89.42131362599048,87.81678552338221,88.75836181640625,29771900,0.0,0.0
2018-04-06,87.90324011622758,88.8352135800751,85.97204507969707,86.69264221191406,38026000,0.0,0.0
2018-04-09,87.47089829970295,89.51739183286145,87.06736560251016,87.21147918701172,31533900,0.0,0.0
2018-04-10,88.76796615605247,89.6230742437366,88.04736895877076,89.23875427246094,26812000,0.0,0.0
2018-04-11,88.40286418834388,89.6326822039971,87.8936433534525,88.25874328613281,24872100,0.0,0.0
2018-04-12,88.80639875109247,90.4685795089559,88.80639875109247,89.91131591796875,26758900,0.0,0.0
2018-04-13,90.3628970676314,90.48779795065654,88.81601440190774,89.43092346191406,23346100,0.0,0.0
2018-04-16,90.38210177394346,90.94897536585579,89.75758275347152,90.47817993164062,20288100,0.0,0.0
2018-04-17,91.2756364373912,92.75526342348513,91.16033825772267,92.3036880493164,26771000,0.0,0.0
2018-04-18,92.44781859330797,92.92821672997634,91.77525680379595,92.65919494628906,21043300,0.0,0.0
2018-04-19,92.65918944962782,93.26448842701707,91.60230774741791,92.34212493896484,23552500,0.0,0.0
2018-04-20,92.14996278560476,92.34211908457311,90.36288135008593,91.275634765625,31154400,0.0,0.0
2018-04-23,91.98663317803786,92.51507406061273,90.92014872796408,91.61192321777344,22331800,0.0,0.0
2018-04-24,92.46701667074973,92.68800300399978,88.78717309682227,89.4693374633789,34524800,0.0,0.0
2018-04-25,89.64229465650124,89.64229465650124,86.74068582476674,88.69110107421875,33729300,0.0,0.0
2018-04-26,89.8824946416466,91.41976721872248,89.45013191883866,90.56465911865234,42529000,0.0,0.0
2018-04-27,93.77370788872403,94.06194968156302,90.22837488644696,92.06349182128906,48272800,0.0,0.0
2018-04-30,92.55349512715455,92.62075056461605,89.4981630690734,89.85365295410156,41523600,0.0,0.0
2018-05-01,89.5558087677744,91.55426653033417,89.15227614176509,91.275634765625,31408900,0.0,0.0
2018-05-02,91.26603720426407,91.43898082904983,89.53660828670043,89.84406280517578,27471000,0.0,0.0
2018-05-03,89.31561100275553,91.20838062878991,88.82560290401682,90.38209533691406,31142500,0.0,0.0
2018-05-04,89.66149830068996,91.63113338151591,89.27717836659063,91.42936706542969,22531300,0.0,0.0
2018-05-07,91.43896841599802,92.91859537601474,91.3717129782833,92.44780731201172,24242000,0.0,0.0
2018-05-08,92.09231151064915,92.3901633082143,91.33328165603642,92.05387878417969,23484600,0.0,0.0
2018-05-09,92.24604662942616,93.16841011593893,91.32368314291341,93.13958740234375,27327400,0.0,0.0
2018-05-10,93.63919341861798,94.10998148727428,93.24527080247907,94.0715560913086,22388100,0.0,0.0
2018-05-11,93.96585933675568,94.03311476898698,93.23565226517847,93.8697738647461,16778300,0.0,0.0
2018-05-14,94.08117095254146,94.82098820076685,93.49508462924902,94.18685913085938,19454100,0.0,0.0
2018-05-15,93.42781899415763,94.01390525353924,92.56310096143945,93.50468444824219,24594000,0.0,0.0
2018-05-16,93.94856675050026,93.98716605882959,93.23449795157107,93.74592590332031,17384700,0.42,0.0
2018-05-17,93.36960791803754,94.12227615482573,92.4721940906209,92.80992889404297,17246700,0.0,0.0
2018-05-18,92.64587729370045,93.53363935571556,92.64587729370045,92.98361206054688,17865800,0.0,0.0
2018-05-21,93.60119317166051,94.57580559492956,93.40820396561763,94.18016815185547,19422500,0.0,0.0
2018-05-22,94.25735715295617,94.73018581291946,93.79417279886367,94.08366394042969,15441200,0.0,0.0
2018-05-23,93.32135552170148,95.27058040692795,92.94502140900194,95.20303344726562,21251200,0.0,0.0
2018-05-24,95.27056922383372,95.47321007903417,93.41783916102193,94.86528015136719,26649300,0.0,0.0
2018-05-25,94.85564840975042,95.51182204010436,94.43106330714886,94.91354370117188,18363900,0.0,0.0
2018-05-29,94.4117338920509,95.4152937178829,93.82311474702105,94.5757827758789,28671000,0.0,0.0
2018-05-30,94.86529008165445,95.77235555308138,94.47931166681148,95.48286437988281,22158500,0.0,0.0
2018-05-31,95.81095336676812,96.48642294423313,95.15477976491657,95.37671661376953,34140900,0.0,0.0
2018-06-01,95.80128454800169,97.32592402084985,95.69513829596384,97.25837707519531,28655600,0.0,0.0
2018-06-04,97.71192152012438,98.29089646164809,97.31628410347592,98.10755157470703,27281600,0.0,0.0
2018-06-05,98.42599196311731,98.74443076283498,97.972459253592,98.60933685302734,23514400,0.0,0.0
2018-06-06,98.8891670348719,99.00495759691545,98.32948811144398,98.89881134033203,21122900,0.0,0.0
2018-06-07,99.05323014408417,99.0918294605265,96.86276494889914,97.34524536132812,28232200,0.0,0.0
2018-06-08,97.54787480007103,98.37774160099715,97.0171508259403,98.06895446777344,22165100,0.0,0.0
2018-06-11,97.47067803401855,98.0303496199608,97.14258758233392,97.50927734375,23490900,0.0,0.0
2018-06-12,97.55752911143615,97.89526389722614,97.21979432564615,97.76016998291016,18325200,0.0,0.0
2018-06-13,98.15581032610815,98.43564983178352,97.03645230340666,97.31629180908203,29492900,0.0,0.0
2018-06-14,98.08824666800824,98.45492904643336,97.46102080428054,97.86630249023438,25691800,0.0,0.0
2018-06-15,97.95316385994066,97.97245983485654,96.56361807988557,96.62151336669922,65738600,0.0,0.0
2018-06-18,96.5057353834059,97.56719083184272,95.93640466122052,97.3259506225586,23586000,0.0,0.0
2018-06-19,96.15834889307138,97.46104455079235,96.01360329508752,97.3259506225586,28653100,0.0,0.0
2018-06-20,97.81807200241447,98.92777095398561,97.57683181953968,98.30055236816406,26180800,0.0,0.0
2018-06-21,98.50320353881051,98.86988600478037,97.34524612268423,97.59613800048828,23198200,0.0,0.0
2018-06-22,96.89170837402344,97.23908745634039,96.13903283648318,96.89170837402344,38923100,0.0,0.0
2018-06-25,96.49607705355092,96.60222332727514,93.89068591793162,94.94248962402344,35433300,0.0,0.0
2018-06-26,95.35742265348514,96.57327528068483,95.28987569431108,95.60831451416016,26897200,0.0,0.0
2018-06-27,96.09080498945096,96.51538276510836,93.98719000301035,94.12228393554688,31298400,0.0,0.0
2018-06-28,93.96787137700125,95.63725664616555,93.85208080341559,95.174072265625,26650700,0.0,0.0
2018-06-29,95.46356466387192,96.40922941214694,94.88458970222435,95.15477752685547,28053200,0.0,0.0
2018-07-02,94.6626435678969,96.55396566384763,94.56614896993258,96.50572204589844,19564500,0.0,0.0
2018-07-03,96.95926280678539,97.10400103471896,95.47322231611295,95.5793685913086,14670300,0.0,0.0
2018-07-05,96.0135963593044,96.41887811472914,95.56006362068158,96.26448822021484,18977400,0.0,0.0
2018-07-06,96.38993600093374,97.87597655150005,96.17764344198616,97.61544036865234,19234600,0.0,0.0
2018-07-09,98.08825318221028,98.66722810946148,97.70226744335427,98.28124237060547,18212000,0.0,0.0
2018-07-10,98.42598826319438,98.91812026588873,98.29089435846505,98.54178619384766,19293100,0.0,0.0
2018-07-11,97.60577338075596,98.75407157347298,97.55752240236156,98.40669250488281,19644600,0.0,0.0
2018-07-12,99.16900350639675,100.75154575738904,99.1304115587244,100.53925323486328,24335900,0.0,0.0
2018-07-13,100.71294576290643,101.899843240499,100.44275059657807,101.73580169677734,24635200,0.0,0.0
2018-07-16,101.70686036403552,102.1121420955693,100.8576902270322,101.2340316772461,21786900,0.0,0.0
2018-07-17,100.9445506563013,102.76832599341631,100.66471113869282,102.23759460449219,25901700,0.0,0.0
2018-07-18,102.22794354072093,102.33408981149041,101.05069025550765,101.43667602539062,29493900,0.0,0.0
2018-07-19,101.25333323928201,101.62001567917946,100.24977316148933,100.74190521240234,40171600,0.0,0.0
2018-07-20,104.292955352076,104.4087459256075,102.36303393118075,102.54637145996094,56004000,0.0,0.0
2018-07-23,102.57532315751378,104.35084727368785,102.41127424685787,104.18680572509766,29707000,0.0,0.0
2018-07-24,104.765782832438,105.00702300727202,103.50168667216879,103.8876724243164,26316600,0.0,0.0
2018-07-25,104.17715442838804,107.25538136228498,103.82976799362561,106.94659423828125,30702100,0.0,0.0
2018-07-26,106.85974294201905,107.11063477855441,105.66319376803341,105.77899169921875,31372100,0.0,0.0
2018-07-27,106.31936888273219,106.31936888273219,102.42092682033595,103.90696716308594,37005300,0.0,0.0
2018-07-30,103.43414576139492,103.7622288845476,101.08929083051478,101.67791748046875,34668300,0.0,0.0
2018-07-31,102.75866718466784,102.98061139427081,101.68756017384968,102.363037109375,27655200,0.0,0.0
2018-08-01,102.3147900790186,102.7200718387464,101.72616341567112,102.5560302734375,23628700,0.0,0.0
2018-08-02,101.70685650150477,104.30259570809191,101.16647351791593,103.80081939697266,26104300,0.0,0.0
2018-08-03,104.02276787438407,104.26400805279214,103.07710313571542,104.25435638427734,18659600,0.0,0.0
2018-08-06,104.33154984686033,104.62103362938932,103.79116686775477,104.34119415283203,20265900,0.0,0.0
2018-08-07,104.75613899507275,105.27721869511527,104.37980488316423,105.06492614746094,16080200,0.0,0.0
2018-08-08,105.49915930445422,105.90444104771817,104.94913197800567,105.65354919433594,15487500,0.0,0.0
2018-08-09,105.86583930233448,106.30007604191117,105.75969303457569,105.82723999023438,13677200,0.0,0.0
2018-08-10,105.58599919986744,105.84654271451824,104.5824391772728,105.18071746826172,18183700,0.0,0.0
2018-08-13,105.41230433471368,105.74039479951917,104.31224973060367,104.41839599609375,18472500,0.0,0.0
2018-08-14,104.7561390812504,105.90444475610727,104.25436271898172,105.72109985351562,16788300,0.0,0.0
2018-08-15,105.09145423791459,105.57579130265432,103.47377021537922,104.28746032714844,29982800,0.42,0.0
2018-08-16,104.90741780767857,105.44987298953667,103.93874361699048,104.2680892944336,21384300,0.0,0.0
2018-08-17,103.99686668167286,104.51995165653139,103.34785671654015,104.20997619628906,18061500,0.0,0.0
2018-08-20,104.14216003282621,104.51994236044636,103.14442683986033,103.52220916748047,17914200,0.0,0.0
2018-08-21,103.57065163662855,103.9871818702022,102.53417045872179,102.66010284423828,22881900,0.0,0.0
2018-08-22,102.53416574990037,103.97748828304235,102.46635884942788,103.70626068115234,18000600,0.0,0.0
2018-08-23,103.79344494395271,104.79117821571069,103.52221734274445,104.19059753417969,18167700,0.0,0.0
2018-08-24,104.29714470399131,105.15926411243576,104.19058995549616,105.00428009033203,17234000,0.0,0.0
2018-08-27,105.84700755071054,106.20541960081046,105.11082061216482,106.16667175292969,19662300,0.0,0.0
2018-08-28,106.49603957887935,107.03849474387592,106.35073697671318,106.80601501464844,19151500,0.0,0.0
2018-08-29,106.99006133385332,108.52056832781328,106.81569968403005,108.51087951660156,20818000,0.0,0.0
2018-08-30,108.17184187516574,109.08239795219042,107.94905095657292,108.44306945800781,22798700,0.0,0.0
2018-08-31,108.19122160097169,109.24707291048203,108.02654137356025,108.81117248535156,23222700,0.0,0.0
2018-09-04,107.37752620195288,108.45275508118496,106.76726415849565,108.21058654785156,22634600,0.0,0.0
2018-09-05,107.53252428783999,107.92967686416121,104.71367883741412,105.09146118164062,32872400,0.0,0.0
2018-09-06,104.85897752570044,105.57579433277735,104.14216071862353,105.33362579345703,23477600,0.0,0.0
2018-09-07,104.83961382903061,105.31426212637226,103.87093961137141,104.82023620605469,22498600,0.0,0.0
2018-09-10,105.43049780177317,106.20544012837816,104.96553831812837,105.95358276367188,20727900,0.0,0.0
2018-09-11,105.48860863276984,108.09433687861429,105.4789198226732,107.75530242919922,24301800,0.0,0.0
2018-09-12,107.93935897298168,108.3462003352865,107.04818054401007,108.21058654785156,18891100,0.0,0.0
2018-09-13,108.60774763835958,110.16731360074981,108.60774763835958,109.37300109863281,26055600,0.0,0.0
2018-09-14,109.80889944627079,110.16731153321074,108.91772102460055,109.81858825683594,19122300,0.0,0.0
2018-09-17,110.12856889326146,110.13825031388771,108.35589338619593,108.62712097167969,20736500,0.0,0.0
2018-09-18,108.67554518782717,110.1382376977656,108.22026719703176,109.66358947753906,22170900,0.0,0.0
2018-09-19,109.5086054812219,109.77014422574787,107.561568550563,108.20088958740234,21728400,0.0,0.0
2018-09-20,108.7627234055294,110.23511213066514,108.42368895908257,110.01231384277344,23714500,0.0,0.0
2018-09-21,110.42886010397636,111.67845072357962,109.95421180968292,110.68071746826172,71229700,0.0,0.0
2018-09-24,109.4892405487217,111.30066391206329,108.70461683382706,111.07786560058594,27334500,0.0,0.0
2018-09-25,111.20378793588364,111.49438572720236,110.18667719027623,110.86474609375,22668000,0.0,0.0
2018-09-26,110.88414079823751,111.45565504916317,110.1770053553249,110.40949249267578,19352000,0.0,0.0
2018-09-27,111.18442401292914,111.31035638937192,110.62259120060914,110.82601928710938,19091300,0.0,0.0
2018-09-28,110.61290032536321,110.98099383107797,110.11887445396935,110.78726196289062,21647800,0.0,0.0
2018-10-01,111.1553582225418,112.05622547368678,111.13598799140198,111.98841857910156,18883100,0.0,0.0
2018-10-02,111.68814166285654,112.2112192434488,110.85508123391647,111.54283905029297,20787200,0.0,0.0
2018-10-03,111.80437099626178,112.5405654352245,111.32972272198201,111.56220245361328,16648000,0.0,0.0
2018-10-04,111.019738570674,111.16504116293987,108.13308651706065,109.25675201416016,34821700,0.0,0.0
2018-10-05,109.10177638734123,109.6248613608964,107.17411672971231,108.61743927001953,29068900,0.0,0.0
2018-10-08,108.16216408182976,108.52056880386266,105.91483285629491,107.37753295898438,29640600,0.0,0.0
2018-10-09,107.65844471543677,109.53767493617582,107.32909905098414,108.74336242675781,26198600,0.0,0.0
2018-10-10,107.75531675399114,108.0071741172081,102.47604528020597,102.83445739746094,61376300,0.0,0.0
2018-10-11,102.04982259418301,105.51767790540758,100.93584581773521,102.59228515625,63904300,0.0,0.0
2018-10-12,105.59517907760137,107.7553184554311,103.76438538807301,106.13763427734375,47742100,0.0,0.0
2018-10-15,105.49830007019463,106.05044401310596,103.5996923253939,104.22933197021484,32068100,0.0,0.0
2018-10-16,106.10857135138573,107.9199947419698,105.53704973793828,107.52283477783203,31610200,0.0,0.0
2018-10-17,108.1815125448566,108.30743750423164,106.11823958674876,107.24189758300781,26548200,0.0,0.0
2018-10-18,106.65102000995208,107.06755018058934,104.45213299126512,105.10114288330078,32506200,0.0,0.0
2018-10-19,105.51768044368765,107.38722193719008,104.82023384025082,105.25614166259766,32785500,0.0,0.0
2018-10-22,105.89546074551289,107.07724442404471,104.849290860544,106.19574737548828,26545600,0.0,0.0
2018-10-23,104.39401220237208,105.55642564231692,101.81734274939627,104.71367645263672,43770400,0.0,0.0
2018-10-24,105.01397594839915,105.09146426945239,98.40761065995545,99.11474609375,63897800,0.0,0.0
2018-10-25,103.21223747190523,105.8470250498261,102.8247663194353,104.90741729736328,61646800,0.0,0.0
2018-10-26,102.37917729183773,105.34331794210918,101.47831000140656,103.60939025878906,55523100,0.0,0.0
2018-10-29,104.72336335142555,105.29487755473797,98.44635158345375,100.59680938720703,55162000,0.0,0.0
2018-10-30,100.41276104055086,101.11020018661202,96.97396501955784,100.4805679321289,65350900,0.0,0.0
2018-10-31,102.137001990636,104.75241916905053,102.08856532828138,103.46408081054688,51062400,0.0,0.0
2018-11-01,103.69657340568101,103.95811218119592,102.2241845208345,102.60196685791016,33384200,0.0,0.0
2018-11-02,103.14443284819039,103.95811563495604,101.69142153719656,102.83445739746094,37680200,0.0,0.0
2018-11-05,103.03787813216444,104.36495706684052,102.58260007208811,104.14216613769531,27922100,0.0,0.0
2018-11-06,104.01624320993707,105.430506794787,102.95070296276504,104.34559631347656,24340200,0.0,0.0
2018-11-07,106.01169568370752,108.7239787247306,105.97294783292759,108.45275115966797,37901700,0.0,0.0
2018-11-08,108.2977729063258,108.6949254647465,107.43565350421548,108.24933624267578,25644100,0.0,0.0
2018-11-09,107.37753609983939,107.95873915533448,105.35301052194527,106.13763427734375,32039200,0.0,0.0
2018-11-12,105.99232381804319,106.51540874637814,102.77632593266317,103.52220916748047,33621800,0.0,0.0
2018-11-13,104.18089572157503,105.33361280108775,103.29939879978652,103.59000396728516,35374600,0.0,0.0
2018-11-14,105.1660400932274,105.32170107178408,101.63456514336742,102.1209945678711,39495100,0.46,0.0
2018-11-15,102.14045362446564,104.87419217507161,101.0897716555747,104.36830139160156,38505200,0.0,0.0
2018-11-16,104.17374027975873,105.92488197220915,103.90134095575476,105.35089874267578,33502100,0.0,0.0
2018-11-19,105.3314314198308,105.61356139574886,100.73954357758804,101.78050231933594,44773900,0.0,0.0
2018-11-20,99.03704694645272,100.17529016955152,96.65353799654565,98.9494857788086,64052500,0.0,0.0
2018-11-21,100.78817642434265,101.59565105960303,99.4650877807886,100.31147766113281,28130600,0.0,0.0
2018-11-23,99.3970008066552,100.99248894972288,99.23161656041252,100.27257537841797,13823100,0.0,0.0
2018-11-26,101.94589595329207,103.73595295852338,101.74159645306405,103.5802993774414,32336200,0.0,0.0
2018-11-27,103.38571909699073,104.41695464859042,102.50042129714582,104.23210906982422,29124500,0.0,0.0
2018-11-28,104.96174278736089,108.30837967201563,104.93255820886142,108.10408020019531,46788500,0.0,0.0
2018-11-29,107.33552521500214,108.10408464381737,106.07080566432907,107.19932556152344,28123200,0.0,0.0
2018-11-30,107.6954797469723,107.95815581253721,106.39185235359675,107.88032531738281,33665600,0.0,0.0
2018-12-03,109.93305755704178,110.34165652058618,107.72467108255938,109.0477523803711,34732800,0.0,0.0
2018-12-04,108.90182125041537,109.58281947152233,105.27305450054098,105.57463836669922,45197000,0.0,0.0
2018-12-06,102.9479262253106,106.27510180840125,102.15018224183873,106.2264633178711,49107400,0.0,0.0
2018-12-07,105.4384423638965,106.47940106486705,101.46918378871038,101.97506713867188,45044900,0.0,0.0
2018-12-10,101.95561397431928,105.04930552118495,101.07030882749196,104.66988372802734,40801500,0.0,0.0
2018-12-11,106.81990407556069,107.93868580867262,104.52395660917323,105.64273834228516,42381900,0.0,0.0
2018-12-12,107.88031795511276,108.2500016483803,106.08053055585981,106.11944580078125,36183000,0.0,0.0
2018-12-13,106.60587703848827,107.86086587479319,105.6816566561444,106.47940063476562,31333400,0.0,0.0
2018-12-14,105.31198507162838,106.29457472421976,102.636622864266,103.15223693847656,47043100,0.0,0.0
2018-12-17,102.54906662352907,102.92848102446575,98.9494840150729,100.09745788574219,56957300,0.0,0.0
2018-12-18,100.93410981029906,101.67348464475062,99.73749011009886,101.14813995361328,49319200,0.0,0.0
2018-12-19,100.83681717878157,103.97914697975877,98.59923894601293,100.875732421875,68198200,0.0,0.0
2018-12-20,100.2531092470471,101.47890607580662,96.09899772705641,98.7549057006836,70334200,0.0,0.0
2018-12-21,98.87163290683566,100.20445207737696,94.81481366719653,95.56391906738281,111242100,0.0,0.0
2018-12-24,95.02886282327226,95.31099281031334,91.42928766620297,91.57521057128906,43935200,0.0,0.0
2018-12-26,92.55780224523498,97.95717252293694,91.40982835836884,97.83069610595703,51634800,0.0,0.0
2018-12-27,96.60490375023049,98.44360670605835,93.78361110498224,98.43387603759766,49498500,0.0,0.0
2018-12-28,99.31916328140521,99.63048526030052,96.81891616141709,97.6653060913086,38196300,0.0,0.0
2018-12-31,98.54087889375307,99.62075286678092,97.71395031303271,98.81327819824219,33173800,0.0,0.0
2019-01-02,96.8480926929304,98.9883789996696,96.25464825452735,98.37548065185547,35329300,0.0,0.0
2019-01-03,97.38317042137906,97.47073157840542,94.56187824233935,94.75645446777344,42579100,0.0,0.0
2019-01-04,97.01349579231835,99.72777315659583,96.24493633026204,99.16351318359375,44060600,0.0,0.0
2019-01-07,98.88137146830657,100.46712869848574,98.23928849634297,99.28997039794922,35656100,0.0,0.0
2019-01-08,100.24337172926356,101.14813071093799,98.94946774278829,100.0098876953125,31514400,0.0,0.0
2019-01-09,101.04112652036011,102.03343933816058,100.4379513269053,101.43999481201172,32280800,0.0,0.0
2019-01-10,100.41850899433538,100.93412308614316,99.60130355986013,100.78819274902344,30067600,0.0,0.0
2019-01-11,100.38930203385434,100.63251673406441,98.88136792362242,100.0098876953125,28314200,0.0,0.0
2019-01-14,99.13432023450315,100.0779945249949,98.51169115213574,99.2802505493164,28437100,0.0,0.0
2019-01-15,99.72777237993422,102.19883498718987,99.11486649521991,102.15991973876953,31587600,0.0,0.0
2019-01-16,102.40312100638222,103.37597982196394,102.11126039277822,102.51985931396484,29853900,0.0,0.0
2019-01-17,102.1501796523938,103.73593691210384,101.91669560572477,103.23978424072266,28393000,0.0,0.0
2019-01-18,104.54342161564551,104.97148192772208,103.03549470030033,104.78663635253906,37427600,0.0,0.0
2019-01-22,103.85268045651328,104.19317956370921,102.0139778553314,102.81172180175781,32371300,0.0,0.0
2019-01-23,103.23979091075772,104.13481933275098,102.48095472099004,103.81377410888672,25874300,0.0,0.0
2019-01-24,103.95968677422205,104.09588640563983,102.48093731551008,103.31759643554688,23164800,0.0,0.0
2019-01-25,104.32939133326099,104.95202046516847,103.31761713833012,104.26129150390625,31225600,0.0,0.0
2019-01-28,103.37599356626309,103.59002372171912,101.81942073884379,102.22801971435547,29476700,0.0,0.0
2019-01-29,102.0334442251846,102.12100539048332,99.39699735564741,100.14610290527344,31490500,0.0,0.0
2019-01-30,101.78050283272172,103.49272918701172,101.4983728553806,103.49272918701172,49471900,0.0,0.0
2019-01-31,100.98275890085164,102.36421678638516,100.37958369820024,101.59565734863281,55636400,0.0,0.0
2019-02-01,100.9632993057629,101.2746138687453,99.5721107288018,99.99044036865234,35535700,0.0,0.0
2019-02-04,100.07799410725829,102.92847087839252,99.98070228290612,102.8700942993164,31315100,0.0,0.0
2019-02-05,103.18140904575095,104.35856738399232,103.08412464352816,104.30992889404297,27325400,0.0,0.0
2019-02-06,104.09591134100911,104.09591134100911,102.66580744622885,103.15223693847656,20609800,0.0,0.0
2019-02-07,102.33502635805596,102.72416396609614,101.45945189531733,102.41284942626953,29760700,0.0,0.0
2019-02-08,101.55675123999065,102.9090246671736,101.43028224100185,102.80200958251953,21461100,0.0,0.0
2019-02-11,103.31760741336792,103.68729852848838,102.12099517843599,102.39339447021484,18914100,0.0,0.0
2019-02-12,103.25924739586964,104.23210633679346,102.61716435446874,103.9888916015625,25056600,0.0,0.0
2019-02-13,104.5823238546265,104.85472313848999,103.81376449096945,103.91104888916016,18394900,0.0,0.0
2019-02-14,103.42462846244021,104.37803346112754,102.79227610809369,103.99861907958984,21784700,0.0,0.0
2019-02-15,104.98119964689454,105.36061399586491,104.4461243227959,105.28278350830078,26606900,0.0,0.0
2019-02-19,104.86446240578911,105.71085232634753,104.85473173847481,105.23414611816406,18038500,0.0,0.0
2019-02-20,105.38069818001466,105.45886106490727,103.84678697060653,104.68701934814453,21607700,0.46,0.0
2019-02-21,104.4427739071101,106.9634712324094,104.41346468654068,106.89508056640625,29063200,0.0,0.0
2019-02-22,107.52036151914704,108.64392131983746,107.29564508659513,108.4192123413086,27763200,0.0,0.0
2019-02-25,109.19105374439864,109.60139771148228,108.70254689195916,109.02495574951172,23750600,0.0,0.0
2019-02-26,108.70254624846001,110.63702919841568,108.6146111394495,109.77725982666016,21536700,0.0,0.0
2019-02-27,109.12265901233171,109.77725638121494,108.33127287216723,109.59162139892578,21487100,0.0,0.0
2019-02-28,109.46462146779268,110.28530944003623,109.16174959051567,109.45484924316406,29083900,0.0,0.0
2019-03-01,110.29508493181555,110.42209403965644,109.10312692860992,109.943359375,23501200,0.0,0.0
2019-03-04,110.42208283017195,110.64679925633455,108.25311872202298,109.67955780029297,26608000,0.0,0.0
2019-03-05,109.66978389824779,109.80656521502846,108.67323323969963,109.1324234008789,19538300,0.0,0.0
2019-03-06,109.29852637205265,110.07036809708872,108.86863795455838,109.18128204345703,17687000,0.0,0.0
2019-03-07,108.8393249620678,108.98587850422506,107.34449523091403,107.8525390625,25339000,0.0,0.0
2019-03-08,106.65082057484929,108.16518735880429,106.29909504156436,107.96978759765625,22818400,0.0,0.0
2019-03-11,108.43874873629774,110.35369469841388,108.42898396617083,110.23645782470703,26491600,0.0,0.0
2019-03-12,110.22667925337682,111.36978343033321,110.06058872250743,111.00829315185547,26132700,0.0,0.0
2019-03-13,111.50657474484466,112.35657937662049,111.1646214288509,111.86807250976562,35513800,0.0,0.0
2019-03-14,111.90715506698076,112.55198026155259,111.70198307534321,111.95600128173828,30763400,0.0,0.0
2019-03-15,112.68875392278191,114.55485362370888,111.95599366506096,113.24565887451172,54681100,0.0,0.0
2019-03-18,113.49967209708429,114.90657411563231,113.3824352315536,114.86749267578125,31207600,0.0,0.0
2019-03-19,115.37555206992492,115.7175128513057,114.30083841793478,114.94567108154297,37588700,0.0,0.0
2019-03-20,114.6916401916222,116.02037944942803,114.0272705627193,114.81864929199219,28113300,0.0,0.0
2019-03-21,114.44738474635614,118.04279547700003,114.39853107952297,117.45658874511719,29854400,0.0,0.0
2019-03-22,116.75313176697293,116.8410594179879,114.34967907026943,114.35945129394531,33624500,0.0,0.0
2019-03-25,113.88072322029807,115.29739766635753,113.64624200144199,114.9554443359375,27067100,0.0,0.0
2019-03-26,115.89336294666906,115.98129059807295,114.1640445954993,115.1996841430664,26097700,0.0,0.0
2019-03-27,115.17036217306519,115.49277845475746,112.86460944693876,114.08587646484375,22733400,0.0,0.0
2019-03-28,114.74048179156588,114.87726310189326,113.46058888204198,114.24220275878906,18334800,0.0,0.0
2019-03-29,115.3560053723279,115.60025879332919,114.27151958676035,115.22899627685547,25399800,0.0,0.0
2019-04-01,116.21578901937202,116.37211480596386,115.3853287766683,116.2841796875,22789100,0.0,0.0
2019-04-02,116.32324742690629,116.73359884134318,115.79565914036421,116.45026397705078,18142300,0.0,0.0
2019-04-03,117.10486919928734,117.66176674113717,116.4111903281427,117.21234130859375,22860700,0.0,0.0
2019-04-04,117.33934394728924,117.46636049893765,115.65887918967036,116.6163558959961,20112800,0.0,0.0
2019-04-05,116.64567888306944,117.46637436451145,116.62614188652209,117.13418579101562,15826200,0.0,0.0
2019-04-08,117.05600396861857,117.26117594229645,115.91289977783215,117.17324829101562,15116200,0.0,0.0
2019-04-09,115.90312476645875,116.79221075170148,115.8542785571518,116.5381851196289,17612000,0.0,0.0
2019-04-10,117.00716043067118,117.58359492407199,116.79221622837841,117.42727661132812,16477200,0.0,0.0
2019-04-11,117.76922837217184,118.07210022380245,117.16347721488785,117.56405639648438,14209100,0.0,0.0
2019-04-12,117.8669203439729,118.1991088447304,117.60312995121383,118.16979217529297,19745100,0.0,0.0
2019-04-15,118.16002973639799,118.78531785766104,117.79853201309619,118.26750183105469,15792600,0.0,0.0
2019-04-16,118.8439468703331,118.85371909454166,117.33934486520705,117.99394226074219,14071800,0.0,0.0
2019-04-17,118.45313882698622,119.0491177799363,117.769232219022,118.97095489501953,19300900,0.0,0.0
2019-04-18,119.38130325361095,120.68072577543367,118.51176167976494,120.5341796875,27991000,0.0,0.0
2019-04-22,119.80141954508794,121.1496957335127,119.7525658797153,120.91521453857422,15648700,0.0,0.0
2019-04-23,121.24740022722015,122.69338380145184,120.98360980462233,122.55660247802734,24025500,0.0,0.0
2019-04-24,122.89855939361655,122.95717783279804,121.65774776810427,122.13648986816406,31257000,0.0,0.0
2019-04-25,127.07039860011268,128.35028415339886,125.8686759312774,126.18131256103516,38033900,0.0,0.0
2019-04-26,126.71867714076649,127.51983555106472,126.0543149636818,126.90431213378906,23654900,0.0,0.0
2019-04-29,126.9140652337227,127.1876278589016,126.37671966086447,126.78706359863281,16324200,0.0,0.0
2019-04-30,126.82615795793934,127.69569963652286,126.41581395425303,127.59800720214844,24166500,0.0,0.0
2019-05-01,127.5296014965449,127.646838374041,124.76465084057247,124.94051361083984,26821700,0.0,0.0
2019-05-02,125.03821735945785,125.0577543538055,122.63475708343039,123.30889892578125,27350200,0.0,0.0
2019-05-03,124.43247052443154,126.45488121407512,124.3249984167082,125.93706512451172,24911100,0.0,0.0
2019-05-06,123.48475365381374,125.60487146863656,123.2111910266137,125.20429229736328,24239800,0.0,0.0
2019-05-07,123.55313789819967,124.25658887678921,121.36462954016054,122.6347427368164,36017700,0.0,0.0
2019-05-08,122.55660170932217,123.4652247543848,121.88245986665609,122.62499237060547,28419000,0.0,0.0
2019-05-09,121.43304854762032,122.898569277202,120.7295974047773,122.615234375,27235800,0.0,0.0
2019-05-10,122.03879176683847,124.98937002842194,120.97384289734377,124.20775604248047,30915100,0.0,0.0
2019-05-13,121.25717332204324,122.66407546339413,120.21176894035143,120.51464080810547,33944900,0.0,0.0
2019-05-14,121.02269786287378,122.98649016539356,120.85659985761652,121.86293029785156,25266300,0.0,0.0
2019-05-15,121.85311383025008,124.25565488839864,121.30395581685609,123.57901763916016,24722700,0.46,0.0
2019-05-16,124.29489599808558,126.8739585888835,124.01051230076943,126.43266296386719,30112200,0.0,0.0
2019-05-17,125.82465899410774,127.93302290918734,125.44221381334141,125.58931732177734,25770500,0.0,0.0
2019-05-20,124.06933870636442,125.11861279801157,123.32406508649849,123.77515411376953,23706900,0.0,0.0
2019-05-21,124.96172660517016,125.05978814447901,124.12819229862102,124.4419937133789,15293300,0.0,0.0
2019-05-22,124.16740237912225,125.75602604463204,124.06933337085943,125.19705963134766,15396500,0.0,0.0
2019-05-23,123.75554071054873,123.84380132787693,122.32382137215664,123.73593139648438,23603800,0.0,0.0
2019-05-24,124.45178961651025,124.95190566125726,123.52999478000262,123.79476165771484,14123400,0.0,0.0
2019-05-28,124.52044040976078,125.52068003689394,123.60845391960311,123.71632385253906,23128400,0.0,0.0
2019-05-29,122.95142310694158,122.96123150469708,121.63738210908814,122.51995086669922,22763100,0.0,0.0
2019-05-30,122.83374219167317,123.32405729664211,122.36303639899248,123.29463958740234,16829600,0.0,0.0
2019-05-31,121.8237048183757,122.20615003482934,120.93132765890695,121.28435516357422,26646800,0.0,0.0
2019-06-03,121.45105971467272,121.9609916543145,116.70481271027911,117.51873016357422,37983600,0.0,0.0
2019-06-04,118.93083959985766,120.89210016708914,118.31304521456127,120.77442932128906,29382600,0.0,0.0
2019-06-05,122.52974840478277,123.43193393303225,121.8040841048043,123.39270782470703,24926100,0.0,0.0
2019-06-06,123.99089489539857,125.49125802550685,123.16716157043571,125.34416198730469,21459000,0.0,0.0
2019-06-07,126.68761308363041,129.68833898667236,125.77561925165423,128.85479736328125,33885600,0.0,0.0
2019-06-10,129.8354476598664,131.48291436917455,129.44320151934264,130.03158569335938,26477100,0.0,0.0
2019-06-11,131.28678038332052,131.63980786573254,128.73713579220825,129.541259765625,23913700,0.0,0.0
2019-06-12,128.85481661693154,129.4137830754108,128.17819427283757,128.94308471679688,17092500,0.0,0.0
2019-06-13,129.4235629026066,130.4238098445015,129.01170003552718,129.75698852539062,17200800,0.0,0.0
2019-06-14,129.6981688002955,131.19853208612062,129.0901827523285,129.88449096679688,17821700,0.0,0.0
2019-06-17,130.06099354853083,131.13967783483417,129.9629245392169,130.2767333984375,14517800,0.0,0.0
2019-06-18,131.59079476847094,132.62045967327978,130.98280871333318,132.54200744628906,25934500,0.0,0.0
2019-06-19,132.38509971234444,133.29707877245593,131.2181471800222,133.06173706054688,23744400,0.0,0.0
2019-06-20,134.7875867147192,134.9935255927441,133.09110105215808,134.29727172851562,33042600,0.0,0.0
2019-06-21,133.93449506944413,135.06221398724807,133.816824215616,134.3169403076172,36727900,0.0,0.0
2019-06-24,134.34636133583624,135.7192378751432,134.34636133583624,135.1112518310547,20628800,0.0,0.0
2019-06-25,134.59148861314375,134.924899274271,130.15903612812892,130.84547424316406,33327400,0.0,0.0
2019-06-26,131.74767803717708,133.11075346508719,131.01220536104077,131.33580017089844,23657700,0.0,0.0
2019-06-27,131.54172801590448,132.10069438500113,130.9239262317932,131.55152893066406,16557500,0.0,0.0
2019-06-28,131.96341942375776,131.99283713408767,130.5807271853329,131.365234375,30043000,0.0,0.0
2019-07-01,133.9835211453237,134.05215748465886,132.35567127476043,133.05191040039062,22613500,0.0,0.0
2019-07-02,133.48338226963665,133.9442796753139,132.71849188643395,133.93447875976562,15237800,0.0,0.0
2019-07-03,134.15022002465517,135.07201484574628,133.65008902504232,134.7974395751953,13629300,0.0,0.0
2019-07-05,133.3068807749084,134.66995624633134,133.09114091929638,134.40518188476562,18141100,0.0,0.0
2019-07-08,133.75796338371524,134.44441654607604,132.74791539858833,134.30712890625,16779700,0.0,0.0
2019-07-09,133.36570650504532,134.316918991147,133.16958345871316,133.81680297851562,19953100,0.0,0.0
2019-07-10,134.47386124581817,135.89577243579743,134.36599129550342,135.17991638183594,24204400,0.0,0.0
2019-07-11,135.5230999616276,136.5233470240771,135.19949017779894,135.71922302246094,22327900,0.0,0.0
2019-07-12,136.1605294035252,136.43510470309687,135.33678854157856,136.2095489501953,18936800,0.0,0.0
2019-07-15,136.73909771596328,136.83715177253512,135.77808416746237,136.2095489501953,16651500,0.0,0.0
2019-07-16,136.26836352237817,136.35661663906527,133.87562371512067,134.42477416992188,22726100,0.0,0.0
2019-07-17,135.03278728965432,135.25832806556286,133.58145865715264,133.6304931640625,20211000,0.0,0.0
2019-07-18,132.92444429132786,133.97371096407787,132.06148481225767,133.777587890625,30381800,0.0,0.0
2019-07-19,137.50398423257252,137.94526488253064,133.8070037481603,133.9737091064453,48992400,0.0,0.0
2019-07-22,134.74839471310108,136.4939152116765,134.6699425042267,135.74862670898438,25074900,0.0,0.0
2019-07-23,137.05289270207015,137.27844845671055,135.35640638165995,136.5919952392578,18034600,0.0,0.0
2019-07-24,136.2095389336894,138.01391000805506,136.16051939062405,137.99429321289062,20738300,0.0,0.0
2019-07-25,137.70989000830878,137.88641122288672,136.62140486519968,137.47454833984375,18356900,0.0,0.0
2019-07-26,137.651051943933,138.93567507036306,137.58241561302708,138.60226440429688,19037600,0.0,0.0
2019-07-29,138.75917620931557,138.7689771247585,136.67042905128815,138.29827880859375,16605900,0.0,0.0
2019-07-30,137.42551554208347,138.48459795299755,137.09210486547053,137.63145446777344,16846500,0.0,0.0
2019-07-31,137.6118497281601,137.76875416497938,132.4635407304689,133.6304931640625,38598800,0.0,0.0
2019-08-01,134.34632246156568,138.2100074140658,134.27767117284915,135.3857879638672,40557500,0.0,0.0
2019-08-02,135.41521276152187,135.64076846777954,132.64002766317444,134.24826049804688,30791600,0.0,0.0
2019-08-05,130.71802284719087,131.33580976527978,128.2468302851422,129.64913940429688,42749600,0.0,0.0
2019-08-06,131.20834007581928,133.05191490617605,130.62977177701666,132.0811004638672,32696700,0.0,0.0
2019-08-07,131.19849322950554,133.02246579643875,129.27646663145495,132.65963745117188,33414500,0.0,0.0
2019-08-08,133.9540858080175,136.2977912913062,133.29705043333942,136.19972229003906,27496500,0.0,0.0
2019-08-09,135.92514844788874,136.6802378684132,133.81679956790276,135.04258728027344,23466700,0.0,0.0
2019-08-12,134.41499526377365,135.18968657580362,132.6204401145054,133.15977478027344,20484300,0.0,0.0
2019-08-13,133.41474935106905,136.11148255566783,132.38508458939438,135.9153594970703,25154600,0.0,0.0
2019-08-14,134.1640184933265,134.7149976842263,131.51733665348698,131.8223419189453,32527300,0.46,0.0
2019-08-15,132.22573314774792,132.4126757195829,130.1201970995515,131.52716064453125,28074400,0.0,0.0
2019-08-16,132.70784411578478,134.26240097453072,132.55041721572192,133.93771362304688,24449100,0.0,0.0
2019-08-19,135.6300509911446,136.3187750940107,134.68550435502857,136.1810302734375,24355700,0.0,0.0
2019-08-20,135.9842276709898,136.47617550785128,135.02984766643405,135.0495147705078,21170800,0.0,0.0
2019-08-21,136.3187452579151,137.24360957064997,135.77759964801106,136.55487060546875,14970300,0.0,0.0
2019-08-22,136.4269749472204,136.95827199448163,134.09513203903822,135.56114196777344,18697000,0.0,0.0
2019-08-23,134.9806429177603,136.1219654435424,130.66134173343087,131.24183654785156,38508600,0.0,0.0
2019-08-26,132.81609311868854,133.37690589117827,131.7436353378613,133.2686767578125,20312600,0.0,0.0
2019-08-27,134.19351168952477,134.51819901829793,132.49137661418754,133.55398559570312,23102100,0.0,0.0
2019-08-28,132.70783507096985,133.57365293619407,131.39925220286392,133.3768768310547,17393300,0.0,0.0
2019-08-29,135.03967600149892,136.2105142100854,134.7051550884902,135.89566040039062,20168700,0.0,0.0
2019-08-30,136.9090963117859,136.93861198511786,134.07548658050777,135.63987731933594,23940100,0.0,0.0
2019-09-03,134.4099793129177,134.9904741172239,133.51463070847933,133.84915161132812,18869300,0.0,0.0
2019-09-04,135.0888868260561,135.47260556050207,134.2820851206245,135.41357421875,17995900,0.0,0.0
2019-09-05,136.8697370423994,138.11928883631634,136.52536752804937,137.7946014404297,26101800,0.0,0.0
2019-09-06,137.77492492711295,137.92250328894832,135.97439384743035,136.8599090576172,20824500,0.0,0.0
2019-09-09,137.34201545015745,137.49944238625616,134.26243170791778,135.30535888671875,25773900,0.0,0.0
2019-09-10,134.59694068209822,134.6854876958588,132.34381102269515,133.88853454589844,28903400,0.0,0.0
2019-09-11,133.7212620239407,134.07546506012986,132.91446038087682,133.92787170410156,24726100,0.0,0.0
2019-09-12,135.63004631252528,136.19085912942097,134.66581758871476,135.30535888671875,27010000,0.0,0.0
2019-09-13,135.56113459417045,135.83662416118133,134.37062932524248,135.10855102539062,23363100,0.0,0.0
2019-09-16,133.64254315939854,134.49852754009385,133.4752827064498,134.13449096679688,16731400,0.0,0.0
2019-09-17,134.75436125581078,135.30534044399647,134.2328827244312,135.17742919921875,17814200,0.0,0.0
2019-09-18,135.14790778364215,136.43680868972064,134.33127258835094,136.2892303466797,23982100,0.0,0.0
2019-09-19,138.0405681131924,140.07722438180488,137.81427630847028,138.7981719970703,35772100,0.0,0.0
2019-09-20,138.739120599585,139.36881321686815,136.02357400249934,137.1944122314453,39167300,0.0,0.0
2019-09-23,136.98779322511638,137.3813605104159,136.21052223286722,136.8992462158203,17139300,0.0,0.0
2019-09-24,138.0996076617272,138.42429505983299,134.67565466551875,135.1676025390625,29773200,0.0,0.0
2019-09-25,135.28566076764542,137.70605083148808,133.8393328660304,137.11570739746094,21382000,0.0,0.0
2019-09-26,137.19440509220235,137.92247822904685,136.21050949058076,137.29278564453125,17456600,0.0,0.0
2019-09-27,137.8929578459711,138.09958252098926,134.44932335807115,135.51193237304688,22477700,0.0,0.0
2019-09-30,135.82678690795228,136.97794292724225,135.56113089948383,136.79100036621094,17280900,0.0,0.0
2019-10-01,137.4108964832569,137.99139142515546,134.79372994828017,134.86260986328125,21466600,0.0,0.0
2019-10-02,134.055791274488,134.17385395620283,131.42879151493278,132.48155212402344,30521700,0.0,0.0
2019-10-03,132.77672873784212,134.5477440941611,131.07459329043505,134.08531188964844,24132900,0.0,0.0
2019-10-04,134.54772818364282,136.02357163721112,134.22304082229107,135.89566040039062,22897700,0.0,0.0
2019-10-07,134.9314557993114,135.9547007223386,134.81339311940053,134.91177368164062,15303700,0.0,0.0
2019-10-08,134.87243458478386,135.5414765052492,133.43594014811114,133.48513793945312,25550500,0.0,0.0
2019-10-09,135.24631071724025,136.4663317876139,134.76419641529952,136.0137481689453,19749900,0.0,0.0
2019-10-10,136.25973203105633,137.42072184564984,136.02359163906152,136.8599090576172,17654600,0.0,0.0
2019-10-11,137.86345849541718,138.7588071713643,137.25344797526083,137.4305419921875,25446000,0.0,0.0
2019-10-14,137.44038761461155,138.0307160047841,137.27312715340983,137.30264282226562,13304300,0.0,0.0
2019-10-15,137.80443840217617,139.50657387145569,137.55846446100048,139.29013061523438,19695700,0.0,0.0
2019-10-16,138.52267388124056,138.71946503862452,137.28297066023202,138.1488037109375,20751600,0.0,0.0
2019-10-17,138.68010240526314,139.14253460695835,136.7811908216252,137.44039916992188,21460600,0.0,0.0
2019-10-18,137.50925894645613,137.74539932142196,134.3607956788636,135.19711303710938,32273500,0.0,0.0
2019-10-21,136.22035045171953,136.26954823708783,134.80353830622687,136.20066833496094,20078200,0.0,0.0
2019-10-22,136.73199359816834,137.7552385725698,134.0656295095403,134.17385864257812,27431000,0.0,0.0
2019-10-23,134.67564315221296,135.23645587331944,133.42609145657877,135.02984619140625,29844600,0.0,0.0
2019-10-24,137.145225195532,138.15863659632353,136.43681906893207,137.68637084960938,37029300,0.0,0.0
2019-10-25,137.09600876870581,138.86702384444243,136.95826398576273,138.463623046875,25959700,0.0,0.0
2019-10-28,142.0745448875307,143.3240967340803,141.19887824224588,141.86793518066406,35280100,0.0,0.0
2019-10-29,141.7597006127531,142.17293502371186,140.35272189188765,140.5298309326172,20589500,0.0,0.0
2019-10-30,141.2087308761272,142.66489247149013,140.4904761253168,142.2811737060547,18496600,0.0,0.0
2019-10-31,142.56647056071668,142.59598622852644,140.68724132025304,141.0611114501953,24605100,0.0,0.0
2019-11-01,141.93679943335016,142.0942263608574,140.66758048633622,141.40550231933594,33128400,0.0,0.0
2019-11-04,142.49762706746102,142.6648875478467,141.83841869897932,142.22213745117188,16912000,0.0,0.0
2019-11-05,142.63538745298845,142.68458524978263,141.59246021841483,142.13360595703125,18250200,0.0,0.0
2019-11-06,142.04501074377205,142.19260409968498,140.89385463032113,141.74000549316406,16575800,0.0,0.0
2019-11-07,141.52354846032003,142.54680835641074,141.4546835707492,141.93678283691406,17786700,0.0,0.0
2019-11-08,141.66131156262577,143.63895170779534,141.44485328790017,143.60943603515625,16732700,0.0,0.0
2019-11-11,142.9993998785771,144.06200905430282,142.3992228907984,143.7570037841797,14362600,0.0,0.0
2019-11-12,143.92426730465863,145.19350121355927,143.70780904132764,144.70155334472656,18641600,0.0,0.0
2019-11-13,144.376870324795,145.08527647842564,143.92427166600845,144.93768310546875,16919200,0.0,0.0
2019-11-14,144.65235319976662,146.01996765232957,144.6326710816777,145.67559814453125,19729800,0.0,0.0
2019-11-15,146.53158014732324,147.57452220564764,145.88222039191137,147.55484008789062,23485700,0.0,0.0
2019-11-18,147.65325846414933,148.12552427184596,146.58080057010955,147.9188995361328,21534000,0.0,0.0
2019-11-19,148.4501776184114,148.89292764977694,147.78112078250197,147.9680633544922,23935700,0.0,0.0
2019-11-20,148.39256515796666,148.9158029975508,146.56617375735,147.71136474609375,25696800,0.51,0.0
2019-11-21,147.49416934895658,147.88907577800177,146.60565624584984,147.57315063476562,18576100,0.0,0.0
2019-11-22,148.15568107276263,148.38274292386097,146.92162634961701,147.68179321289062,15901800,0.0,0.0
2019-11-25,148.0865520352166,149.41933702919079,148.00757073310066,149.3008575439453,22420900,0.0,0.0
2019-11-26,149.4291858295927,150.47566159282806,149.3897027154187,150.09063720703125,24620100,0.0,0.0
2019-11-27,150.38682013795764,150.55464974308896,149.58715522827345,150.376953125,15184400,0.0,0.0
2019-11-29,150.15976070368816,150.3572064149597,149.35021370409004,149.44894409179688,11977300,0.0,0.0
2019-12-02,149.87345339368358,149.89320248428737,146.42798275836438,147.6422882080078,27418400,0.0,0.0
2019-12-03,145.6085740881543,147.52381415113797,144.77927795787713,147.4053497314453,24066000,0.0,0.0
2019-12-04,148.22475532300686,148.26423843926966,147.2967439173396,147.93846130371094,17574700,0.0,0.0
2019-12-05,148.1359202835845,148.40248030069895,147.57318414346992,148.01744079589844,17869100,0.0,0.0
2019-12-06,149.0639093081042,149.93267339006485,148.35309274568297,149.814208984375,16403500,0.0,0.0
2019-12-09,149.14290518894754,150.26836234551536,148.9849425898153,149.42919921875,16687400,0.0,0.0
2019-12-10,149.36008070923444,149.95243290715962,148.83684279552878,149.20213317871094,16476100,0.0,0.0
2019-12-11,149.60688421490485,149.93267640123608,148.4123279291652,149.7648468017578,18856600,0.0,0.0
2019-12-12,149.71548848545103,151.48266299571867,149.0935352503865,151.28521728515625,24612100,0.0,0.0
2019-12-13,151.04826489408111,152.91415462255998,150.88043529634018,152.55874633789062,23845400,0.0,0.0
2019-12-16,153.1313647194818,153.9112805827319,152.84507068627786,153.54600524902344,24144200,0.0,0.0
2019-12-17,153.46700498814718,153.72369794910895,152.47976145002576,152.71670532226562,25425600,0.0,0.0
2019-12-18,152.33170338780914,153.49664370363402,152.21322390216332,152.4008026123047,24129200,0.0,0.0
2019-12-19,152.03551590550586,153.78294131276914,151.78870500306184,153.7237091064453,24958900,0.0,0.0
2019-12-20,155.3427911079299,156.46824824285258,154.29630020691212,155.4020233154297,53477500,0.0,0.0
2019-12-23,156.1029578563668,156.1029578563668,155.2638098098828,155.4020233154297,17718200,0.0,0.0
2019-12-24,155.47112132954544,155.698198208722,155.11571302316275,155.37240600585938,8989200,0.0,0.0
2019-12-26,155.55010924806953,156.70518252694416,155.39214664647739,156.6459503173828,14520600,0.0,0.0
2019-12-27,157.41599070472833,157.51472109144976,156.2016852815931,156.9322509765625,18412800,0.0,0.0
2019-12-30,156.9618773567371,156.99149346186422,154.7306970095403,155.57972717285156,16348400,0.0,0.0
2019-12-31,154.7701945909508,155.75743826239938,154.45426938529866,155.68832397460938,18369400,0.0,0.0
2020-01-02,156.7545506793129,158.679672847078,156.31029403508145,158.57107543945312,22622100,0.0,0.0
2020-01-03,156.30042708125987,157.9096240404992,156.0437340826974,156.59658813476562,21116200,0.0,0.0
2020-01-06,155.07625097989623,157.0704875847158,154.5135148082606,157.00137329101562,20813700,0.0,0.0
2020-01-07,157.28766409453695,157.6331903303567,155.31317681279268,155.56985473632812,21634100,0.0,0.0
2020-01-08,156.90263002540098,158.7487859411322,155.93513544193232,158.04783630371094,27746500,0.0,0.0
2020-01-09,159.77549745448167,160.15065483560107,158.97583256453052,160.02230834960938,21385000,0.0,0.0
2020-01-10,160.7430069551953,161.13789836160947,159.12391302212927,159.28187561035156,20725900,0.0,0.0
2020-01-13,159.69652897394627,161.22675965934783,159.202907144084,161.1971435546875,21626500,0.0,0.0
2020-01-14,161.30571951851837,161.51304728772462,159.6570246336257,160.06179809570312,23477400,0.0,0.0
2020-01-15,160.545565129589,161.84873403996303,160.49621499607088,161.09841918945312,21417900,0.0,0.0
2020-01-16,162.2535020762505,164.11939199717503,161.9375768732308,164.05027770996094,23865400,0.0,0.0
2020-01-17,165.2843397185067,165.33370491671533,163.31971931729328,164.9684295654297,34371700,0.0,0.0
2020-01-21,164.55376474186778,166.04451229795814,164.30695382878184,164.37606811523438,29517200,0.0,0.0
2020-01-22,165.26458442042528,165.35344779952126,163.56652410198882,163.58627319335938,24138800,0.0,0.0
2020-01-23,164.0700237919703,164.67224301805632,163.16176144616136,164.59326171875,19680800,0.0,0.0
2020-01-24,165.37318550843145,165.39293460024166,162.35222221962889,162.9346923828125,24918100,0.0,0.0
2020-01-27,159.0942945937405,161.29585859152792,158.15641621911342,160.2098846435547,32078100,0.0,0.0
2020-01-28,161.6907727186633,163.64551103562263,160.98983812438524,163.34934997558594,24899900,0.0,0.0
2020-01-29,165.6989776143148,166.5973729892363,163.57640970262776,165.89642333984375,34754500,0.0,0.0
2020-01-30,171.82976191724782,171.82976191724782,168.6113379468175,170.57595825195312,51597500,0.0,0.0
2020-01-31,170.01322482909066,170.20078845683392,167.41676937347862,168.0584716796875,36142700,0.0,0.0
2020-02-03,168.25592372682453,172.2740125101416,168.2263076232149,172.15554809570312,30149100,0.0,0.0
2020-02-04,174.8803447143786,178.33569759125172,174.06093065302295,177.82232666015625,36433300,0.0,0.0
2020-02-05,181.68246990876688,181.85029954208113,176.1341647382041,177.6051483154297,39186300,0.0,0.0
2020-02-06,178.66148021908273,181.47513057910314,177.76308490394447,181.2875518798828,27751400,0.0,0.0
2020-02-07,180.5175236283623,183.26206001653415,180.15223320146305,181.54425048828125,33529100,0.0,0.0
2020-02-10,181.23817959127175,186.43107543815353,180.91238739971715,186.29286193847656,35844300,0.0,0.0
2020-02-11,188.2180095748078,188.26737477373683,181.15922298812157,182.0872344970703,53159900,0.0,0.0
2020-02-12,183.21267215020816,183.47923214461196,179.53025767877486,182.35377502441406,47062900,0.0,0.0
2020-02-13,180.74457827976,183.85438990697023,180.53725047467907,181.36654663085938,35295800,0.0,0.0
2020-02-14,180.91239333460553,183.04484316884137,180.32004113704818,182.98561096191406,23149500,0.0,0.0
2020-02-18,183.24231422231688,185.30565005773462,183.13371680655047,184.84164428710938,27792200,0.0,0.0
2020-02-19,186.16813290501855,186.28692088340057,184.59413177030785,185.39598083496094,29997500,0.51,0.0
2020-02-20,185.06930563962504,185.36629070186046,179.27816489982902,182.56475830078125,36862400,0.0,0.0
2020-02-21,181.32733904406197,181.65402111264845,175.46689505295336,176.7934112548828,48572600,0.0,0.0
2020-02-24,166.08227453354147,172.79406800033757,161.58793748674847,169.17088317871094,68311100,0.0,0.0
2020-02-25,172.4475803761603,173.08114150199592,165.96346902415087,166.37925720214844,68073300,0.0,0.0
2020-02-26,168.00275061098108,171.51702608243107,166.51784037618654,168.45811462402344,56206100,0.0,0.0
2020-02-27,161.6770368663657,165.34970646198863,156.39074484416855,156.58872985839844,93174900,0.0,0.0
2020-02-28,150.8767722203234,162.0630982196901,150.47089315955836,160.38018798828125,97073600,0.0,0.0
2020-03-02,163.64702406107014,171.1804701404311,160.67720324300862,171.05177307128906,71030800,0.0,0.0
2020-03-03,172.05160967393078,173.23953489213338,160.62769131408214,162.8550567626953,71677000,0.0,0.0
2020-03-04,166.7950153317361,168.98277452584284,163.95387693149627,168.83428955078125,49814400,0.0,0.0
2020-03-05,164.3795630353041,169.15106664859823,164.0231839811972,164.59735107421875,47817300,0.0,0.0
2020-03-06,160.97417224758973,161.46914233443366,154.43066709530166,159.94464111328125,72821100,0.0,0.0
2020-03-09,149.48097949636878,156.16307626193492,148.49103923480342,149.10479736328125,70419300,0.0,0.0
2020-03-10,156.56894841627314,159.41007200664606,151.04508019029882,159.30117797851562,65354400,0.0,0.0
2020-03-11,155.54930914794778,156.1135672096943,149.62945584994648,152.0845184326172,56371600,0.0,0.0
2020-03-12,143.8383195572139,151.9261294864952,137.18591995152326,137.6610870361328,93226400,0.0,0.0
2020-03-13,146.01618365421817,160.28122596733354,139.31428408006562,157.23220825195312,92727400,0.0,0.0
2020-03-16,138.59162118720414,147.84756764432188,133.64192043051827,134.0576934814453,87905900,0.0,0.0
2020-03-17,138.59163580623493,146.0161877244261,133.64193452744084,145.09555053710938,81059800,0.0,0.0
2020-03-18,136.611744225298,144.5312656296631,133.66172673165272,138.9875946044922,81593200,0.0,0.0
2020-03-19,141.33376227947792,148.63951046140141,137.60168360964917,141.2743682861328,85922700,0.0,0.0
2020-03-20,144.5312689068442,145.62020916675095,134.49327590341602,135.96829223632812,84866200,0.0,0.0
2020-03-23,135.63171309140324,139.1559131965634,131.18689087646936,134.61207580566406,78975200,0.0,0.0
2020-03-24,142.303895651029,148.09505153355124,139.84884832423447,146.84771728515625,82516700,0.0,0.0
2020-03-25,147.4120030947637,152.77747732218447,142.98696906363799,145.4420166015625,75638200,0.0,0.0
2020-03-26,146.9071204115185,155.08403617396408,146.8774234137852,154.53956604003906,64568100,0.0,0.0
2020-03-27,150.2234264666505,153.3318381135446,147.69907591682858,148.1940460205078,57042300,0.0,0.0
2020-03-30,150.9064905668816,158.9844064415887,148.50092796137957,158.6181182861328,63420300,0.0,0.0
2020-03-31,157.79646035492868,163.12234341456895,154.98503383861947,156.12347412109375,77927200,0.0,0.0
2020-04-01,151.4608496349718,156.16306555501177,149.3027872632604,150.57980346679688,57969900,0.0,0.0
2020-04-02,150.3323292580583,153.91590818392655,148.84741886045018,153.6981201171875,49630700,0.0,0.0
2020-04-03,153.53972949132182,155.79679191580777,150.65899991352396,152.28250122070312,41243300,0.0,0.0
2020-04-06,158.70722088235095,164.82504409740991,155.99477928332445,163.607421875,67111700,0.0,0.0
2020-04-07,167.88394754791418,168.2898266374265,161.61762454342718,161.84532165527344,62769000,0.0,0.0
2020-04-08,164.00337203461692,164.99331211940745,161.85520386325584,163.46881103515625,48318200,0.0,0.0
2020-04-09,164.68645753906512,165.68629173511272,161.68693984563322,163.47872924804688,51431800,0.0,0.0
2020-04-13,162.69665173589712,163.9043797940092,160.66727163134578,163.844970703125,41905300,0.0,0.0
2020-04-14,167.2998903774139,172.00210623121697,166.3099501976659,171.95260620117188,52874300,0.0,0.0
2020-04-15,169.47777269712066,171.82394142930238,167.53749820977674,170.15093994140625,40940800,0.0,0.0
2020-04-16,172.54657626182583,175.49659376646724,171.16065094772296,175.25900268554688,50479600,0.0,0.0
2020-04-17,177.69425428865082,178.18922435630725,174.10076676377324,176.80331420898438,52765600,0.0,0.0
2020-04-20,174.85314835434656,176.95181681660478,173.2296469748981,173.29893493652344,36669600,0.0,0.0
2020-04-21,171.7546123238493,171.9229003330883,164.43895537720636,166.1317596435547,56203700,0.0,0.0
2020-04-22,169.66585184210592,172.24959639220046,169.10159377764026,171.77442932128906,34651600,0.0,0.0
2020-04-23,172.35849834249797,173.29893856336398,169.19069254865428,169.695556640625,32790800,0.0,0.0
2020-04-24,170.3291108119336,172.80396134704895,168.99270058614465,172.7940673828125,34305300,0.0,0.0
2020-04-27,174.81354436092548,175.12042342024273,171.55664759893648,172.29910278320312,33194400,0.0,0.0
2020-04-28,173.8235830654293,173.90278008812848,167.68595730647468,168.1017303466797,34392700,0.0,0.0
2020-04-29,171.47744082771615,175.89256561377275,170.15092459910102,175.64508056640625,51286600,0.0,0.0
2020-04-30,178.18924218373434,178.5852122353603,174.45716327073848,177.40719604492188,53875900,0.0,0.0
2020-05-01,174.03148017876407,176.84290655991072,172.25947886364648,172.81385803222656,39370500,0.0,0.0
2020-05-04,172.7346629470215,177.19928760463114,172.0516018237665,177.0408935546875,30372900,0.0,0.0
2020-05-05,178.80299832839535,181.80251599706847,178.09024015907806,178.94158935546875,36839200,0.0,0.0
2020-05-06,180.24831029129382,182.34697864507274,179.80284023010526,180.70367431640625,32139300,0.0,0.0
2020-05-07,182.31727928234142,182.6934613806049,180.7432780374308,181.75302124023438,28316000,0.0,0.0
2020-05-08,183.11912862708567,183.13893165998908,181.5154303835391,182.8221435546875,30912600,0.0,0.0
2020-05-11,181.30753820481715,185.62367800049267,181.01056823458936,184.86143493652344,30892700,0.0,0.0
2020-05-12,184.92081701824418,185.1583929791221,180.46608648833336,180.67396545410156,32038200,0.0,0.0
2020-05-13,180.71357738411882,182.19848760895908,174.76402741587452,177.94174194335938,44711500,0.0,0.0
2020-05-14,175.7539711584868,178.87229175756806,173.91268183783416,178.71389770507812,41873900,0.0,0.0
2020-05-15,177.25866822074923,185.1781888568531,175.21939407379836,181.3174285888672,46610400,0.0,0.0
2020-05-18,183.881396626843,184.32686670663085,182.1094102720286,183.0498504638672,35306600,0.0,0.0
2020-05-19,183.1686403887814,184.72285380755028,181.6441390739148,181.78273010253906,26799100,0.0,0.0
2020-05-20,183.46037000888873,184.49278359573097,182.59672827838907,184.30416870117188,31261300,0.51,0.0
2020-05-21,184.04606894745365,185.30679872948056,181.95147708878966,182.0904541015625,29119500,0.0,0.0
2020-05-22,181.85220560702749,183.11293531388603,181.2069433275587,182.16986083984375,20826900,0.0,0.0
2020-05-26,184.97920410433662,185.13803930156988,179.7774801474918,180.24404907226562,36073600,0.0,0.0
2020-05-27,178.88404136797368,180.6609779274721,175.31034035743838,180.48228454589844,39517100,0.0,0.0
2020-05-28,179.4201029461154,182.80518899111905,179.06273133713654,180.0752716064453,33810200,0.0,0.0
2020-05-29,181.39556686294813,182.9243291324795,179.09251708641528,181.91177368164062,42146700,0.0,0.0
2020-06-01,181.2069518403202,181.66359924643297,180.1348521252623,181.49484252929688,22622400,0.0,0.0
2020-06-02,182.904462805805,183.64898572088967,180.02564692642054,183.5596466064453,30794600,0.0,0.0
2020-06-03,183.47032827907032,184.58214444441046,182.23937813361576,184.00637817382812,27311000,0.0,0.0
2020-06-04,182.95409444456726,184.48284144646513,180.96870007218425,181.58416748046875,28761800,0.0,0.0
2020-06-05,181.28636118169433,186.3590445737425,180.68081527256055,185.83291625976562,39893600,0.0,0.0
2020-06-08,184.58212580930777,187.17306619167167,183.09307996076203,186.9844512939453,33211600,0.0,0.0
2020-06-09,186.62708235637828,189.30736189266318,185.89248094086284,188.4139404296875,29783900,0.0,0.0
2020-06-10,189.7342339302335,197.0702661445346,189.61509995771277,195.40252685546875,43872300,0.0,0.0
2020-06-11,191.71961721887246,194.33040058375317,184.711177332377,184.9097137451172,52854700,0.0,0.0
2020-06-12,189.148512745823,190.31990328700493,183.82765529075724,186.3689727783203,43373600,0.0,0.0
2020-06-15,183.23206569526639,189.4265021733242,182.66622097513454,187.5602264404297,32770200,0.0,0.0
2020-06-16,191.48137582637597,194.15173390655968,190.06182600084506,192.1564178466797,42556700,0.0,0.0
2020-06-17,193.60574210151307,194.8863300275763,192.2755314311833,192.82151794433594,25687800,0.0,0.0
2020-06-18,192.58327231994207,195.05509400019037,192.58327231994207,194.88633728027344,23061600,0.0,0.0
2020-06-19,197.13973432473387,197.8346193388299,192.95055090743836,193.724853515625,44441100,0.0,0.0
2020-06-22,194.36019396498958,199.2939006629126,193.80428591125602,199.1053009033203,32818900,0.0,0.0
2020-06-23,200.61417932908182,202.46059678050966,199.95899552272022,200.4355010986328,30917400,0.0,0.0
2020-06-24,200.1277692040307,201.76571358749533,195.12456664288317,196.3952178955078,36740600,0.0,0.0
2020-06-25,196.35552397081574,199.14500088922614,194.04253750301478,198.87696838378906,27803900,0.0,0.0
2020-06-26,198.27140460591536,198.43023979095082,193.45683234496389,194.896240234375,54675800,0.0,0.0
2020-06-29,194.35025135177105,197.08016857799328,192.136540896858,196.99082946777344,26701600,0.0,0.0
2020-06-30,196.43494355669645,202.90731894727418,196.29596654272353,202.02381896972656,34310300,0.0,0.0
2020-07-01,201.65651861604312,204.84308345111995,200.29652823166248,203.2051239013672,32061200,0.0,0.0
2020-07-02,204.17797215512874,206.5008953350351,203.5029452659543,204.7537384033203,29315800,0.0,0.0
2020-07-06,207.30496170995164,209.58816833925178,206.57036031608854,209.1613006591797,31897600,0.0,0.0
2020-07-07,208.9131331905926,213.1023167965303,206.47110643860907,206.7292022705078,33600700,0.0,0.0
2020-07-08,208.53591788805426,211.70260938129297,207.16599084043366,211.2757568359375,33600000,0.0,0.0
2020-07-09,214.75019884059594,214.79983673278258,209.92568957879925,212.7548828125,33121700,0.0,0.0
2020-07-10,212.0599812487585,212.51662864762895,209.53853690393575,212.109619140625,26177600,0.0,0.0
2020-07-13,212.9136902587378,214.22405782758557,204.99197087956708,205.5578155517578,38135600,0.0,0.0
2020-07-14,204.62468686820762,207.32482457200257,200.55462212646083,206.82847595214844,37591800,0.0,0.0
2020-07-15,208.02962543989378,209.78670374737996,203.5327082787986,206.52072143554688,32179400,0.0,0.0
2020-07-16,203.90000430464224,204.19781650212286,200.832573509514,202.43081665039062,29940700,0.0,0.0
2020-07-17,202.9767918495951,203.54262136067217,199.91928274397543,201.39840698242188,31635300,0.0,0.0
2020-07-20,203.5029404897148,210.74963359516167,201.52746746800958,210.05474853515625,36884800,0.0,0.0
2020-07-21,212.09970265821872,212.37765668244242,206.5108121726729,207.22555541992188,38105800,0.0,0.0
2020-07-22,207.67224769343855,210.7496150202638,206.86816539863344,210.20362854003906,49605700,0.0,0.0
2020-07-23,205.6769492078895,209.37970577316176,200.67374649884766,201.06089782714844,67457000,0.0,0.0
2020-07-24,198.95639283447912,201.37857669180204,196.06764003017878,199.82997131347656,39827000,0.0,0.0
2020-07-27,199.9987190476321,202.48046220834888,199.3931731105229,202.36134338378906,30160900,0.0,0.0
2020-07-28,202.12307790900877,203.20511422384388,200.26673898838732,200.54469299316406,23251400,0.0,0.0
2020-07-29,201.02118845075805,203.15548142968726,200.53476135651982,202.56979370117188,19632600,0.0,0.0
2020-07-30,199.53214897487726,202.96688815440672,198.11259916583762,202.4109649658203,25079600,0.0,0.0
2020-07-31,202.9073020013614,203.60220216054955,197.5566646892271,203.51284790039062,51248000,0.0,0.0
2020-08-03,209.97533446397287,216.05063701547076,208.9032195759394,214.9586639404297,78983000,0.0,0.0
2020-08-04,212.60596979105304,213.2015942044121,208.7741577717501,211.73239135742188,49280100,0.0,0.0
2020-08-05,213.33062680172665,213.4299025828012,210.02495838442113,211.38494873046875,28858600,0.0,0.0
2020-08-06,210.78932449411053,214.78989308717163,210.00510035353065,214.77005004882812,32656800,0.0,0.0
2020-08-07,213.28101706720335,214.12480066837182,209.38963039262507,210.92831420898438,27820400,0.0,0.0
2020-08-10,210.1242250471352,210.33269813443036,204.8430835548341,206.7292022705078,36716500,0.0,0.0
2020-08-11,205.64716985517776,206.13358182261646,201.65652259304645,201.894775390625,36446500,0.0,0.0
2020-08-12,203.79082490304987,208.7443899523958,203.25477501838873,207.662353515625,28041400,0.0,0.0
2020-08-13,207.91050470387782,209.80655999773944,206.62991682897052,207.1759033203125,22588900,0.0,0.0
2020-08-14,207.2354736736721,208.05941421369258,205.99460210388668,207.37445068359375,17958900,0.0,0.0
2020-08-17,208.06934267024076,209.64772760935955,207.39430068628818,208.74436950683594,20184800,0.0,0.0
2020-08-18,208.99254538184502,210.80918311966448,207.68219292263473,209.94554138183594,21336200,0.0,0.0
2020-08-19,210.4530458938724,211.06005560171297,208.22402340292248,208.67181396484375,27627600,0.51,0.0
2020-08-20,208.5125962239672,213.94583193928057,207.8856955066425,213.52789306640625,26981500,0.0,0.0
2020-08-21,212.81141789039054,215.18969880976147,211.8063755147811,211.9755401611328,36249300,0.0,0.0
2020-08-24,213.73685516335354,214.4632868283735,211.3884258863519,212.6422576904297,25460100,0.0,0.0
2020-08-25,212.05515862693963,215.547943331813,212.05515862693963,215.40863037109375,23043700,0.0,0.0
2020-08-26,216.81171789068506,221.00106734554456,216.294263250075,220.065673828125,39600800,0.0,0.0
2020-08-27,221.7971602322502,230.0166556343184,218.3242663846194,225.4690704345703,57602200,0.0,0.0
2020-08-28,227.0612117363377,229.50915688165935,225.46906574794306,227.7876434326172,26292900,0.0,0.0
2020-08-31,225.88698793951477,227.57864957010858,223.21017494815266,224.4241943359375,28774200,0.0,0.0
2020-09-01,224.40430509560784,226.33479558539568,223.32959858013913,226.1556854248047,25791200,0.0,0.0
2020-09-02,226.85224137232115,231.71826460305792,226.23528615356096,230.51419067382812,34080800,0.0,0.0
2020-09-03,228.1458691415029,228.185666336315,213.90603501763576,216.23455810546875,58400300,0.0,0.0
2020-09-04,214.0453624163462,217.2893730434551,204.1839478872238,213.19952392578125,59664100,0.0,0.0
2020-09-08,205.48750441026127,209.00019515955418,201.20858481673963,201.6663360595703,52924300,0.0,0.0
2020-09-09,206.58211832943266,213.78661002176824,205.68652202718803,210.25401306152344,45679000,0.0,0.0
2020-09-10,212.35366367381195,213.68710500492259,203.10922053304802,204.363037109375,35461500,0.0,0.0
2020-09-11,206.1840881255519,207.60708468126776,200.25331871676505,203.02963256835938,33620100,0.0,0.0
2020-09-14,203.23858579939645,208.17425766482296,203.02960878026795,204.40284729003906,30375800,0.0,0.0
2020-09-15,207.39809690122192,208.75142931101675,205.91539703379317,207.75633239746094,21823900,0.0,0.0
2020-09-16,209.58729838219054,209.61715007364128,203.63662333742755,204.04461669921875,26328100,0.0,0.0
2020-09-17,199.06913761884562,203.32815113050202,198.97958254211758,201.9151153564453,34011300,0.0,0.0
2020-09-18,201.8056424763061,202.65146568112746,195.28775512822554,199.40745544433594,55225300,0.0,0.0
2020-09-21,196.2231614365854,201.71610061238155,195.417135371697,201.5469207763672,39839700,0.0,0.0
2020-09-22,204.0545554706513,207.07965836564068,201.08917114056678,206.40298461914062,33517100,0.0,0.0
2020-09-23,206.880631459153,207.07966297865732,199.04922401700136,199.60647583007812,30803800,0.0,0.0
2020-09-24,198.87012085431618,204.56207631744917,198.22329876115757,202.19374084472656,31202500,0.0,0.0
2020-09-25,202.55197272524282,208.01504487234675,201.54691515986866,206.80104064941406,29437300,0.0,0.0
2020-09-28,209.84604318943892,211.52775941240026,207.03986258885809,208.41310119628906,32004900,0.0,0.0
2020-09-29,208.32353843844186,209.04000940860607,205.7959838537032,206.2437744140625,24221900,0.0,0.0
2020-09-30,206.71146344186698,210.940625034785,205.52729576641426,209.29872131347656,33829100,0.0,0.0
2020-10-01,212.44323775324096,212.9407861917791,210.28387935206229,211.4182891845703,27158400,0.0,0.0
2020-10-02,206.98015432401172,209.95549950864992,204.53220927942357,205.1790313720703,33154800,0.0,0.0
2020-10-05,206.2039855631086,209.37834717636534,205.96515683539926,209.34849548339844,21331600,0.0,0.0
2020-10-06,207.79614150073346,209.14945870521683,203.81575390926855,204.90040588378906,28554300,0.0,0.0
2020-10-07,206.04475539810196,209.0798038872968,205.70642610657814,208.80117797851562,25681100,0.0,0.0
2020-10-08,209.4778517948927,210.1545256111216,207.29860224644383,209.54751586914062,19925800,0.0,0.0
2020-10-09,210.1943159054745,214.80161945452673,210.1943159054745,214.75186157226562,26458000,0.0,0.0
2020-10-12,217.7172495433487,222.76239824148846,215.74696188332933,220.314453125,40461400,0.0,0.0
2020-10-13,221.62797525409917,224.10577191715987,219.34919492748318,221.7672882080078,28950800,0.0,0.0
2020-10-14,221.90660634542056,223.12062576525688,218.05558624215408,219.777099609375,23451700,0.0,0.0
2020-10-15,216.03554687421266,219.2795573592028,214.95087969426035,218.58299255371094,22733100,0.0,0.0
2020-10-16,219.07058032556827,221.20008712177142,218.24466324589687,218.58299255371094,26057900,0.0,0.0
2020-10-19,219.33926031554117,221.21004737574992,212.67211401778354,213.16966247558594,27625800,0.0,0.0
2020-10-20,214.74190467507606,216.3041988441557,212.04518551294285,213.5975341796875,22753500,0.0,0.0
2020-10-21,212.07505541369935,215.8564268299789,212.07505541369935,213.746826171875,22724900,0.0,0.0
2020-10-22,212.88106507459545,215.00062625624994,210.66200331680923,213.83636474609375,22351500,0.0,0.0
2020-10-23,213.9756865538837,215.21955768679888,212.1148601979142,215.1697998046875,18879600,0.0,0.0
2020-10-26,212.80147681659759,215.27925836446164,207.07966967714333,209.04995727539062,37111600,0.0,0.0
2020-10-27,210.55255743608112,213.6174578267441,209.29874076061756,212.2044219970703,36700300,0.0,0.0
2020-10-28,206.65177254523448,207.81603410260462,201.10909067720883,201.6862335205078,51195600,0.0,0.0
2020-10-29,203.06942540834265,206.34328742742343,202.37284545264728,203.7162322998047,31432600,0.0,0.0
2020-10-30,202.50222830168855,203.28834820726726,198.64124729632755,201.47727966308594,36953700,0.0,0.0
2020-11-02,203.28833302360005,204.2734843917713,199.13878089507736,201.33795166015625,30842200,0.0,0.0
2020-11-03,202.89030722354974,207.09956287749955,202.12407835567632,205.4178466796875,27512000,0.0,0.0
2020-11-04,212.9706352985895,217.24955485487968,211.37847424100192,215.32901000976562,42311800,0.0,0.0
2020-11-05,220.9513192469731,223.02112271708677,220.06568357223944,222.1951904296875,36080100,0.0,0.0
2020-11-06,221.17022925257527,223.25993879466776,216.96097366038882,222.62307739257812,25231900,0.0,0.0
2020-11-09,223.3395532177833,227.00150256332506,216.81171990861833,217.3192138671875,44395000,0.0,0.0
2020-11-10,213.44828115713418,215.43847492083705,208.69171927660216,209.9753875732422,44045100,0.0,0.0
2020-11-11,211.34862874964887,216.97092012823276,211.15955791031698,215.4882354736328,29440800,0.0,0.0
2020-11-12,216.14500804576872,218.0356861146825,213.40849152372434,214.38368225097656,21593900,0.0,0.0
2020-11-13,215.29916683090684,216.35396712007412,213.10995667814805,215.44842529296875,18621100,0.0,0.0
2020-11-16,213.81647237253216,216.67241088516252,213.46819755760836,216.16490173339844,24953300,0.0,0.0
2020-11-17,215.04045139029913,216.61269116861666,213.0303513519296,213.4084930419922,24154100,0.0,0.0
2020-11-18,213.15905730077256,214.6755688246058,210.4453062470611,210.594970703125,28372800,0.56,0.0
2020-11-19,210.8942812481896,212.54048367426998,209.44760097976737,211.931884765625,24792700,0.0,0.0
2020-11-20,211.71239363532393,212.7998853274414,209.51745194540314,209.90655517578125,22843100,0.0,0.0
2020-11-23,210.4652634096157,211.80218062365702,207.68168113717283,209.627197265625,25683500,0.0,0.0
2020-11-24,209.10838373361017,213.75767926776078,208.3800654484567,213.3685760498047,33979700,0.0,0.0
2020-11-25,214.61571145221424,214.7952905329607,211.97180682749055,213.37855529785156,21012900,0.0,0.0
2020-11-27,214.3563113944491,215.77304660987812,213.5481598711359,214.7354278564453,14512200,0.0,0.0
2020-11-30,213.60802432733155,214.26649613907003,210.35550575904026,213.57809448242188,33064800,0.0,0.0
2020-12-01,214.01707477097563,216.82063049632927,212.85975188997134,215.7131805419922,30931300,0.0,0.0
2020-12-02,214.38624250203296,214.9748831158458,212.31102020668558,214.87510681152344,23724500,0.0,0.0
2020-12-03,214.11685610051404,215.88279314457523,213.15905535113595,213.74771118164062,25120900,0.0,0.0
2020-12-04,213.72775394977728,214.885092087502,212.69013519742873,213.867431640625,24666000,0.0,0.0
2020-12-07,213.87739489936564,215.04470453276028,212.5005763496757,213.79757690429688,24620000,0.0,0.0
2020-12-08,213.4783205040232,216.45146851259858,212.40080040438545,215.5136260986328,23284100,0.0,0.0
2020-12-09,214.66558839490537,214.73541962586236,210.7246681280323,211.3133087158203,32440600,0.0,0.0
2020-12-10,211.2833825346993,212.5903698780805,209.8766188896767,210.0362548828125,26733300,0.0,0.0
2020-12-11,209.56732803857219,212.82981815091696,208.6294856337487,212.7699432373047,30979400,0.0,0.0
2020-12-14,212.6103309756142,215.71318522321107,212.39083528810116,213.70779418945312,28798400,0.0,0.0
2020-12-15,214.6755581934305,214.92498371745833,211.75229835921266,213.63795471191406,27018100,0.0,0.0
2020-12-16,214.2565335911165,219.60421764615813,214.22660374495064,218.776123046875,35023300,0.0,0.0
2020-12-17,219.36476492076156,220.38242536746012,217.41924879010736,218.91580200195312,32515800,0.0,0.0
2020-12-18,218.08770751953125,219.1851859649876,215.5236209314764,218.08770751953125,63354900,0.0,0.0
2020-12-21,217.05009459131145,223.48527008242172,216.780710762051,222.07850646972656,37181900,0.0,0.0
2020-12-22,222.17828738989718,225.1115340565302,221.34022126335236,223.4254150390625,22612200,0.0,0.0
2020-12-23,222.5973245514053,223.04628746862545,220.2926350491124,220.5121307373047,18699600,0.0,0.0
2020-12-24,220.91119829420938,223.09616834027162,220.69170261317956,222.23814392089844,10550600,0.0,0.0
2020-12-28,223.93423164757854,225.51060278079174,222.50752496249632,224.4430694580078,17933500,0.0,0.0
2020-12-29,225.78995838897225,226.65795433889716,223.06623593582026,223.63491821289062,17403200,0.0,0.0
2020-12-30,224.71243874610815,225.1115287186134,220.9610843469136,221.17059326171875,20272300,0.0,0.0
2020-12-31,221.1905582807072,222.48757408920116,219.17519572362355,221.90890502929688,20942100,0.0,0.0
2021-01-04,222.0186480915487,222.48756929855134,214.31638662708193,217.1897735595703,37130100,0.0,0.0
2021-01-05,216.7607632263212,218.017877676174,215.20435031100493,217.3992919921875,23823000,0.0,0.0
2021-01-06,211.68245007256124,215.99253039783827,211.45298285508537,211.76226806640625,35930700,0.0,0.0
2021-01-07,213.54815706362342,218.83598139382437,213.21892875782328,217.78839111328125,27694500,0.0,0.0
2021-01-08,218.1774987302617,220.0731419484173,216.53129627319063,219.11534118652344,22956200,0.0,0.0
2021-01-11,217.96797816659637,218.40696952470418,216.23197103873173,216.990234375,23047000,0.0,0.0
2021-01-12,216.00251110136756,216.60113846873716,212.82982563599708,214.4361114501953,23249300,0.0,0.0
2021-01-13,213.52821916908553,216.26191332667443,213.4384144052322,215.84288024902344,20087100,0.0,0.0
2021-01-14,215.41387620061778,216.9603175874859,212.25116219228482,212.530517578125,29480800,0.0,0.0
2021-01-15,213.0293576186083,214.01707295889315,211.54277600234013,212.16134643554688,31746500,0.0,0.0
2021-01-19,213.2588211612697,216.48139464061902,212.14139969508125,215.94264221191406,30480900,0.0,0.0
2021-01-20,217.19975183791087,225.2711584598283,216.79069030869107,223.82449340820312,37777300,0.0,0.0
2021-01-21,224.183664869149,225.7799943616757,221.90890523772052,224.4530487060547,30749600,0.0,0.0
2021-01-22,226.55819437581724,229.54132913115782,225.2811369075136,225.4307861328125,30172700,0.0,0.0
2021-01-25,228.59350195886475,229.25198900339393,223.70476772245937,229.0025634765625,33152100,0.0,0.0
2021-01-26,231.32722134923776,233.64188242331423,229.55131273828349,231.796142578125,49169600,0.0,0.0
2021-01-27,237.45310939274472,239.88750505088677,229.61116996099327,232.3648223876953,69870600,0.0,0.0
2021-01-28,235.06860298161325,242.0824478427433,234.54979360359363,238.38096618652344,49111200,0.0,0.0
2021-01-29,235.4477249547249,237.47305900752724,230.81838780207298,231.42698669433594,42468900,0.0,0.0
2021-02-01,234.51985517515303,241.9427612977758,231.89589375835183,239.09930419921875,33314200,0.0,0.0
2021-02-02,240.74552053405986,241.75319417769677,238.14151743589778,238.95962524414062,25916300,0.0,0.0
2021-02-03,239.01950884230985,244.52681369068858,238.71020839116707,242.44161987304688,27158100,0.0,0.0
2021-02-04,242.10240346071018,242.68107252520701,239.81765704884106,241.45388793945312,25296100,0.0,0.0
2021-02-05,241.67337772136344,242.72096798108288,239.86753933896594,241.64344787597656,18043900,0.0,0.0
2021-02-08,242.59127195223914,243.12005287442787,240.25665257234257,241.912841796875,22211900,0.0,0.0
2021-02-09,241.31421093201087,244.1975694981245,240.82534662821286,243.20985412597656,23565000,0.0,0.0
2021-02-10,244.43702252660202,245.35490666189554,240.3364661520026,242.2620391845703,22186700,0.0,0.0
2021-02-11,244.21751904950423,244.5866639552587,241.59355765244717,243.92819213867188,15742200,0.0,0.0
2021-02-12,243.36947069492402,244.7363329507317,242.1722311963053,244.4270477294922,16552000,0.0,0.0
2021-02-16,244.4669450131215,245.56442341561075,242.36179296742,243.13999938964844,26728500,0.0,0.0
2021-02-17,241.32000732421875,244.30999755859375,240.94000244140625,244.1999969482422,21653500,0.56,0.0
2021-02-18,241.8000030517578,243.92999267578125,240.86000061035156,243.7899932861328,16925600,0.0,0.0
2021-02-19,243.75,243.86000061035156,240.17999267578125,240.97000122070312,25262600,0.0,0.0
2021-02-22,237.4199981689453,237.92999267578125,232.39999389648438,234.50999450683594,36446900,0.0,0.0
2021-02-23,230.3300018310547,234.8300018310547,228.72999572753906,233.27000427246094,30228700,0.0,0.0
2021-02-24,230.00999450683594,235.1999969482422,229.0,234.5500030517578,26339700,0.0,0.0
2021-02-25,232.0800018310547,234.58999633789062,227.8800048828125,228.99000549316406,39542200,0.0,0.0
2021-02-26,231.52999877929688,235.3699951171875,229.5399932861328,232.3800048828125,37811200,0.0,0.0
2021-03-01,235.89999389648438,237.47000122070312,233.14999389648438,236.94000244140625,25324000,0.0,0.0
2021-03-02,237.00999450683594,237.3000030517578,233.4499969482422,233.8699951171875,22785500,0.0,0.0
2021-03-03,232.16000366210938,233.5800018310547,227.25999450683594,227.55999755859375,33950400,0.0,0.0
2021-03-04,226.74000549316406,232.49000549316406,224.25999450683594,226.72999572753906,44584200,0.0,0.0
2021-03-05,229.52000427246094,233.27000427246094,226.4600067138672,231.60000610351562,41842100,0.0,0.0
2021-03-08,231.3699951171875,233.3699951171875,227.1300048828125,227.38999938964844,35245900,0.0,0.0
2021-03-09,232.8800048828125,235.3800048828125,231.6699981689453,233.77999877929688,33034000,0.0,0.0
2021-03-10,237.0,237.0,232.0399932861328,232.4199981689453,29733000,0.0,0.0
2021-03-11,234.9600067138672,239.1699981689453,234.30999755859375,237.1300048828125,29896000,0.0,0.0
2021-03-12,234.00999450683594,235.82000732421875,233.22999572753906,235.75,22647900,0.0,0.0
2021-03-15,234.9600067138672,235.19000244140625,231.80999755859375,234.80999755859375,26034900,0.0,0.0
2021-03-16,236.27999877929688,240.05999755859375,235.94000244140625,237.7100067138672,27717700,0.0,0.0
2021-03-17,236.14999389648438,238.5500030517578,233.22999572753906,237.0399932861328,29500700,0.0,0.0
2021-03-18,232.55999755859375,234.19000244140625,230.3300018310547,230.72000122070312,34833000,0.0,0.0
2021-03-19,231.02000427246094,232.47000122070312,229.35000610351562,230.35000610351562,46410700,0.0,0.0
2021-03-22,230.27000427246094,236.89999389648438,230.13999938964844,235.99000549316406,30127000,0.0,0.0
2021-03-23,237.49000549316406,241.0500030517578,237.07000732421875,237.5800018310547,31638400,0.0,0.0
2021-03-24,237.85000610351562,238.0,235.32000732421875,235.4600067138672,25620100,0.0,0.0
2021-03-25,235.3000030517578,236.94000244140625,231.57000732421875,232.33999633789062,34061900,0.0,0.0
2021-03-26,231.5500030517578,236.7100067138672,231.5500030517578,236.47999572753906,25471700,0.0,0.0
2021-03-29,236.58999633789062,236.8000030517578,231.8800048828125,235.24000549316406,25227500,0.0,0.0
2021-03-30,233.52999877929688,233.85000610351562,231.10000610351562,231.85000610351562,24792000,0.0,0.0
2021-03-31,232.91000366210938,239.10000610351562,232.38999938964844,235.77000427246094,43623500,0.0,0.0
2021-04-01,238.47000122070312,242.83999633789062,238.0500030517578,242.35000610351562,30312000,0.0,0.0
2021-04-05,242.75999450683594,249.9600067138672,242.6999969482422,249.07000732421875,36910600,0.0,0.0
2021-04-06,247.61000061035156,249.39999389648438,246.8800048828125,247.86000061035156,22931900,0.0,0.0
2021-04-07,247.80999755859375,250.92999267578125,247.19000244140625,249.89999389648438,22719800,0.0,0.0
2021-04-08,252.77000427246094,254.13999938964844,252.0,253.25,23625200,0.0,0.0
2021-04-09,252.8699951171875,255.99000549316406,252.44000244140625,255.85000610351562,24315700,0.0,0.0
